0.003292,0.1999,0.1275,-0.1484,0.280
0.005134,0.2118,0.1102,-0.1375,0.276
0.010351,0.1528,0.1021,-0.0896,0.204
0.015473,0.0806,0.0603,-0.1048,0.145
0.020072,-0.1472,-0.0146,-0.1451,0.207
0.025135,-0.0779,0.0201,-0.3194,0.329
0.030383,0.0959,0.0158,-0.3125,0.327
0.035386,0.2542,0.0059,-0.1110,0.277
0.040141,0.3259,0.0334,0.0224,0.328
0.045207,0.3401,0.0313,0.1029,0.357
0.050433,0.3397,0.0190,0.1787,0.384
0.055440,0.2537,0.0491,0.1930,0.322
0.060929,0.1965,0.0975,0.2179,0.309
0.065241,0.1962,0.1779,0.3635,0.450
0.070156,0.2903,0.2090,0.4388,0.566
0.074840,0.3547,0.3006,0.4158,0.624
0.079775,0.2004,0.3626,-0.0690,0.420
0.084917,-0.0083,0.4476,-0.1818,0.483
0.090342,-0.8791,0.6917,-0.4652,1.211
0.094937,-2.3580,0.9198,-1.6672,3.031
0.099743,-0.0780,0.4539,-0.1551,0.486
0.104773,1.3441,0.3083,0.6883,1.541
0.110318,1.2443,0.3023,0.7988,1.509
0.115202,0.3842,0.4149,0.6166,0.837
0.120399,-0.4706,0.6275,0.4302,0.895
0.124667,-0.8164,0.2407,0.3868,0.935
0.129810,-0.9652,-0.0335,0.3884,1.041
0.134719,-0.7424,0.0026,0.4430,0.865
0.140056,-0.1454,-0.7000,0.2362,0.753
0.144762,-0.5091,-0.1810,0.1232,0.554
0.149741,-0.7899,-0.0882,0.1270,0.805
0.154549,-0.4747,-0.9171,-0.1402,1.042
0.159924,-0.2931,-0.3949,-0.4044,0.637
0.164770,-0.5436,-0.2432,-0.4135,0.725
0.169824,-1.3662,-0.6567,-0.9711,1.800
0.174653,-1.1775,-1.0624,-0.8436,1.796
0.180093,-0.5604,-1.4110,0.0021,1.518
0.185091,-0.4754,-1.4420,0.5052,1.600
0.189895,-0.8863,-0.7770,0.5715,1.310
0.194473,-1.4438,0.6184,0.4157,1.625
0.199473,-2.1312,2.6012,0.5647,3.410
0.204653,-1.6805,3.9269,0.2059,4.276
0.209989,-0.1871,2.5307,-1.2403,2.825
0.215535,1.2641,0.5933,-2.5046,2.868
0.219497,1.8714,-0.4041,-2.5614,3.198
0.224416,2.1384,-1.1295,-1.7281,2.972
0.230007,1.8143,-1.3658,-1.0967,2.522
0.234492,1.0158,-1.1235,-1.1443,1.898
0.240168,0.5557,-0.9322,-1.3726,1.750
0.244524,0.2057,-0.8715,-1.8148,2.024
0.249553,0.0473,-0.9501,-2.0470,2.257
0.254891,-0.0079,-1.3397,-1.6076,2.093
0.259805,-0.3863,-1.5472,-1.3030,2.059
0.264911,-1.4028,-1.5440,-1.3697,2.496
0.269413,-0.6841,-1.0102,-0.0207,1.220
0.274217,0.9424,-0.5826,1.2477,1.669
0.279080,0.2885,-0.3590,0.6991,0.837
0.284153,-0.1737,-0.4747,-0.0542,0.508
0.289723,-0.0865,-0.5091,0.3005,0.597
0.294190,-0.0259,-0.1911,0.8933,0.914
0.299027,0.1137,0.2822,0.9633,1.010
0.303937,-0.5158,0.7149,0.6517,1.096
0.309577,-1.0345,1.1071,0.8357,1.730
0.314504,-1.1651,0.7667,0.6958,1.559
0.319186,-0.6737,0.2875,0.5083,0.892
0.324130,-0.0170,-0.1498,0.7957,0.810
0.329161,0.2743,-0.5404,0.8215,1.021
0.335887,0.3358,-0.7028,0.6237,0.998
0.339576,-0.8739,-0.3909,0.6761,1.172
0.344191,-0.2752,-0.5102,0.6006,0.835
0.349135,1.3013,-0.8661,0.6589,1.696
0.353785,1.1119,-0.5486,0.4529,1.320
0.358896,0.8532,0.0734,0.1969,0.879
0.364631,0.4922,0.3838,-0.0091,0.624
0.369219,0.3779,0.4027,-0.0270,0.553
0.373638,0.4039,0.3552,0.1435,0.557
0.378665,0.4546,0.3227,0.2211,0.600
0.383703,0.4052,0.2433,0.3263,0.574
0.389387,0.3085,0.1315,0.4307,0.546
0.393639,0.3461,-0.0799,0.6059,0.702
0.398591,0.3838,-0.3435,0.8331,0.979
0.403598,0.2165,-0.5067,0.9401,1.090
0.409657,0.0741,-0.6371,1.0328,1.216
0.414563,-0.0201,-0.8111,1.0927,1.361
0.418964,-0.1526,-0.9953,1.2207,1.582
0.423422,-0.2087,-1.1945,1.3596,1.822
0.428595,-0.2599,-1.2466,1.4371,1.920
0.433938,-0.3344,-1.1614,1.4241,1.868
0.438581,-0.4854,-1.2498,1.4603,1.982
0.443668,-0.5651,-1.4060,1.4652,2.108
0.448587,-0.5642,-1.6349,1.4389,2.250
0.453823,-0.7249,-1.7455,1.2505,2.266
0.458751,-0.4822,-1.6913,0.9425,1.995
0.465924,-0.4625,-1.4830,0.7440,1.722
0.468959,-0.7081,-1.3883,0.7696,1.738
0.473248,-0.7607,-1.4498,0.8479,1.844
0.478460,-0.6118,-1.5765,0.8651,1.900
0.483099,-0.5437,-1.7255,0.7451,1.957
0.488631,-0.5898,-1.8149,0.5647,1.990
0.493719,-0.5875,-1.8546,0.4247,1.991
0.498203,-0.6891,-1.7307,0.4533,1.917
0.503343,-0.6983,-1.6208,0.5259,1.841
0.508540,-0.5542,-1.4438,0.5391,1.638
0.513159,-0.6115,-1.1469,0.5317,1.404
0.518322,-0.6685,-0.8826,0.4459,1.194
0.523166,-0.6909,-0.7797,0.3569,1.101
0.528274,-0.6962,-0.7706,0.2149,1.061
0.533586,-0.6372,-0.8160,0.1398,1.045
0.538022,-0.4121,-0.8578,0.1540,0.964
0.543450,-0.0134,-0.7482,0.2645,0.794
0.548434,0.0621,-0.5451,0.2840,0.618
0.553056,0.0835,-0.1285,0.0299,0.156
0.558247,0.2289,0.5641,-0.5181,0.799
0.563054,0.4649,1.6481,-1.1078,2.039
0.568360,0.7226,3.0865,-1.3422,3.442
0.573039,0.7882,4.4128,-0.9097,4.574
0.578046,0.5197,5.7251,0.1291,5.750
0.583202,0.3098,5.9866,1.1991,6.113
0.587998,0.0481,4.8350,1.5986,5.093
0.593223,-0.3451,3.4283,0.9987,3.587
0.597614,-0.5547,2.6878,-0.0391,2.745
0.602823,-0.4358,2.4147,-0.9706,2.639
0.607880,-0.1103,2.1387,-1.3448,2.529
0.612762,0.3262,2.0032,-1.3296,2.426
0.617930,0.7524,1.9265,-1.3157,2.451
0.622797,0.9641,1.7942,-1.5919,2.585
0.627983,0.9850,1.4310,-1.6077,2.367
0.632778,0.9467,1.5451,-1.2465,2.199
0.637949,1.1259,1.5420,-1.1721,2.240
0.642803,1.0644,1.2969,-1.3792,2.172
0.648342,1.2280,0.7986,-0.9882,1.767
0.653278,0.9857,0.2717,-0.8175,1.309
0.657438,0.5185,-0.0058,-0.7886,0.944
0.662566,0.7818,-0.2741,0.2910,0.878
0.667611,1.1957,0.4753,1.1767,1.744
0.672510,1.8598,1.4523,0.4495,2.402
0.677518,2.3447,1.7476,-0.4818,2.964
0.682880,4.6487,1.0550,0.0714,4.767
0.687751,8.1145,-0.5888,2.7900,8.601
0.692902,8.3508,0.1978,2.4289,8.699
0.698603,9.1369,0.7964,2.1738,9.426
0.702941,10.1644,0.7545,1.2561,10.269
0.707646,10.3495,0.5907,0.1288,10.367
0.712972,13.2335,0.6710,-1.9468,13.393
0.717732,15.1652,0.4794,-3.4638,15.563
0.722770,14.8721,0.0302,-3.6895,15.323
0.727656,14.6145,-0.5058,-3.6866,15.081
0.732556,14.3734,-1.0166,-3.6988,14.877
0.737216,13.9436,-1.4337,-3.8734,14.542
0.742347,13.1822,-1.6798,-4.0214,13.884
0.747436,12.6497,-1.9651,-4.3793,13.530
0.752262,12.3792,-2.3893,-4.8228,13.499
0.757044,11.7480,-2.6836,-5.0627,13.071
0.762158,10.6073,-3.2296,-5.1055,12.207
0.767476,9.3247,-4.3642,-5.3883,11.620
0.771994,7.8567,-5.5778,-5.7988,11.246
0.777067,6.1933,-6.4290,-6.1823,10.859
0.782372,4.2377,-6.8688,-6.3316,10.258
0.787279,1.9872,-7.1441,-6.1917,9.660
0.792931,-0.4422,-7.3628,-5.8416,9.409
0.796822,-3.0347,-7.5564,-5.3038,9.718
0.801951,-5.5919,-7.6617,-4.7015,10.587
0.807054,-8.4327,-7.3817,-3.9851,11.895
0.811876,-11.5431,-6.9178,-3.0315,13.794
0.816757,-14.3849,-6.5674,-1.9028,15.927
0.822014,-16.9744,-6.6038,-1.1360,18.249
0.826904,-19.7102,-6.8507,-0.4841,20.872
0.832203,-22.2392,-6.6976,0.2894,23.228
0.836719,-24.2892,-6.0382,1.0905,25.052
0.842915,-25.7531,-5.1249,1.5664,26.305
0.848991,-26.9740,-5.3271,1.7856,27.553
0.851908,-27.2824,-5.7825,1.4124,27.924
0.856624,-27.0457,-6.2407,0.6545,27.764
0.861697,-26.6845,-6.9582,0.0166,27.577
0.866944,-26.9785,-8.7799,0.4187,28.374
0.871989,-26.9013,-10.2407,1.1834,28.809
0.876582,-24.9536,-9.5688,1.2475,26.754
0.881622,-21.7893,-8.2084,0.9339,23.303
0.886796,-18.8179,-7.9693,1.0513,20.463
0.892473,-15.8189,-8.5007,1.1495,17.995
0.899517,-12.6263,-8.9824,1.0643,15.532
0.901948,-9.1702,-9.0836,0.9083,12.939
0.906668,-5.5577,-8.7470,0.4832,10.375
0.911510,-1.7230,-8.0975,0.0013,8.279
0.916719,2.3563,-7.2120,-0.2782,7.592
0.921666,6.7278,-6.0103,-0.4414,9.032
0.926778,11.1633,-4.5329,-0.5809,12.063
0.931384,15.7836,-2.6638,-0.4919,16.014
0.936480,20.6406,-0.8466,-0.0211,20.658
0.941523,25.7297,0.4177,0.8020,25.746
0.951240,30.5987,1.4406,2.0250,30.699
0.951820,34.3210,2.5284,3.8600,34.630
0.956227,36.8104,3.3236,6.3644,37.504
0.961655,38.0168,3.4930,9.5427,39.351
0.966464,37.4275,2.8316,13.3244,39.829
0.973241,35.3015,1.8703,16.9737,39.215
0.976188,32.1538,1.4075,19.7508,37.762
0.981136,28.7752,0.8354,21.5369,35.952
0.986538,25.7452,-0.3173,22.0773,33.916
0.991806,23.0557,-1.9354,21.2431,31.410
0.996235,20.3527,-3.6085,18.9780,28.061
1.001225,17.5139,-5.1293,15.5857,23.999
1.006517,14.2951,-6.1587,11.8153,19.542
1.011354,10.4867,-6.7403,8.0683,14.849
1.016084,6.3058,-7.1468,4.4956,10.538
1.021588,1.8977,-7.5124,1.1084,7.827
1.026186,-2.7337,-7.9479,-2.0777,8.658
1.030993,-7.6353,-8.1393,-4.8312,12.161
1.036025,-13.0474,-7.7840,-7.3278,16.868
1.040996,-18.5330,-7.3414,-9.7620,22.196
1.046879,-23.4776,-7.1335,-12.1793,27.394
1.051214,-26.8961,-6.8290,-14.5255,31.321
1.059672,-28.4894,-6.3096,-16.5823,33.562
1.061361,-29.5508,-5.1867,-17.8709,34.922
1.066276,-30.7203,-3.7942,-18.0480,35.831
1.072051,-30.7131,-3.8429,-17.3473,35.482
1.075831,-30.0732,-4.9597,-16.5365,34.676
1.081711,-29.7973,-5.5048,-15.5832,34.074
1.086294,-29.7512,-5.7634,-14.5737,33.627
1.091157,-29.5264,-6.3259,-13.5322,33.090
1.096685,-28.7532,-7.1256,-12.5166,32.159
1.100799,-27.4434,-7.9854,-11.5143,30.814
1.106612,-25.5702,-9.0104,-10.6903,29.143
1.110882,-22.9098,-10.0233,-9.9755,26.923
1.116251,-19.5008,-10.7283,-9.2536,24.104
1.122798,-15.7733,-11.1416,-8.6142,21.146
1.126056,-12.0031,-11.0742,-8.0518,18.208
1.130674,-8.2996,-10.8394,-7.4948,15.574
1.135507,-4.6010,-10.5012,-7.0305,13.449
1.141306,-1.0229,-10.1184,-6.5889,12.118
1.146564,2.6244,-9.5493,-5.9565,11.557
1.150673,6.4020,-8.6771,-5.1797,11.963
1.155480,10.2655,-7.6629,-4.2717,13.504
1.160712,13.9088,-6.3769,-3.2417,15.641
1.165663,17.2114,-5.0571,-2.0278,18.053
1.171319,20.4543,-3.8022,-0.5343,20.812
1.175374,23.0789,-2.7817,1.4126,23.289
1.181948,24.9266,-1.8578,3.9189,25.301
1.186370,26.1677,-0.6343,6.9151,27.073
1.192726,26.8759,1.1315,10.1756,28.760
1.195213,27.5643,3.2281,13.2932,30.772
1.200933,28.3516,5.1779,16.4992,33.209
1.205323,30.7487,5.3430,19.4029,36.749
1.210400,34.0296,3.1752,22.1049,40.703
1.215519,35.3232,0.6637,23.6274,42.502
1.221003,33.6708,-1.1814,24.6962,41.773
1.225435,31.0617,-2.3949,25.1958,40.067
1.230225,27.9719,-2.7500,24.1849,37.080
1.235106,24.8912,-3.6991,21.6158,33.174
1.240694,22.1075,-5.2679,17.7686,28.848
1.249250,19.0479,-6.6369,13.3982,24.215
1.250068,15.5522,-7.4072,9.1923,19.525
1.255299,11.7145,-7.6243,5.2944,14.946
1.260830,7.4708,-7.4490,1.8553,10.712
1.265326,3.3886,-7.3734,-1.1629,8.198
1.270154,-0.3135,-7.5890,-4.1687,8.664
1.275033,-3.9194,-7.7443,-6.8105,11.033
1.280035,-7.7952,-7.7918,-9.0944,14.289
1.285192,-12.2572,-7.3796,-11.1104,18.115
1.289983,-16.5653,-6.5790,-12.3144,21.664
1.294762,-19.2274,-7.0220,-13.8373,24.708
1.300076,-21.7358,-6.7382,-15.5409,27.557
1.305946,-24.3759,-5.4298,-16.8452,30.124
1.310568,-26.3087,-3.6414,-17.5232,31.819
1.315087,-27.2404,-2.6730,-17.5123,32.494
1.321074,-27.3269,-3.0993,-17.0499,32.358
1.325050,-27.4761,-3.8958,-16.3824,32.226
1.329803,-27.2290,-4.3072,-15.5608,31.656
1.334853,-26.7989,-4.5608,-14.4096,30.767
1.339776,-26.1113,-4.9933,-13.0149,29.599
1.345117,-25.1298,-5.7496,-11.6109,28.273
1.349960,-24.1265,-6.4517,-10.0968,26.938
1.354646,-23.0575,-7.1909,-8.4584,25.591
1.359846,-21.7442,-7.9005,-6.9162,24.147
1.365105,-20.2562,-8.5909,-5.4947,22.678
1.370172,-18.6437,-9.1002,-4.1949,21.166
1.374695,-16.7709,-9.4150,-2.9700,19.461
1.381117,-14.4446,-9.7472,-1.9025,17.529
1.384853,-11.6369,-9.9887,-1.1576,15.380
1.389902,-8.4387,-9.8549,-0.9319,13.008
1.394380,-5.0652,-9.6734,-1.0933,10.974
1.399631,-1.6710,-9.4170,-1.2332,9.643
1.404754,2.1866,-8.9868,-1.1149,9.316
1.409854,6.4046,-8.4334,-0.7560,10.617
1.414728,10.8669,-7.7026,-0.2912,13.323
1.419764,15.3158,-6.4645,0.1516,16.625
1.424969,19.1954,-4.9580,0.9997,19.851
1.429394,22.6420,-3.3632,2.1987,22.996
1.434747,26.1122,-2.0418,3.6428,26.444
1.439901,28.8741,-0.8000,5.4792,29.400
1.444774,30.9365,0.3521,7.5847,31.855
1.449299,32.8854,1.0491,9.7563,34.318
1.454488,34.2228,1.1180,12.1001,36.316
1.459443,33.9704,0.8321,14.4226,36.915
1.464291,32.0075,0.8842,16.6072,36.070
1.469438,29.4550,1.3754,17.9068,34.498
1.474526,26.9539,1.7266,18.1963,32.567
1.479211,24.7492,1.4455,17.1899,30.168
1.484437,23.0152,0.4241,14.9568,27.452
1.489598,21.3002,-0.9514,12.1138,24.522
1.494222,19.1727,-2.0684,9.1162,21.330
1.499131,16.6608,-3.0891,6.3266,18.087
1.504061,14.0848,-4.0987,3.8092,15.156
1.509005,11.4020,-5.0007,1.7419,12.572
1.514073,8.6752,-5.6707,-0.0203,10.364
1.519090,5.7951,-6.0510,-1.5894,8.528
1.524184,2.8046,-6.0167,-3.1177,7.334
1.529083,-0.1441,-5.7113,-4.8305,7.482
1.534169,-2.9672,-5.3696,-6.6799,9.070
1.539124,-5.4009,-5.3130,-8.4978,11.385
1.544416,-7.4733,-5.4428,-10.0243,13.637
1.548989,-9.1884,-5.5092,-11.3284,15.592
1.553729,-10.6259,-5.4934,-12.5249,17.319
1.559030,-11.7595,-5.2242,-13.3095,18.513
1.564063,-12.7966,-4.5320,-13.3267,19.023
1.568798,-13.0293,-4.4532,-12.9601,18.909
1.574268,-13.0464,-4.4678,-12.5924,18.675
1.581409,-13.1639,-4.2621,-11.8448,18.214
1.584184,-13.4685,-3.8617,-10.8842,17.742
1.589745,-13.8754,-3.4502,-9.8443,17.359
1.593638,-14.1518,-3.2248,-8.7152,16.930
1.598968,-14.1558,-3.2777,-7.6652,16.428
1.603654,-13.9283,-3.3703,-6.6954,15.817
1.608889,-13.5236,-3.4847,-5.8083,15.125
1.613559,-12.9241,-3.4593,-4.9781,14.275
1.618601,-12.1786,-3.1759,-4.1172,13.242
1.623876,-11.2533,-2.7031,-3.4112,12.066
1.628731,-10.2902,-2.1956,-2.9071,10.916
1.633801,-9.3450,-1.8551,-2.5757,9.869
1.638616,-8.3821,-1.8204,-2.5374,8.945
1.643673,-7.6772,-1.4980,-2.4341,8.192
1.648539,-7.0708,-1.1607,-2.2289,7.504
1.653410,-6.3554,-1.1142,-2.1533,6.802
1.658747,-5.6441,-1.1328,-2.1371,6.141
1.664148,-5.0114,-1.1587,-2.1291,5.567
1.668250,-4.4991,-1.2200,-2.0732,5.102
1.673369,-4.0433,-1.3402,-2.0378,4.722
1.678424,-3.5178,-1.4182,-1.9862,4.281
1.683494,-3.0405,-1.4251,-1.8435,3.831
1.688368,-2.6813,-1.3750,-1.7163,3.468
1.693212,-2.3331,-1.3396,-1.6008,3.131
1.698431,-1.9809,-1.2996,-1.3824,2.743
1.703479,-1.5819,-1.2169,-1.0369,2.249
1.708410,-1.2186,-0.9437,-0.5003,1.620
1.713229,-0.8351,-0.6243,0.1193,1.049
1.718288,-0.3179,-0.2930,0.6755,0.802
1.723493,0.2980,0.0395,1.2809,1.316
1.729626,0.9741,0.1947,1.8852,2.131
1.733215,1.3519,0.0567,2.2235,2.603
1.738412,1.4965,-0.1504,2.2449,2.702
1.743282,1.8377,-0.3987,3.2316,3.739
1.748305,2.0667,-0.6979,4.0483,4.599
1.752982,2.4359,-0.8477,4.3661,5.071
1.758023,2.8286,-0.7292,4.2940,5.193
1.763124,3.1764,-0.4920,4.2615,5.338
1.767807,3.4306,-0.2802,3.8736,5.182
1.772777,3.4324,-0.1270,3.2858,4.753
1.777835,3.1639,-0.1029,2.6397,4.122
1.782892,2.7766,-0.0436,2.1648,3.521
1.787688,1.7028,0.4449,2.0714,2.718
1.793132,1.2007,0.6552,2.0283,2.446
1.797842,1.2776,0.3119,0.8885,1.587
1.803063,1.0486,0.1337,0.7513,1.297
1.807711,1.0077,-0.1001,0.6662,1.212
1.812714,1.1872,-0.3325,0.3280,1.276
1.817884,1.3907,-0.5686,0.0531,1.503
1.823015,1.4031,-0.5314,-0.2590,1.523
1.829910,1.3549,-0.4026,-0.6663,1.563
1.832816,1.1139,-0.3304,-1.0504,1.566
1.837639,0.7382,-0.2856,-1.2539,1.483
1.843069,0.5318,-0.1773,-1.0652,1.204
1.847865,0.4107,-0.1211,-0.6887,0.811
1.852942,0.2001,-0.1080,-0.2857,0.365
1.857700,0.0032,-0.2484,0.0495,0.253
1.862839,-0.0084,-0.4852,0.3224,0.583
1.867788,0.2240,-0.6131,0.6902,0.950
1.872691,0.5807,-0.5850,0.9688,1.272
1.877916,0.8734,-0.4248,0.4319,1.063
1.882658,0.9238,-0.2623,0.5646,1.114
1.887396,0.8112,-0.1603,0.6787,1.070
1.892640,0.7875,-0.1710,0.7652,1.111
1.897443,0.7355,-0.2124,0.9397,1.212
1.903320,0.5350,-0.1644,1.0106,1.155
1.907402,0.2629,-0.0124,0.8487,0.889
1.912351,-0.0504,0.1625,0.5393,0.565
1.917507,-0.3941,0.3467,0.2587,0.585
1.922879,-0.7301,0.3877,0.0546,0.828
1.927883,-1.0839,0.3872,-0.1786,1.165
1.932242,-1.4575,0.4131,-0.3492,1.555
1.937155,-1.6227,0.3073,-0.4426,1.710
1.942526,-1.5423,0.1418,-0.5923,1.658
1.947641,-1.3130,0.0121,-0.7358,1.505
1.952777,-1.0213,-0.0485,-0.8012,1.299
1.957281,-0.7187,-0.0742,-0.8797,1.138
1.962379,-0.4498,-0.0604,-0.9868,1.086
1.967139,-0.2210,0.0644,-1.0804,1.105
1.972557,0.1027,0.1565,-0.9742,0.992
1.977615,0.3532,0.1584,-0.8548,0.938
1.982605,0.4252,0.0509,-0.8415,0.944
1.987190,0.4901,-0.1177,-0.8191,0.962
1.992746,0.5174,-0.3183,-0.7440,0.960
1.997058,0.5344,-0.4742,-0.6252,0.949
2.002851,0.4480,-0.5043,-0.5196,0.852
2.007023,0.3423,-0.5044,-0.4361,0.750
2.011829,0.2018,-0.5416,-0.3073,0.655
2.017162,0.0740,-0.5442,-0.1571,0.571
2.022561,-0.0683,-0.5361,-0.0721,0.545
2.027693,-0.1575,-0.4984,0.0480,0.525
2.032214,-0.1930,-0.5171,0.2364,0.600
2.036791,-0.1476,-0.5692,0.2533,0.640
2.042268,0.0226,-0.6643,0.2468,0.709
2.047254,-0.0108,-0.6440,0.7775,1.010
2.052529,0.0015,-0.5858,1.1988,1.334
2.056891,0.0265,-0.4238,1.6307,1.685
2.061987,0.1089,-0.2641,1.7141,1.738
2.066741,0.1160,-0.1454,1.8367,1.846
2.071694,0.0436,-0.1584,1.8977,1.905
2.077504,-0.0514,-0.2026,1.9883,1.999
2.082217,-0.0554,-0.2732,2.0897,2.108
2.086631,-0.0830,-0.3127,2.0245,2.050
2.092084,-0.1097,-0.2589,1.7212,1.744
2.096668,0.0169,-0.5419,1.5293,1.623
2.102997,0.1186,-0.7927,1.4200,1.631
2.106768,0.2004,-0.9207,1.3216,1.623
2.111421,0.2603,-0.9226,1.1425,1.491
2.116418,0.2654,-0.8660,1.0167,1.362
2.121991,0.1821,-0.7364,0.9442,1.211
2.127287,0.1816,-0.6724,0.8772,1.120
2.131583,0.2554,-0.7057,0.2518,0.792
2.136441,0.2627,-0.5244,0.0880,0.593
2.141897,0.1950,-0.3219,0.6197,0.725
2.146358,0.1142,-0.2767,0.9947,1.039
2.151306,0.1197,-0.2791,1.1848,1.223
2.156541,0.1334,-0.3581,1.3726,1.425
2.162460,0.1642,-0.3946,1.7784,1.829
2.166375,0.1973,-0.3461,2.1917,2.228
2.171263,0.2383,-0.3612,2.3491,2.389
2.176221,0.4567,-0.4535,2.1260,2.221
2.181466,0.6882,-0.4737,1.7372,1.928
2.186964,0.7970,-0.5080,1.4690,1.747
2.191752,0.8527,-0.5080,1.2632,1.607
2.196101,0.8661,-0.5264,1.1814,1.557
2.201237,0.8331,-0.5389,1.1466,1.516
2.206240,0.7440,-0.5925,1.0581,1.423
2.210990,0.6057,-0.6853,0.8002,1.215
2.216020,0.5191,-0.7346,0.6359,1.102
2.222196,1.2712,-0.7926,0.6708,1.641
2.235808,1.3808,-0.7491,0.8811,1.801
2.236284,1.2497,-0.5944,0.9990,1.707
2.239696,1.2605,-0.3675,1.0871,1.705
2.240836,1.1972,-0.1887,1.2319,1.728
2.246100,0.9680,-0.0592,1.3812,1.688
2.250745,0.5628,0.0828,1.4924,1.597
2.256000,0.1004,0.1075,1.5707,1.578
2.261016,0.0722,0.0434,1.5259,1.528
2.265874,0.0495,-0.0278,1.4209,1.422
2.270799,-0.0228,-0.0529,1.3041,1.305
2.275743,-0.0316,-0.0452,1.2236,1.225
2.281707,-0.0585,0.0438,1.1314,1.134
2.285577,-0.0931,0.0954,0.9887,0.998
2.290916,-0.0195,0.0380,0.7715,0.773
2.295649,0.0401,0.0104,0.5365,0.538
2.300670,0.1358,-0.0978,0.3551,0.393
2.305741,0.2173,-0.1428,0.1835,0.318
2.310481,0.2962,-0.1539,0.0258,0.335
2.315548,0.3693,-0.1547,-0.1375,0.423
2.320617,0.3991,-0.1309,-0.2782,0.504
2.325359,0.3908,-0.0149,-0.3582,0.530
2.330544,0.3336,0.1074,-0.2721,0.444
2.335452,0.2455,0.2412,-0.0966,0.357
2.341522,0.2166,0.3576,-0.0324,0.419
2.345414,0.2223,0.3757,-0.0697,0.442
2.350901,0.2247,0.3289,-0.1224,0.417
2.355509,0.2383,0.2742,-0.1807,0.406
2.360707,0.2435,0.1871,-0.1488,0.341
2.365481,0.2055,0.1006,-0.0068,0.229
2.370465,0.1759,0.0620,0.0252,0.188
2.375392,0.1254,0.0614,0.0867,0.164
2.380617,0.0391,0.0941,0.1344,0.169
2.385226,-0.0543,0.1311,0.1974,0.243
2.390293,-0.1308,0.1004,0.2181,0.273
2.395205,-0.1523,0.0739,0.1824,0.249
2.401855,-0.1754,0.0659,0.0519,0.194
2.415476,-0.1705,0.0815,-0.1594,0.247
2.415982,-0.1462,0.0683,-0.2939,0.335
2.420800,-0.0776,0.0746,-0.3664,0.382
2.421175,0.0070,0.1245,-0.3438,0.366
2.425073,0.0935,0.1365,-0.3363,0.375
2.430255,0.1727,0.1439,-0.3871,0.448
2.435158,0.2066,0.0703,-0.4003,0.456
2.440284,0.1949,0.0691,-0.3379,0.396
2.444973,0.1465,0.0254,-0.3336,0.365
2.449915,0.0658,0.0162,-0.3060,0.313
2.455177,-0.0475,-0.0159,-0.2025,0.209
2.461050,-0.1264,-0.0374,-0.2433,0.277
2.464965,-0.2425,-0.0673,-0.3516,0.432
2.469908,-0.3291,-0.0240,-0.4509,0.559
2.475174,-0.3774,0.0305,-0.4453,0.585
2.480126,-0.3835,0.0484,-0.4544,0.597
2.484839,-0.3714,0.0439,-0.4447,0.581
2.489895,-0.3745,0.0504,-0.4352,0.576
2.494771,-0.3592,0.0821,-0.4259,0.563
2.499978,-0.3395,0.0811,-0.4074,0.536
2.504931,-0.3103,0.0331,-0.4130,0.518
2.510039,-0.1951,0.0623,-0.3183,0.378
2.514875,-0.1426,0.0630,-0.1903,0.246
2.521485,-0.0235,0.0254,-0.0480,0.059
2.524998,0.1438,0.0254,0.0081,0.146
2.529960,0.2307,-0.0377,0.0258,0.235
2.534895,0.3001,-0.0204,0.0673,0.308
2.539942,0.2987,-0.0760,0.1376,0.338
2.544692,0.2739,-0.0895,0.0596,0.294
2.549611,0.2305,-0.0940,-0.1138,0.274
2.554951,0.1206,-0.0937,-0.3111,0.347
2.560285,0.0112,-0.0020,-0.4653,0.465
2.565078,-0.1453,0.1335,-0.6484,0.678
2.569601,-0.2513,0.1860,-0.7119,0.777
2.574727,-0.3498,0.3585,-0.5734,0.761
2.580275,-0.6017,0.6428,-0.3239,0.938
2.584626,-0.7568,0.7128,-0.1124,1.046
2.589514,-0.6963,0.4228,0.0414,0.816
2.594466,-0.5762,0.0222,0.0412,0.578
2.599701,-0.4902,-0.3416,0.1502,0.616
2.604537,-0.4090,-0.5458,0.4882,0.839
2.609541,-0.4964,-0.5297,0.9456,1.192
2.614485,-0.5374,-0.3562,1.2644,1.419
2.619662,-0.4409,-0.2172,1.3775,1.463
2.624397,-0.2683,-0.2277,1.3619,1.407
2.629395,-0.0191,-0.2966,1.2843,1.318
2.634499,0.2401,-0.3228,1.2020,1.268
2.640057,0.3804,-0.2771,1.1290,1.223
2.644268,0.4786,-0.1788,1.1516,1.260
2.649166,0.5499,-0.1194,1.2694,1.389
2.654320,0.6184,-0.1195,1.3776,1.515
2.659529,0.6266,-0.0613,1.5202,1.645
2.664328,0.5115,-0.1567,1.6450,1.730
2.669105,0.3448,-0.2187,1.5847,1.636
2.674238,0.1786,-0.2604,1.4159,1.451
