0.002612,0.2796,0.4257,-1.2108,1.314
0.003177,0.3532,0.4401,-1.0003,1.148
0.008192,0.4319,0.2787,-0.8269,0.974
0.016303,0.5975,0.0994,-0.6613,0.897
0.016606,0.6211,0.0356,-0.4980,0.797
0.021280,0.6458,0.0581,-0.2928,0.711
0.026380,0.5479,0.0900,-0.0267,0.556
0.031202,0.4177,0.0739,0.1386,0.446
0.036559,0.3267,0.0529,0.2182,0.396
0.041173,0.2744,0.0269,0.2458,0.369
0.046184,0.1889,0.0057,0.2026,0.277
0.051208,0.0936,-0.0156,0.1795,0.203
0.056273,0.0177,-0.0084,0.2001,0.201
0.061159,-0.0153,-0.0203,0.1784,0.180
0.066290,-0.0345,-0.0039,0.2103,0.213
0.071194,-0.0735,-0.0402,0.2671,0.280
0.076130,-0.1226,-0.0720,0.2915,0.324
0.080982,-0.1535,-0.0753,0.3174,0.361
0.085978,-0.2281,-0.0933,0.3207,0.404
0.091215,-0.2606,-0.0877,0.3252,0.426
0.096036,-0.2847,-0.0966,0.2592,0.397
0.101129,-0.3433,-0.1343,0.2040,0.421
0.106128,-0.3694,-0.1435,0.1882,0.439
0.111143,-0.3633,-0.1003,0.1159,0.394
0.116307,-0.3869,-0.1051,0.0682,0.407
0.120974,-0.3875,-0.0955,0.0303,0.400
0.125990,-0.3796,-0.1097,-0.0168,0.395
0.130712,-0.3629,-0.0952,-0.0592,0.380
0.135895,-0.3420,-0.1189,-0.1207,0.382
0.141377,-0.3121,-0.0707,-0.1299,0.345
0.150071,-0.2968,-0.1037,-0.1442,0.346
0.151065,-0.2865,-0.0935,-0.1062,0.320
0.155750,-0.2572,-0.1072,-0.0637,0.286
0.160711,-0.2088,-0.0921,-0.0266,0.230
0.165695,-0.2132,-0.1200,0.0201,0.245
0.170685,-0.1888,-0.0810,0.0856,0.223
0.175844,-0.1980,-0.0852,0.1225,0.248
0.180648,-0.1689,-0.0561,0.1788,0.252
0.185663,-0.1828,-0.0463,0.2497,0.313
0.190869,-0.1966,-0.0700,0.2157,0.300
0.195742,-0.1960,-0.0938,0.2107,0.303
0.200565,-0.2289,-0.0508,0.1774,0.294
0.205564,-0.2474,-0.0413,0.1443,0.289
0.210529,-0.2467,-0.0558,0.1017,0.273
0.215576,-0.2747,-0.0224,0.0832,0.288
0.220959,-0.3026,-0.0226,0.0408,0.306
0.225839,-0.3209,-0.0275,0.0221,0.323
0.230337,-0.3200,-0.0323,0.0321,0.323
0.235439,-0.3144,0.0107,0.0514,0.319
0.240465,-0.3039,0.0106,0.0564,0.309
0.245425,-0.2789,-0.0087,0.0613,0.286
0.250469,-0.2682,0.0103,0.0710,0.278
0.255399,-0.2811,-0.0089,0.0950,0.297
0.260263,-0.2651,-0.0377,0.0998,0.286
0.267613,-0.2634,-0.0425,0.1141,0.290
0.270336,-0.2710,-0.0472,0.1187,0.300
0.275415,-0.2736,-0.0328,0.0895,0.290
0.280230,-0.2714,-0.0947,0.1079,0.307
0.285148,-0.2308,-0.1133,0.1067,0.278
0.290303,-0.2378,-0.1271,0.1389,0.303
0.295618,-0.2256,-0.1551,0.1566,0.315
0.300279,-0.2183,-0.1497,0.2029,0.333
0.305271,-0.2638,-0.1395,0.2636,0.398
0.310143,-0.2520,-0.1867,0.2910,0.428
0.315168,-0.1976,-0.1719,0.3618,0.447
0.320596,-0.1675,-0.1668,0.4425,0.502
0.325202,-0.1617,-0.1572,0.4376,0.492
0.329913,-0.1897,-0.1430,0.4383,0.499
0.335125,-0.1609,-0.1434,0.4731,0.520
0.339999,-0.1567,-0.1295,0.4272,0.473
0.345694,-0.1579,-0.1876,0.3535,0.430
0.350041,-0.1310,-0.1691,0.3281,0.392
0.355050,-0.1192,-0.1507,0.3175,0.371
0.359975,-0.1464,-0.1851,0.3217,0.399
0.366460,-0.1938,-0.2004,0.3553,0.452
0.370102,-0.2040,-0.2110,0.3754,0.477
0.375086,-0.2108,-0.2456,0.4153,0.527
0.379877,-0.1807,-0.2279,0.4703,0.553
0.385064,-0.1858,-0.2391,0.5313,0.611
0.390040,-0.2310,-0.2218,0.5743,0.658
0.395481,-0.2352,-0.2193,0.6523,0.727
0.400000,-0.2417,-0.2363,0.7701,0.841
0.404866,-0.2408,-0.2106,0.8944,0.950
0.409795,-0.2752,-0.1712,0.9345,0.989
0.415080,-0.3268,-0.1564,1.0302,1.092
0.420439,-0.3141,-0.0896,1.1619,1.207
0.424780,-0.2372,0.0050,1.3111,1.332
0.430144,-0.1141,0.0601,1.3988,1.405
0.434950,-0.0174,0.1233,1.4947,1.500
0.439944,0.0633,0.1805,1.6409,1.652
0.445512,0.1416,0.2458,1.7864,1.809
0.449897,0.2465,0.2859,1.9687,2.005
0.454754,0.3925,0.3579,2.2643,2.326
0.459641,0.4895,0.3853,2.5542,2.629
0.464796,0.6382,0.4065,2.8391,2.938
0.471495,0.7673,0.4956,3.1015,3.233
0.475039,0.7812,0.5591,3.2719,3.410
0.479920,0.7092,0.6166,3.3830,3.511
0.484635,0.7045,0.6780,3.3393,3.480
0.489480,0.7626,0.7245,3.2074,3.376
0.499715,0.7980,0.7659,2.9823,3.181
0.500517,0.8688,0.8983,2.6948,2.970
0.508891,0.8262,1.0163,2.3285,2.672
0.509577,0.8624,1.1014,1.9523,2.402
0.514563,1.0063,1.1969,1.6080,2.243
0.520471,1.1339,1.2790,1.2754,2.133
0.524484,1.2028,1.4147,0.9724,2.096
0.529683,1.3283,1.4703,0.5853,2.066
0.534365,1.5294,1.4745,0.1643,2.131
0.539476,1.9690,1.4800,-0.1606,2.468
0.544369,2.3702,1.4675,-0.3718,2.812
0.549353,2.6716,1.4750,-0.5235,3.096
0.554302,2.9647,1.5356,-0.6164,3.395
0.559669,3.3742,1.6106,-0.5326,3.777
0.564364,3.9011,1.6135,-0.3322,4.235
0.569236,4.4122,1.5681,-0.2795,4.691
0.574297,4.8028,1.4411,-0.3887,5.029
0.579243,5.0829,1.4093,-0.5069,5.299
0.584420,5.1623,1.3913,-0.7391,5.397
0.589446,5.1693,1.2343,-0.8949,5.389
0.594217,5.1684,1.0579,-1.1451,5.398
0.599249,4.9330,0.9201,-1.4754,5.230
0.604202,4.5440,0.7970,-1.7748,4.943
0.609305,4.0915,0.6413,-1.8949,4.554
0.614743,3.7710,0.4532,-1.9688,4.278
0.619560,3.3928,0.2047,-2.1489,4.021
0.624055,2.9699,0.0344,-2.3911,3.813
0.629962,2.5910,-0.2294,-2.5366,3.633
0.633882,2.2649,-0.5960,-2.6899,3.567
0.639081,1.8522,-0.9070,-2.6301,3.342
0.643862,1.4291,-1.1817,-2.5046,3.116
0.648906,1.1171,-1.4487,-2.4644,3.069
0.653929,0.7672,-1.6219,-2.5517,3.119
0.659113,0.3667,-1.8640,-2.6694,3.276
0.663854,0.0583,-2.1126,-2.6643,3.401
0.668958,-0.1634,-2.3104,-2.7805,3.619
0.673934,-0.4284,-2.5389,-3.1852,4.096
0.679345,-0.7919,-2.7458,-3.6968,4.673
0.684193,-1.2403,-2.9641,-4.3597,5.416
0.688772,-1.7857,-3.2134,-5.0026,6.208
0.693940,-2.3378,-3.4555,-5.5845,6.971
0.698880,-2.8977,-3.6142,-6.0881,7.650
0.703904,-3.4378,-3.8334,-6.4570,8.259
0.708764,-4.1337,-4.2239,-6.7252,8.953
0.713705,-4.9684,-4.6894,-6.6839,9.558
0.718740,-5.8744,-5.0159,-6.3612,10.007
0.724241,-6.8353,-5.2383,-5.8190,10.393
0.731491,-7.8152,-5.5634,-5.1179,10.873
0.733798,-8.6730,-6.1116,-4.2706,11.437
0.739827,-9.6469,-6.6306,-3.1833,12.131
0.743766,-10.7341,-7.0212,-1.8981,12.966
0.748425,-11.9527,-7.2424,-0.6443,13.990
0.753658,-13.3301,-7.4726,0.2515,15.284
0.758580,-14.6212,-7.9469,0.6526,16.654
0.763549,-15.8576,-8.5355,0.6713,18.021
0.768454,-16.9298,-9.0361,0.4336,19.195
0.773481,-17.5730,-9.5681,-0.1767,20.010
0.781840,-17.7660,-10.4910,-1.1811,20.666
0.783506,-17.5080,-11.6707,-2.3088,21.168
0.793000,-16.7914,-12.8343,-3.2124,21.377
0.793388,-15.7223,-13.9334,-3.8845,21.364
0.800750,-14.4708,-14.9147,-4.4787,21.258
0.803333,-13.0375,-15.7885,-5.0699,21.094
0.808268,-11.3892,-16.3872,-5.7851,20.778
0.813394,-9.5845,-16.6455,-6.5970,20.309
0.818696,-7.7735,-16.4901,-7.6004,19.751
0.823269,-5.5519,-15.8351,-8.7728,18.935
0.830224,-2.5536,-15.1344,-10.0547,18.349
0.833142,0.9393,-13.9531,-11.1493,17.885
0.838112,4.7474,-12.5560,-11.7329,17.828
0.843115,8.5497,-10.8407,-12.2217,18.439
0.848117,12.3337,-8.0664,-12.6544,19.425
0.853549,16.8677,-5.1347,-13.1081,21.971
0.858816,21.7430,-2.5472,-13.7204,25.836
0.865029,26.2087,0.0243,-14.4966,29.951
0.867998,30.0382,2.7626,-15.0522,33.712
0.872956,33.1238,5.3533,-15.0018,36.755
0.879701,35.1511,7.5529,-14.2575,38.677
0.883193,35.9393,8.9457,-12.9897,39.248
0.887828,35.7067,9.4986,-11.5741,38.719
0.892911,34.5075,9.3315,-10.1948,37.172
0.898109,32.0998,8.6123,-8.5736,34.323
0.904937,28.7176,7.7630,-6.7445,30.503
0.907901,25.1329,6.7652,-5.1665,26.535
0.912909,21.6952,5.5802,-3.7765,22.717
0.918224,18.4773,4.3853,-2.4984,19.154
0.923638,15.6440,3.3388,-1.5776,16.074
0.930688,13.3048,2.3373,-0.9317,13.541
0.932860,11.5427,1.3309,-0.5852,11.634
0.937771,9.9625,0.2500,-0.8806,10.004
0.943023,8.0302,-0.7502,-1.5709,8.217
0.947793,6.0069,-1.5851,-2.4145,6.665
0.953668,4.2536,-2.7306,-3.1043,5.932
0.957832,2.3464,-3.7672,-3.4412,5.616
0.962762,0.3999,-4.5604,-3.9972,6.077
0.967800,-1.6685,-5.3161,-4.7514,7.323
0.972765,-3.8656,-6.0107,-5.3783,8.944
0.978390,-5.8396,-6.9370,-5.9718,10.857
0.983062,-7.7736,-7.9391,-6.3394,12.792
0.987493,-10.5050,-8.4649,-6.3978,14.931
0.992565,-14.2175,-8.6058,-6.3930,17.806
0.997663,-17.8022,-9.0227,-6.2153,20.904
1.002567,-20.7727,-9.3429,-5.5883,23.453
1.009515,-23.4619,-9.3584,-4.3561,25.632
1.015455,-25.8107,-9.5338,-2.9844,27.677
1.017430,-27.5876,-10.2656,-1.4432,29.471
1.022424,-28.5427,-11.3399,0.1789,30.713
1.027791,-28.9263,-12.4842,1.4636,31.539
1.034163,-28.7554,-13.8541,2.1960,31.994
1.042442,-27.7339,-15.5917,2.3990,31.906
1.042920,-26.1384,-17.3750,1.7867,31.437
1.049360,-24.1891,-18.8737,0.3535,30.683
1.052331,-22.0224,-20.1077,-1.7181,29.871
1.057383,-19.9044,-20.8580,-4.3693,29.160
1.064020,-17.7670,-21.1944,-7.4159,28.633
1.067148,-15.4892,-21.2752,-10.6150,28.377
1.072266,-12.9643,-21.1879,-13.5104,28.276
1.077143,-9.8811,-20.8661,-15.6734,27.905
1.082859,-6.5432,-20.0021,-16.9270,27.008
1.090820,-2.9955,-18.8166,-17.3305,25.756
1.092218,0.7309,-17.2350,-16.9932,24.215
1.097831,4.1439,-15.2346,-16.2710,22.672
1.102427,7.2303,-12.8420,-15.6212,21.476
1.107589,10.4169,-10.0646,-15.2151,21.007
1.112906,13.8206,-7.0470,-15.2949,21.785
1.117037,17.4922,-4.0113,-15.7807,23.898
1.123053,21.4506,-1.1700,-16.3312,26.985
1.127260,25.3135,1.3782,-16.5536,30.277
1.131980,28.8462,3.3811,-16.2183,33.265
1.136895,31.6152,4.5711,-15.1588,35.358
1.141996,32.9230,5.1659,-13.0344,35.784
1.147055,32.7031,5.4068,-9.9540,34.609
1.152127,31.0631,5.5515,-6.4295,32.204
1.157515,28.4163,5.5973,-3.1109,29.129
1.165174,25.3558,5.3687,-0.5982,25.925
1.167068,22.2059,4.9808,1.1637,22.787
1.174621,19.0691,4.6546,2.4063,19.776
1.176907,16.0741,4.5231,3.0706,16.978
1.181945,13.3580,4.3784,3.2631,14.431
1.186912,10.9216,4.1529,3.2300,12.123
1.191845,8.7557,3.7915,2.8758,9.965
1.196853,6.7652,3.3788,2.2907,7.901
1.201910,4.9567,2.9446,1.7134,6.015
1.207111,3.4614,2.4416,1.0760,4.370
1.212174,2.2385,1.8516,0.5117,2.950
1.217495,1.2065,1.3057,0.1084,1.781
1.221777,0.4361,0.7101,-0.1814,0.853
1.226577,-0.1057,0.0573,-0.4894,0.504
1.231654,-0.5019,-0.5712,-0.7052,1.037
1.238941,-0.9269,-1.1657,-0.9916,1.789
1.241617,-1.4067,-1.7499,-1.1954,2.544
1.246625,-1.8990,-2.2607,-1.3687,3.254
1.251546,-2.3858,-2.6619,-1.6448,3.935
1.256681,-2.8250,-2.9625,-1.8599,4.496
1.261712,-3.1945,-3.1106,-1.9233,4.856
1.266530,-3.2613,-3.1933,-1.8162,4.912
1.271545,-3.1267,-3.2785,-1.5811,4.798
1.276678,-3.0374,-3.3094,-1.3025,4.677
1.281591,-2.9118,-3.2827,-1.1591,4.539
1.287204,-2.6902,-3.2133,-1.1259,4.339
1.291608,-2.4394,-3.1308,-1.1605,4.135
1.296347,-2.0968,-3.1121,-1.3070,3.974
1.301543,-1.6611,-3.0476,-1.4897,3.777
1.306431,-1.2386,-2.9666,-1.5801,3.582
1.312139,-0.8722,-2.8932,-1.6802,3.458
1.316362,-0.6108,-2.8324,-1.8192,3.421
1.321493,-0.4011,-2.7269,-1.9210,3.360
1.326355,-0.2617,-2.6391,-1.8717,3.246
1.331381,-0.1057,-2.4877,-1.8108,3.079
1.338501,0.0511,-2.3303,-1.9108,3.014
1.341175,0.2072,-2.2960,-2.1106,3.126
1.346162,0.3901,-2.3988,-2.2961,3.343
1.351213,0.5230,-2.4856,-2.3678,3.472
1.356198,0.5058,-2.4846,-2.4222,3.507
1.361878,0.3814,-2.4774,-2.4835,3.529
1.366133,0.1916,-2.4739,-2.4845,3.511
1.371091,-0.0036,-2.4546,-2.4924,3.498
1.376188,-0.1625,-2.4581,-2.4114,3.447
1.381358,-0.2801,-2.4030,-2.1841,3.259
1.386014,-0.3469,-2.3039,-1.9732,3.053
1.391307,-0.4009,-2.2087,-1.8401,2.903
1.396038,-0.3712,-2.1367,-1.7124,2.763
1.400978,-0.3703,-2.1018,-1.5805,2.656
1.406169,-0.3989,-2.0659,-1.4486,2.554
1.411972,-0.4376,-2.0097,-1.4171,2.498
1.415912,-0.4861,-1.9621,-1.4760,2.503
1.421184,-0.5735,-1.9421,-1.6299,2.599
1.426308,-0.6575,-2.0410,-1.7063,2.740
1.431825,-0.7363,-2.1191,-1.8303,2.895
1.436041,-0.9309,-2.1102,-2.0447,3.082
1.442530,-1.2037,-2.0575,-2.3304,3.334
1.445867,-1.5409,-1.9855,-2.6596,3.659
1.450865,-1.8804,-1.9467,-2.9664,4.016
1.456150,-2.1610,-1.9510,-3.2082,4.332
1.461924,-2.3238,-1.9881,-3.4718,4.627
1.465863,-2.4370,-2.1495,-3.5848,4.838
1.470828,-2.5824,-2.2819,-3.6147,4.994
1.475833,-2.7694,-2.4286,-3.5468,5.113
1.480904,-3.0843,-2.4942,-3.3847,5.214
1.485687,-3.5049,-2.5181,-3.1710,5.355
1.490787,-4.0403,-2.6774,-2.9545,5.676
1.495651,-4.7501,-2.9011,-2.8263,6.242
1.500667,-5.7270,-3.0899,-2.7106,7.049
1.505643,-6.8733,-3.3838,-2.6137,8.095
1.510788,-8.2498,-3.7796,-2.4893,9.410
1.515726,-9.9325,-4.2170,-2.3575,11.045
1.521069,-11.9128,-4.6172,-2.1104,12.949
1.525707,-13.9385,-5.0309,-1.8192,14.930
1.530584,-16.1893,-5.5134,-1.5970,17.177
1.535561,-18.1650,-6.1048,-1.5509,19.226
1.540491,-19.4994,-7.1833,-1.5333,20.837
1.548541,-20.3004,-8.6072,-1.3941,22.094
1.551309,-20.4856,-10.3751,-0.9104,22.981
1.558939,-20.0380,-12.2900,-0.0444,23.507
1.560467,-19.0838,-14.1360,0.7836,23.762
1.565494,-17.9232,-15.9589,1.2668,24.032
1.572127,-16.4565,-17.7456,1.0861,24.226
1.575583,-14.8449,-19.2993,-0.0787,24.348
1.580775,-13.3087,-20.4594,-2.2591,24.511
1.585298,-12.3031,-20.9426,-5.4226,24.887
1.590412,-11.4089,-20.7414,-9.3258,25.443
1.596798,-9.8677,-20.1811,-13.5099,26.214
1.600431,-7.1029,-19.4905,-17.1876,26.940
1.605206,-3.2610,-18.4458,-19.9062,27.334
1.610228,1.2601,-16.8608,-21.5405,27.384
1.615425,6.2628,-14.6772,-22.1512,27.300
1.620259,11.6460,-11.7712,-22.0284,27.558
1.625197,17.4281,-8.1699,-21.5985,28.931
1.632448,23.3298,-4.2842,-21.4240,31.963
1.635265,29.1063,-0.5421,-21.4065,36.135
1.642563,34.3871,2.6094,-21.1362,40.448
1.646309,38.6976,5.1320,-20.2845,43.992
1.650281,41.5284,6.7811,-18.8396,46.103
1.655195,42.1845,7.0853,-16.7976,45.955
1.660214,40.2463,6.2365,-14.2189,43.137
1.665031,36.1597,4.9252,-11.4184,38.238
1.672170,31.1946,3.5797,-8.6667,32.573
1.675294,26.0786,2.4790,-6.0156,26.878
1.680036,20.7391,1.6456,-3.9698,21.180
1.684985,15.5971,1.0034,-2.9271,15.901
1.690044,11.4912,0.5157,-2.8785,11.857
1.695968,8.4293,-0.0087,-3.1930,9.014
1.699782,5.9999,-0.5479,-3.0815,6.767
1.704877,3.7568,-1.1278,-2.4689,4.635
1.710238,1.3023,-1.6287,-1.4219,2.524
1.714879,-1.5678,-1.8304,0.2275,2.421
1.723136,-4.6349,-1.7053,2.2670,5.434
1.724801,-7.6373,-1.3683,4.0608,8.757
1.730196,-10.0547,-1.1528,5.1484,11.355
1.735089,-11.8131,-1.1740,5.3156,13.007
1.740703,-13.0189,-1.3853,4.8175,13.951
1.745325,-13.4697,-1.6680,4.0044,14.151
1.750282,-13.2531,-2.0663,3.2080,13.792
1.754884,-12.7957,-2.4757,2.7179,13.313
1.759911,-12.1844,-2.8022,2.4583,12.742
1.764912,-11.0051,-3.1232,2.2436,11.658
1.770271,-9.4159,-3.3823,2.1768,10.239
1.775109,-7.6703,-3.6093,2.0790,8.728
1.779686,-5.8876,-3.6710,1.9586,7.209
1.784562,-4.2687,-3.6064,1.7655,5.860
1.789725,-3.0111,-3.4639,1.2120,4.747
1.795554,-2.0351,-3.3156,0.3713,3.908
1.806203,-1.2903,-3.0945,-0.5164,3.392
1.807031,-0.5744,-2.8345,-1.3769,3.203
1.812090,0.1908,-2.6270,-2.1177,3.380
1.814547,0.8536,-2.3862,-2.7591,3.746
1.820386,1.3864,-2.1413,-3.1778,4.075
1.824494,1.7281,-1.8591,-3.4031,4.245
1.829828,1.8600,-1.5448,-3.4919,4.247
1.834410,1.8784,-1.2271,-3.4820,4.142
1.839805,1.9223,-0.9828,-3.4055,4.032
1.844406,1.9533,-0.8117,-3.2279,3.859
1.849436,1.8373,-0.6131,-3.0483,3.612
1.854240,1.6410,-0.4157,-2.8463,3.312
1.859235,1.4975,-0.2671,-2.6545,3.059
1.864428,1.3242,-0.1477,-2.5292,2.859
1.870163,1.1067,-0.1052,-2.4038,2.648
1.874328,0.8584,-0.0293,-2.2537,2.412
1.879602,0.6841,0.0611,-2.0354,2.148
1.884203,0.5591,0.1325,-1.7771,1.868
1.889344,0.5118,0.1516,-1.5310,1.621
1.894078,0.4602,0.1616,-1.2433,1.336
1.899251,0.3522,0.1912,-0.9674,1.047
1.904262,0.2494,0.1974,-0.6541,0.727
1.909216,0.1851,0.1515,-0.3843,0.453
1.914054,0.1544,0.1492,-0.1812,0.281
1.919636,0.1671,0.1330,-0.0203,0.215
1.924305,0.1511,0.1459,0.1182,0.241
1.929949,0.0835,0.1495,0.1805,0.249
1.934026,0.0117,0.1152,0.1862,0.219
1.939339,0.0411,0.1531,0.0964,0.186
1.943866,0.1478,0.1676,-0.0609,0.232
1.949005,0.1738,0.1301,-0.2769,0.352
1.953878,0.2003,0.0551,-0.4368,0.484
1.959598,0.1515,-0.0141,-0.5182,0.540
1.963809,0.0507,-0.0154,-0.4676,0.471
1.969354,-0.0208,-0.0781,-0.3656,0.374
1.973933,-0.1260,-0.1255,-0.1780,0.252
1.981346,-0.2363,-0.1914,0.0385,0.306
1.983913,-0.3670,-0.2807,0.3145,0.559
1.991727,-0.4796,-0.3695,0.6162,0.864
1.993753,-0.5606,-0.4007,0.8399,1.086
1.999229,-0.6681,-0.4512,0.9530,1.248
2.003869,-0.7069,-0.4875,1.0325,1.343
2.008738,-0.7539,-0.4955,1.0591,1.391
2.013897,-0.8526,-0.5852,1.0141,1.448
2.018809,-0.9116,-0.5747,0.9108,1.411
2.023747,-0.9071,-0.5742,0.7538,1.312
2.029182,-0.8724,-0.5550,0.5714,1.181
2.033620,-0.8025,-0.6125,0.3868,1.081
2.038713,-0.7593,-0.5985,0.2569,1.000
2.043565,-0.6996,-0.5559,0.1288,0.903
2.048683,-0.5989,-0.5231,0.0160,0.795
2.053911,-0.5239,-0.5430,-0.1245,0.765
2.059171,-0.4453,-0.4816,-0.1830,0.681
2.063453,-0.3532,-0.4681,-0.2364,0.632
2.068459,-0.2571,-0.4212,-0.2846,0.570
2.073531,-0.1997,-0.4078,-0.3709,0.586
2.078623,-0.1664,-0.3800,-0.3998,0.576
2.083545,-0.1380,-0.3809,-0.3475,0.534
2.088424,-0.0954,-0.3627,-0.3095,0.486
2.093623,-0.0626,-0.3300,-0.3387,0.477
2.098464,0.0036,-0.2782,-0.4208,0.504
2.105709,0.0413,-0.2119,-0.4650,0.513
2.108426,0.0601,-0.1742,-0.4909,0.524
2.113271,0.0458,-0.2080,-0.5227,0.564
2.119144,0.0172,-0.2080,-0.4404,0.487
2.123375,-0.0740,-0.1792,-0.3254,0.379
2.128990,-0.1658,-0.1455,-0.1961,0.295
2.133320,-0.2057,-0.1360,-0.0949,0.264
2.138269,-0.2417,-0.1313,-0.0028,0.275
2.143208,-0.2545,-0.1270,0.0665,0.292
2.148192,-0.3114,-0.1277,0.0987,0.351
2.153548,-0.3594,-0.1190,0.1175,0.396
2.158259,-0.3892,-0.0915,0.1469,0.426
2.163018,-0.4247,-0.1313,0.1631,0.473
2.168109,-0.4369,-0.0610,0.1462,0.465
2.173203,-0.4114,-0.0388,0.1153,0.429
2.178733,-0.2904,-0.0692,0.0460,0.302
2.183407,-0.2030,-0.0659,0.0244,0.215
2.188234,-0.1681,-0.1199,0.0262,0.208
2.192990,-0.1761,-0.1450,0.0228,0.229
2.198230,-0.1408,-0.0981,0.0521,0.179
2.203722,-0.1101,-0.1324,0.0904,0.194
2.208104,-0.0598,-0.1473,0.1136,0.195
2.212872,-0.0092,-0.1000,0.1367,0.170
2.217967,0.0468,-0.0814,0.1933,0.215
2.223153,0.1896,-0.0773,0.3270,0.386
2.229174,0.6122,-0.1934,0.7209,0.965
2.232820,0.9175,-0.2241,1.1509,1.489
2.238359,0.8419,-0.0741,1.5030,1.724
2.242783,0.5993,0.1897,1.6711,1.785
2.247700,0.3325,0.2759,1.1032,1.185
2.255304,0.2189,0.1657,0.4932,0.564
2.257764,0.1869,0.1419,0.2426,0.338
2.262547,0.1689,0.2141,0.0489,0.277
2.267749,0.0353,0.2101,-0.1750,0.276
2.272709,0.0113,0.1446,-0.3575,0.386
2.278490,0.0062,0.1370,-0.3597,0.385
2.282580,0.0532,0.1010,-0.3293,0.349
2.287604,0.0807,0.0893,-0.2521,0.279
2.292547,0.1510,-0.0276,-0.1369,0.206
2.298329,0.1062,-0.1015,0.0026,0.147
2.302534,-0.1497,-0.0798,0.1956,0.259
2.307585,-0.2150,-0.2165,0.3372,0.455
2.312455,-0.1951,-0.3295,0.3413,0.513
2.317479,-0.1955,-0.4091,0.2553,0.520
2.322507,-0.2639,-0.3692,0.1271,0.471
2.327555,-0.3238,-0.2673,0.0331,0.421
2.332338,-0.4186,-0.2135,0.0208,0.470
2.337397,-0.3810,-0.1886,0.0472,0.428
2.342317,-0.2152,-0.2738,0.0830,0.358
2.347925,-0.1941,-0.2489,0.1668,0.357
2.352386,-0.0876,-0.2004,0.3086,0.378
2.357899,0.0137,-0.1809,0.3939,0.434
2.362219,0.0669,-0.1952,0.5040,0.545
2.367274,0.1585,-0.1572,0.5002,0.548
2.372249,0.2168,-0.0716,0.4684,0.521
2.377326,0.2657,-0.0293,0.4323,0.508
2.382218,0.3631,0.0655,0.3725,0.524
2.388782,0.3895,0.1219,0.3462,0.535
2.392214,0.3927,0.1688,0.2525,0.496
2.397222,0.4398,0.1825,0.1773,0.508
2.402258,0.4687,0.1869,0.1010,0.515
2.407275,0.4746,0.2060,0.0524,0.520
2.412124,0.4432,0.2541,0.0457,0.513
2.417703,0.4318,0.2594,0.0236,0.504
2.422000,0.3686,0.2075,0.0345,0.424
2.427037,0.3200,0.1270,0.0259,0.345
2.432121,0.2717,0.0754,0.0604,0.288
2.437063,0.2125,0.0378,0.0280,0.218
2.441910,0.1440,0.0147,0.0154,0.146
2.447183,0.0280,-0.0512,0.0177,0.061
2.451928,-0.0307,-0.0977,-0.0129,0.103
2.456966,-0.1324,-0.1392,0.0048,0.192
2.461907,-0.2056,-0.1709,-0.0153,0.268
2.466983,-0.2506,-0.1931,0.0270,0.318
2.471936,-0.3341,-0.1772,0.0363,0.380
2.477503,-0.4084,-0.1760,0.1508,0.470
2.481724,-0.3976,-0.2225,0.2270,0.509
2.488798,-0.4067,-0.1928,0.3317,0.559
2.491756,-0.4354,-0.1874,0.4032,0.622
2.496832,-0.4317,-0.1681,0.4608,0.653
2.501847,-0.4190,-0.1539,0.4569,0.639
2.506869,-0.4263,-0.1401,0.4632,0.645
2.512274,-0.4819,-0.1028,0.3989,0.634
2.516852,-0.4474,-0.0184,0.3116,0.546
2.521974,-0.3565,-0.0155,0.2015,0.410
2.526812,-0.2856,-0.0221,0.0969,0.302
2.531833,-0.2389,-0.0239,0.0405,0.244
2.537248,-0.1974,0.0363,-0.0300,0.203
2.541625,-0.1657,0.0391,-0.0530,0.178
2.546775,-0.1435,0.0895,-0.1047,0.199
2.551714,-0.0879,0.1207,-0.1423,0.206
2.557239,0.0011,0.0995,-0.1280,0.162
2.561700,0.0617,0.0786,-0.1330,0.166
2.566835,0.1034,0.0532,-0.0381,0.122
2.572110,0.1504,0.0612,0.0559,0.172
2.577082,0.1550,0.0311,0.0971,0.186
2.581514,0.1269,0.0250,0.0620,0.143
2.588437,0.0949,-0.0238,0.0226,0.100
2.592231,0.0207,-0.0960,0.0120,0.099
2.596833,-0.0673,-0.1153,0.0253,0.136
2.601405,-0.0882,-0.1156,0.0482,0.153
2.608856,-0.0901,-0.1158,0.0425,0.153
2.611552,-0.0968,-0.1255,-0.1107,0.193
2.617894,-0.1027,-0.1441,-0.7728,0.793
2.621287,-0.0511,-0.1332,-1.0710,1.080
2.626352,-0.0617,-0.0173,-0.7894,0.792
2.631668,-0.0816,0.0221,-0.5115,0.518
2.637033,-0.0966,-0.0099,-0.4840,0.494
2.641444,-0.0731,-0.0889,-0.4813,0.495
2.646213,-0.0876,-0.1670,-0.3463,0.394
2.651353,-0.1018,-0.1826,-0.1083,0.235
2.656312,-0.0971,-0.1792,0.0999,0.227
2.661168,-0.0734,-0.1524,0.2932,0.338
2.666220,-0.0021,-0.1310,0.4103,0.431
2.671324,0.0214,-0.1102,0.4186,0.433
2.676145,0.0357,-0.1279,0.3948,0.416
2.681127,0.0214,-0.0696,0.3147,0.323
2.686138,-0.0500,0.0120,0.2018,0.208
2.691072,-0.0495,0.0838,-0.0680,0.119
2.696222,0.0842,0.1935,-0.2708,0.343
