0.003121,0.4616,0.2384,-0.8934,1.033
0.007048,0.8459,0.2916,-0.9456,1.302
0.012289,0.6594,0.4827,-0.8953,1.212
0.017035,0.5378,0.5396,-0.6759,1.019
0.022154,0.5656,0.4491,-0.3929,0.822
0.026974,0.5133,0.3547,-0.2741,0.681
0.032011,0.4001,0.2896,-0.1466,0.515
0.036995,0.3115,0.2533,0.0238,0.402
0.041954,0.2526,0.1934,0.1697,0.361
0.048031,0.1844,0.1383,0.2876,0.369
0.052129,0.0972,0.1641,0.3683,0.415
0.056796,0.0528,0.1416,0.4264,0.452
0.062008,0.0605,0.0951,0.4527,0.467
0.066877,0.0338,0.0342,0.4332,0.436
0.072531,-0.0025,0.0257,0.3917,0.393
0.077213,-0.0437,0.0074,0.3471,0.350
0.081875,-0.0948,-0.0205,0.2898,0.306
0.086816,-0.0937,-0.0009,0.2339,0.252
0.091858,-0.1453,-0.0244,0.1790,0.232
0.096672,-0.2212,0.0044,0.1250,0.254
0.101962,-0.2587,0.0046,0.0097,0.259
0.107173,-0.2682,-0.0047,-0.0907,0.283
0.111787,-0.2879,-0.0518,-0.1433,0.326
0.116699,-0.3367,-0.0650,-0.1770,0.386
0.122953,-0.3672,-0.0542,-0.1444,0.398
0.126900,-0.3701,-0.0672,-0.1695,0.413
0.131874,-0.3403,-0.0799,-0.1377,0.376
0.136650,-0.2879,-0.0829,-0.1160,0.321
0.141608,-0.2459,-0.1477,-0.1328,0.316
0.146594,-0.2190,-0.2022,-0.1307,0.325
0.152152,-0.2212,-0.2278,-0.1098,0.336
0.156669,-0.2192,-0.2295,-0.0366,0.319
0.161589,-0.1983,-0.1790,-0.0018,0.267
0.167058,-0.1874,-0.1765,0.0521,0.263
0.171789,-0.1627,-0.1693,0.0631,0.243
0.177132,-0.1859,-0.2052,0.0936,0.292
0.181569,-0.2282,-0.1887,0.0675,0.304
0.186398,-0.2802,-0.1773,0.0613,0.337
0.191489,-0.3274,-0.1423,0.0935,0.369
0.196482,-0.3416,-0.1221,0.0786,0.371
0.202168,-0.3420,-0.1401,0.0497,0.373
0.206525,-0.3288,-0.1344,0.0689,0.362
0.211544,-0.3351,-0.1002,0.1214,0.370
0.216317,-0.2469,-0.1045,0.1502,0.307
0.221366,-0.2023,-0.0662,0.1649,0.269
0.227092,-0.1630,-0.0852,0.2037,0.274
0.231438,-0.1334,-0.0852,0.1947,0.251
0.236254,-0.0659,-0.0852,0.1195,0.161
0.241404,-0.0461,-0.0756,0.1065,0.138
0.248883,0.0026,-0.0708,0.0459,0.084
0.252418,-0.0201,-0.0849,0.0044,0.087
0.256279,-0.0373,-0.0702,-0.0325,0.086
0.262558,-0.0970,-0.0650,-0.0460,0.125
0.266053,-0.1038,-0.0834,-0.0790,0.155
0.271487,-0.1581,-0.1157,-0.0694,0.208
0.276015,-0.1928,-0.1571,-0.0938,0.266
0.281014,-0.1701,-0.1504,-0.0663,0.237
0.286509,-0.1284,-0.1390,-0.0871,0.208
0.290943,-0.1153,-0.1559,-0.1033,0.220
0.295910,-0.1401,-0.1490,-0.0482,0.210
0.300909,-0.1695,-0.1373,-0.0126,0.219
0.305918,-0.2033,-0.1068,0.0465,0.234
0.311017,-0.2321,-0.1004,0.0580,0.259
0.316152,-0.2039,-0.0561,0.0364,0.215
0.320967,-0.2426,-0.0265,0.0200,0.245
0.325832,-0.3242,-0.0637,0.0228,0.331
0.330986,-0.3439,-0.0817,0.0353,0.355
0.335853,-0.3640,-0.0996,0.1003,0.391
0.340879,-0.3703,-0.1223,0.1557,0.420
0.348241,-0.3582,-0.1403,0.2161,0.441
0.350828,-0.3088,-0.1489,0.2676,0.435
0.355917,-0.2555,-0.1483,0.2767,0.405
0.362311,-0.1937,-0.1717,0.2770,0.379
0.365858,-0.2086,-0.2045,0.2208,0.366
0.370789,-0.2094,-0.2134,0.1702,0.344
0.375784,-0.1770,-0.2034,0.1156,0.293
0.380690,-0.1641,-0.1839,0.0616,0.254
0.385635,-0.1990,-0.1456,0.0460,0.251
0.390685,-0.1671,-0.0838,0.0113,0.187
0.395668,-0.1737,-0.0795,-0.0234,0.192
0.400677,-0.1570,-0.1227,-0.0246,0.201
0.406281,-0.1692,-0.1039,-0.0303,0.201
0.410607,-0.1532,-0.0472,0.0069,0.160
0.415661,-0.1473,-0.0339,0.0014,0.151
0.420528,-0.1039,-0.0256,0.0012,0.107
0.425427,-0.0944,0.0110,-0.0224,0.098
0.430553,-0.1187,-0.0004,-0.0451,0.127
0.435518,-0.1052,0.0261,-0.0625,0.125
0.440430,-0.1353,0.0381,-0.0602,0.153
0.445548,-0.1801,0.0403,-0.0718,0.198
0.450447,-0.2539,0.0615,-0.1213,0.288
0.455533,-0.3138,0.0968,-0.1562,0.364
0.462360,-0.3986,0.1127,-0.1101,0.429
0.465748,-0.4179,0.1238,-0.0312,0.437
0.470348,-0.3722,0.1157,0.0567,0.394
0.475161,-0.3475,0.1360,0.2155,0.431
0.480289,-0.2915,0.1322,0.3215,0.454
0.485340,-0.2703,0.1473,0.4749,0.566
0.490419,-0.2179,0.2141,0.5571,0.635
0.495373,-0.1340,0.2231,0.6016,0.655
0.500245,0.0004,0.2650,0.6136,0.668
0.505114,0.0998,0.2873,0.6360,0.705
0.510184,0.1455,0.3093,0.7020,0.781
0.515098,0.1907,0.3500,0.7443,0.844
0.520192,0.2009,0.4138,0.8163,0.937
0.525300,0.2245,0.4768,0.9175,1.058
0.530132,0.1899,0.4819,1.0099,1.135
0.535208,0.1639,0.5579,1.1413,1.281
0.540202,0.1458,0.5617,1.2927,1.417
0.545527,0.1649,0.5555,1.3783,1.495
0.550089,0.2625,0.6105,1.4569,1.601
0.555203,0.3201,0.7072,1.5190,1.706
0.560351,0.4479,0.7266,1.4741,1.703
0.565021,0.5889,0.7264,1.4037,1.687
0.570134,0.7817,0.6831,1.3458,1.700
0.575019,0.9703,0.6922,1.3519,1.802
0.579962,1.1160,0.7909,1.3470,1.920
0.588162,1.2150,0.9074,1.3492,2.030
0.590034,1.3347,0.9514,1.3395,2.117
0.597192,1.4656,0.9566,1.3369,2.202
0.600058,1.4924,0.9474,1.3482,2.223
0.604867,1.5419,0.9669,1.3170,2.246
0.610117,1.4706,1.0099,1.2686,2.189
0.614765,1.4460,0.9956,1.1393,2.093
0.620006,1.4875,1.0294,0.9715,2.053
0.624687,1.6475,1.0729,0.8460,2.140
0.629835,1.8209,1.0976,0.7186,2.244
0.635346,1.9700,1.1086,0.6598,2.355
0.639834,2.1865,1.0863,0.6805,2.535
0.644648,2.4086,1.1169,0.5982,2.722
0.649702,2.6228,1.1621,0.4894,2.910
0.654728,2.8724,1.2123,0.3103,3.133
0.660536,3.1152,1.2199,0.0365,3.346
0.664818,3.2265,1.0993,-0.3568,3.427
0.669604,3.2564,0.9845,-0.7112,3.476
0.674528,3.2088,0.8949,-0.8985,3.450
0.679655,3.1024,0.8687,-1.0432,3.386
0.687715,2.9414,0.8056,-1.2076,3.280
0.689665,2.8978,0.6628,-1.3533,3.266
0.695467,3.0082,0.4647,-1.4799,3.385
0.699586,3.0609,0.2162,-1.7018,3.509
0.704548,3.0018,0.0084,-1.8554,3.529
0.710288,2.8929,-0.1634,-1.9020,3.466
0.714459,2.7241,-0.3422,-1.9988,3.396
0.719449,2.4904,-0.5136,-2.0829,3.287
0.724353,2.1316,-0.6585,-2.2393,3.161
0.729425,1.7761,-0.8433,-2.4780,3.163
0.734324,1.5449,-1.0394,-2.5399,3.149
0.739369,1.3895,-1.2418,-2.6161,3.212
0.744322,1.2521,-1.4409,-2.7919,3.382
0.749576,1.1032,-1.7180,-2.9376,3.577
0.754592,0.7724,-1.9493,-3.0998,3.742
0.759311,0.3458,-2.1674,-3.2170,3.894
0.764927,-0.0702,-2.3539,-3.2939,4.049
0.769139,-0.5629,-2.4325,-3.4784,4.282
0.774146,-1.0468,-2.5567,-3.6752,4.598
0.779089,-1.5949,-2.7696,-3.9325,5.067
0.784133,-2.2013,-3.0815,-4.1740,5.636
0.789317,-2.8623,-3.3385,-4.3578,6.191
0.794136,-3.6250,-3.6089,-4.6039,6.882
0.799155,-4.4006,-3.8648,-4.7880,7.565
0.804112,-5.3683,-4.1173,-4.7481,8.265
0.809087,-6.5257,-4.2913,-4.5177,9.023
0.814102,-7.7387,-4.3273,-4.0922,9.765
0.822519,-8.9417,-4.2604,-3.6012,10.539
0.823986,-9.9815,-4.4321,-3.2643,11.399
0.829216,-10.9373,-4.7764,-2.8520,12.271
0.833835,-11.8790,-5.0930,-2.1782,13.107
0.838990,-12.6468,-5.3735,-1.4532,13.818
0.844033,-13.4237,-5.6662,-0.6600,14.586
0.848882,-14.5667,-6.0498,0.1229,15.773
0.853942,-16.1831,-6.6291,0.5220,17.496
0.859037,-17.6785,-7.5558,0.3039,19.228
0.863966,-18.6195,-8.7599,-0.1558,20.578
0.872568,-18.9200,-10.2272,-0.5855,21.515
0.874031,-18.6856,-11.6922,-0.9404,22.062
0.883845,-17.9386,-13.2191,-1.2857,22.320
0.884309,-16.7362,-14.7506,-1.7750,22.379
0.888697,-15.3993,-16.1024,-2.6533,22.438
0.893681,-14.0807,-17.0716,-3.7915,22.452
0.898736,-12.6414,-17.7003,-5.2260,22.370
0.903898,-11.1742,-17.9944,-7.0417,22.321
0.909159,-9.3518,-17.9600,-8.7362,22.053
0.913913,-6.7985,-17.5968,-10.2255,21.458
0.920566,-3.5122,-16.7210,-11.5017,20.596
0.924003,0.6715,-15.1236,-12.6255,19.712
0.928693,6.0384,-12.8299,-14.0003,19.927
0.933518,12.3185,-9.7349,-15.9775,22.401
0.938576,18.6693,-6.1841,-18.2614,26.838
0.944975,24.2862,-2.6440,-20.4770,31.877
0.948353,28.6754,0.9927,-21.8667,36.075
0.953462,33.2679,2.9469,-22.3046,40.161
0.958465,35.7493,5.0868,-21.8863,42.224
0.964004,35.8188,6.9068,-19.5511,41.388
0.972448,33.6419,7.2158,-17.1560,38.447
0.973784,30.8935,7.1178,-13.9116,34.621
0.980429,27.9370,6.6597,-10.0229,30.419
0.983357,24.8079,5.9544,-6.5456,26.339
0.988364,21.6373,5.5136,-3.9202,22.670
0.993777,18.7995,4.9110,-2.4863,19.589
0.998275,16.3983,4.1074,-2.1681,17.043
1.003191,14.2936,3.4674,-2.2195,14.875
1.008399,12.5444,3.0503,-1.9643,13.058
1.013217,11.2347,2.7756,-1.3823,11.655
1.018247,10.3400,2.1325,-0.7346,10.583
1.023141,9.4244,1.3639,-0.1990,9.525
1.028193,8.3054,0.5432,0.2316,8.326
1.033147,7.1925,-0.4742,0.5280,7.227
1.038190,5.7575,-1.5957,0.5255,5.998
1.043355,3.8577,-2.6282,0.2499,4.675
1.048146,1.7802,-3.6185,-0.2451,4.040
1.053058,-0.2277,-4.6039,-0.9462,4.706
1.058113,-2.0033,-5.4038,-1.8483,6.052
1.063055,-3.6680,-6.0759,-2.9630,7.691
1.068795,-5.2366,-6.6887,-3.9648,9.374
1.073095,-7.0067,-7.1007,-4.7054,11.030
1.078531,-8.8228,-7.2480,-4.8932,12.423
1.083012,-10.6214,-7.2500,-4.9058,13.764
1.088006,-13.3708,-7.0007,-5.3674,16.019
1.095731,-16.7591,-6.9974,-6.2254,19.199
1.098105,-19.4722,-7.2909,-6.8612,21.895
1.102972,-21.8196,-7.1338,-6.9036,23.972
1.108021,-23.9237,-6.9325,-6.3413,25.702
1.113021,-25.2751,-7.8462,-5.3918,27.009
1.121272,-25.8191,-9.3140,-3.9015,27.724
1.122897,-25.7564,-10.9700,-2.8784,28.143
1.127930,-25.3131,-12.7196,-2.3015,28.423
1.132850,-24.3724,-14.2897,-2.1939,28.338
1.137907,-22.8382,-15.8503,-2.8924,27.950
1.143553,-20.7556,-17.3973,-4.5737,27.466
1.147815,-18.5163,-18.3652,-6.7113,26.929
1.152702,-16.3185,-18.7285,-9.2469,26.506
1.157855,-14.1086,-18.5984,-11.9602,26.230
1.162952,-11.7825,-18.2796,-14.4177,26.093
1.168738,-9.4721,-17.7962,-16.2185,25.874
1.172801,-6.8691,-17.0613,-17.0554,25.083
1.178627,-3.7206,-16.0231,-16.8863,23.574
1.182693,-0.3836,-14.5876,-15.8914,21.575
1.189660,2.8702,-12.8612,-14.4830,19.581
1.192870,5.6668,-11.0505,-13.3371,18.224
1.199259,8.0941,-9.0419,-12.6284,17.514
1.202555,10.7801,-6.8499,-12.3139,17.742
1.207553,14.1407,-4.5732,-12.3952,19.352
1.212424,17.6692,-2.3717,-12.7247,21.903
1.217501,20.9032,-0.2824,-12.7962,24.511
1.223515,23.5102,1.6700,-12.2396,26.558
1.230162,25.8295,3.1090,-11.0022,28.247
1.232624,27.8393,4.0338,-9.4975,29.690
1.240028,28.4994,4.9688,-7.4613,29.876
1.242487,28.6507,5.6108,-5.2913,29.671
1.247794,28.0121,5.7928,-3.0845,28.771
1.252506,26.4377,5.8553,-1.1082,27.101
1.257372,24.1490,5.9661,0.3564,24.878
1.262656,21.4711,5.9785,1.3660,22.330
1.267485,18.6939,5.9559,2.1203,19.734
1.272356,16.0903,5.8842,2.6625,17.338
1.278171,13.7885,5.6178,2.8395,15.157
1.282207,11.6960,5.1971,2.7073,13.082
1.287214,9.7008,4.7100,2.3821,11.044
1.292292,7.8942,4.2317,1.9058,9.157
1.297231,6.2162,3.6639,1.3166,7.335
1.306629,4.7111,3.0720,0.7183,5.670
1.307604,3.5062,2.4472,0.0917,4.277
1.312148,2.5371,1.7571,-0.5537,3.135
1.317157,1.7107,0.9597,-1.0887,2.243
1.322141,0.9877,0.1102,-1.5549,1.845
1.327247,0.1512,-0.7549,-1.8613,2.014
1.332126,-0.7472,-1.4468,-2.0111,2.588
1.337061,-1.5524,-2.0372,-1.9654,3.228
1.342012,-2.1335,-2.3777,-1.9295,3.732
1.347014,-2.4980,-2.6316,-2.0324,4.159
1.352345,-2.7420,-2.9088,-1.9904,4.466
1.357123,-2.7935,-3.1732,-2.0217,4.686
1.362047,-2.9104,-3.3196,-2.2591,4.959
1.367682,-2.8970,-3.3584,-2.4159,5.051
1.372252,-2.8350,-3.3195,-2.4738,5.018
1.377804,-2.7487,-3.3184,-2.5729,5.019
1.381901,-2.5637,-3.2695,-2.6653,4.936
1.386911,-2.2463,-3.2696,-2.7341,4.818
1.391931,-1.9274,-3.2805,-2.8076,4.729
1.397068,-1.5966,-3.3027,-2.7475,4.583
1.404187,-1.2481,-3.2219,-2.6357,4.346
1.406835,-0.8718,-3.1438,-2.5440,4.137
1.414303,-0.6940,-3.0685,-2.5249,4.034
1.417101,-0.6195,-2.9533,-2.6034,3.985
1.421723,-0.6407,-2.8893,-2.6410,3.967
1.427204,-0.7528,-2.8048,-2.7057,3.969
1.431626,-0.8413,-2.7288,-2.6735,3.912
1.436762,-0.9109,-2.6662,-2.5737,3.816
1.441707,-0.9198,-2.5599,-2.4351,3.651
1.446859,-0.8891,-2.4529,-2.2678,3.457
1.452123,-0.8965,-2.4029,-2.1004,3.315
1.456611,-0.8987,-2.3238,-1.9330,3.153
1.461630,-0.8906,-2.1775,-1.7657,2.941
1.466826,-0.7664,-2.0597,-1.6417,2.743
1.472965,-0.5606,-1.9563,-1.6186,2.600
1.482278,-0.4234,-1.8716,-1.6400,2.524
1.489388,-0.2598,-1.8392,-1.6243,2.467
1.490094,-0.1694,-1.8206,-1.5097,2.371
1.491356,-0.1375,-1.7919,-1.4445,2.306
1.496578,-0.0968,-1.7340,-1.3138,2.178
1.502038,-0.0185,-1.6564,-1.1607,2.023
1.506447,0.1447,-1.6454,-0.9988,1.930
1.511310,0.2565,-1.6381,-0.8760,1.875
1.516428,0.2732,-1.7065,-0.7577,1.887
1.521248,0.1856,-1.7451,-0.6003,1.855
1.528110,0.0800,-1.6822,-0.5040,1.758
1.531297,-0.0151,-1.6473,-0.4109,1.698
1.536230,-0.0721,-1.6358,-0.3543,1.675
1.541249,-0.1701,-1.7043,-0.3198,1.742
1.546954,-0.3003,-1.7287,-0.2831,1.777
1.551980,-0.3625,-1.7568,-0.2630,1.813
1.556180,-0.4284,-1.8364,-0.2259,1.899
1.561090,-0.5511,-1.9246,-0.1763,2.010
1.566148,-0.6364,-1.9309,-0.1331,2.037
1.571059,-0.7541,-1.9362,-0.2157,2.089
1.577107,-0.9487,-1.9267,-0.5288,2.212
1.580945,-1.2016,-1.8977,-0.9440,2.436
1.586013,-1.4940,-1.8255,-1.4151,2.751
1.590996,-1.7641,-1.8919,-1.9819,3.259
1.596433,-2.0087,-2.0018,-2.6073,3.852
1.601087,-2.2887,-2.1593,-3.1676,4.465
1.606531,-2.7113,-2.3459,-3.5162,5.022
1.611048,-3.2911,-2.5478,-3.7882,5.628
1.615924,-3.7706,-2.6314,-3.9558,6.065
1.620854,-4.1989,-2.7027,-4.0574,6.434
1.625916,-4.7694,-2.9207,-4.1887,6.987
1.630943,-5.4009,-3.2901,-4.1215,7.549
1.638044,-6.1677,-3.6684,-3.9474,8.190
1.640825,-7.1394,-3.9662,-3.7436,8.984
1.645877,-8.5400,-4.3672,-3.4148,10.182
1.650730,-10.3639,-4.8783,-3.0613,11.857
1.655976,-12.4763,-5.4675,-2.5139,13.852
1.660770,-14.6552,-6.0612,-1.7782,15.959
1.666487,-16.5525,-6.7851,-1.0035,17.917
1.670737,-18.0163,-7.7402,-0.3192,19.611
1.677199,-18.9082,-8.8392,0.3584,20.875
1.680722,-19.6579,-10.2473,0.7507,22.181
1.686527,-20.4448,-11.6436,0.8532,23.543
1.690874,-21.0404,-13.1889,0.6377,24.841
1.695871,-21.1075,-15.0035,-0.1761,25.897
1.700832,-20.4345,-16.9153,-1.5060,26.570
1.705835,-19.0212,-18.6604,-3.4073,26.863
1.714034,-17.2098,-19.9611,-5.8542,26.998
1.715797,-15.2614,-20.7182,-8.7674,27.185
1.720697,-13.0107,-21.1463,-11.8629,27.517
1.726322,-10.3591,-20.9637,-14.7576,27.651
1.733422,-6.7671,-19.9943,-17.1877,27.221
1.743338,-2.0266,-18.5212,-19.1983,26.753
1.743796,3.3440,-16.7596,-20.6205,26.782
1.749752,9.0618,-14.4865,-21.2149,27.241
1.750529,15.4804,-11.3152,-21.2620,28.631
1.757410,22.7489,-7.1730,-21.1992,31.912
1.763562,30.2272,-3.1241,-21.1852,37.044
1.765398,36.4034,0.1443,-20.5815,41.819
1.770303,40.2032,2.7514,-19.2646,44.665
1.775305,41.3495,4.7139,-16.7360,44.856
1.780277,40.1693,6.0151,-13.0489,42.662
1.788818,37.4706,6.4646,-9.3338,39.153
1.790212,33.8819,6.1658,-6.4275,35.033
1.795160,29.8434,5.4652,-4.2622,30.638
1.800132,25.9074,4.8603,-2.4316,26.471
1.805472,22.2969,4.4462,-0.7575,22.748
1.812928,18.7082,4.1816,0.3176,19.173
1.815167,15.1157,3.9676,0.4077,15.633
1.820098,11.8537,3.8686,-0.3221,12.473
1.825172,9.2718,3.6895,-1.1488,10.045
1.830308,7.3954,3.3305,-1.5081,8.250
1.835483,5.8989,2.9562,-1.3629,6.737
1.840063,4.4898,2.5587,-0.9716,5.258
1.845386,3.2304,2.0492,-0.5262,3.862
1.850065,2.0941,1.4283,-0.1511,2.539
1.855013,0.9870,0.6729,-0.0634,1.196
1.860434,-0.2623,-0.0628,-0.2417,0.362
1.865135,-1.3837,-0.8060,-0.6011,1.710
1.869959,-2.1874,-1.6346,-1.0482,2.925
1.875039,-3.1404,-2.4946,-1.4708,4.272
1.879868,-4.1879,-3.1326,-1.7185,5.505
1.886101,-4.9885,-3.5684,-1.7449,6.377
1.889839,-5.8709,-3.8223,-1.8267,7.240
1.894894,-6.7115,-3.9719,-1.8610,8.018
1.900080,-7.2526,-4.0572,-1.9600,8.538
1.905673,-7.0997,-4.1466,-1.9060,8.440
1.910639,-6.4619,-4.2560,-1.6687,7.915
1.920581,-5.9272,-4.3195,-1.3514,7.458
1.927262,-5.4448,-4.3623,-1.0683,7.058
1.928028,-5.1241,-4.2417,-0.9526,6.720
1.929716,-4.8831,-4.0780,-0.9899,6.439
1.935296,-4.6348,-4.0055,-1.1955,6.241
1.939845,-4.4073,-3.9096,-1.4605,6.070
1.944722,-4.1336,-3.7712,-1.7575,5.865
1.949705,-3.8779,-3.5806,-2.0500,5.662
1.955023,-3.5397,-3.3572,-2.2966,5.392
1.960324,-3.1509,-3.1820,-2.6135,5.185
1.964713,-2.7870,-3.0262,-2.8153,4.985
1.969595,-2.4327,-2.9231,-2.9655,4.823
1.974623,-2.0781,-2.8438,-3.0409,4.653
1.979724,-1.8036,-2.7355,-3.0713,4.491
1.985216,-1.6046,-2.6700,-3.0194,4.338
1.989533,-1.4710,-2.6039,-2.8808,4.152
1.994570,-1.3164,-2.5278,-2.6508,3.892
1.999648,-1.2269,-2.3938,-2.3439,3.568
2.005105,-1.1786,-2.2021,-1.9787,3.186
2.009903,-1.1045,-1.9908,-1.6325,2.801
2.014570,-0.8944,-1.7602,-1.2420,2.333
2.022039,-0.5860,-1.5581,-0.8404,1.865
2.024443,-0.3129,-1.4658,-0.4938,1.578
2.029279,-0.0550,-1.3112,-0.0574,1.314
2.034988,0.1885,-1.1807,0.4128,1.265
2.040740,0.3988,-1.0647,0.7731,1.375
2.050069,0.5240,-0.9108,1.0826,1.509
2.055964,0.6414,-0.7383,1.2889,1.618
2.056960,0.7706,-0.5616,1.3587,1.660
2.060472,0.8304,-0.4667,1.3495,1.652
2.064244,0.7731,-0.3483,1.2611,1.520
2.069214,0.7090,-0.2206,1.1215,1.345
2.074336,0.6425,-0.0836,0.9211,1.126
2.079161,0.6172,0.0297,0.7061,0.938
2.084150,0.6181,0.0572,0.5000,0.797
2.089087,0.5500,0.0948,0.2829,0.626
2.094332,0.5275,0.1189,0.1693,0.567
2.099731,0.4835,0.1438,0.0776,0.510
2.104580,0.4028,0.1503,0.0128,0.430
2.109423,0.2474,0.1245,-0.0360,0.279
2.114179,0.0598,0.0758,-0.0008,0.097
2.121126,-0.0550,0.0568,0.0611,0.100
2.124384,-0.1501,0.0768,0.1883,0.253
2.130393,-0.1969,0.0114,0.3433,0.396
2.133925,-0.2441,-0.0013,0.5565,0.608
2.138867,-0.2959,-0.0040,0.7218,0.780
2.143935,-0.3384,0.0170,0.7688,0.840
2.148848,-0.4009,0.0378,0.7552,0.856
2.153956,-0.4839,0.0296,0.7720,0.912
2.158865,-0.5545,-0.0172,0.7663,0.946
2.164138,-0.6561,-0.0405,0.8153,1.047
2.168834,-0.6928,-0.0451,0.8655,1.110
2.173871,-0.6986,-0.0122,0.9565,1.185
2.178768,-0.6547,-0.0282,1.0358,1.226
2.183805,-0.6181,-0.0501,1.0845,1.249
2.188771,-0.5841,-0.0683,1.1170,1.262
2.193762,-0.5912,-0.1309,1.1099,1.264
2.198943,-0.6008,-0.1467,1.0961,1.259
2.203930,-0.5891,-0.1685,1.0423,1.209
2.208562,-0.5221,-0.1913,0.8523,1.018
2.213719,-0.4665,-0.2006,0.6789,0.848
2.218682,-0.4556,-0.2057,0.5216,0.722
2.223783,-0.4650,-0.2018,0.3993,0.645
2.229010,-0.4276,-0.1455,0.3589,0.577
2.234316,-0.3717,-0.0559,0.2517,0.452
2.239049,-0.2873,-0.0141,0.1636,0.331
2.246503,-0.2077,0.0278,0.1133,0.238
2.248840,-0.1660,0.0318,0.0669,0.182
2.254534,-0.1141,0.0313,0.1254,0.172
2.258540,-0.0760,0.1028,0.2357,0.268
2.263567,-0.0659,0.1121,0.3603,0.383
2.268800,-0.0311,0.1118,0.4995,0.513
2.273503,0.0381,0.0969,0.6155,0.624
2.278653,0.0696,0.0768,0.7183,0.726
2.283606,0.0348,0.0276,0.7459,0.747
2.288365,-0.0377,0.0162,0.8180,0.819
2.293814,-0.1387,-0.0102,0.8584,0.870
2.298398,-0.2925,-0.0230,0.9053,0.952
2.303490,-0.3078,0.0066,0.8247,0.880
2.308306,-0.3331,0.0117,0.7409,0.812
2.313492,-0.2914,-0.0026,0.5192,0.595
2.318764,-0.2449,-0.0506,0.3222,0.408
2.323526,-0.2700,-0.0649,0.1826,0.332
2.328923,-0.2808,-0.0406,0.0905,0.298
2.333886,-0.3062,0.0316,0.0746,0.317
2.338450,-0.2983,0.0608,0.0582,0.310
2.345207,-0.2187,0.0901,0.0701,0.247
2.348211,-0.1439,0.0525,0.1295,0.201
2.353225,-0.0882,0.0150,0.1601,0.183
2.358409,-0.0611,0.0492,0.2005,0.215
2.363576,-0.0244,0.0259,0.2364,0.239
2.372518,-0.0211,0.0215,0.2681,0.270
2.373211,-0.0465,0.0600,0.2572,0.268
2.378802,-0.0483,0.0216,0.2659,0.271
2.383401,-0.1124,0.0022,0.2704,0.293
2.388461,-0.0523,-0.0125,0.2370,0.243
2.393761,-0.0068,0.0205,0.1944,0.196
2.398030,0.0054,0.0535,0.1038,0.117
2.403020,0.0464,-0.0043,0.0658,0.081
2.408044,0.0684,-0.0763,0.0324,0.107
2.413077,0.0426,-0.1050,0.0178,0.115
2.418859,0.0215,-0.0761,0.0699,0.106
2.423152,0.0393,-0.1095,0.0695,0.135
2.428083,1.3682,-0.1913,0.7608,1.577
2.433039,2.0980,-0.0203,1.4117,2.529
2.438099,0.4776,0.5375,0.9816,1.217
2.443900,0.6583,0.3483,0.7432,1.052
2.448097,1.1086,0.1023,0.3803,1.176
2.452911,0.9768,0.2064,0.0649,1.001
2.458037,0.6981,0.3972,-0.0361,0.804
2.462851,0.4675,0.5071,-0.1005,0.697
2.468627,0.4619,0.4167,-0.2436,0.668
2.472817,0.3557,0.3704,-0.4413,0.677
2.478324,0.2399,0.2818,-0.5210,0.639
2.483054,0.1238,0.2226,-0.5400,0.597
2.487644,0.0314,0.1686,-0.4930,0.522
2.496505,-0.0861,0.1099,-0.3507,0.377
2.497714,-0.2095,-0.0158,-0.2179,0.303
2.507992,-0.3633,-0.1035,-0.2523,0.454
2.508356,-0.4998,-0.1868,-0.2475,0.588
2.512668,-0.5906,-0.3136,-0.2944,0.731
2.517544,-0.6456,-0.3643,-0.2974,0.799
2.522603,-0.6933,-0.4394,-0.3665,0.899
2.527513,-0.7481,-0.5246,-0.4298,1.010
2.532548,-0.7525,-0.5624,-0.4540,1.043
2.537401,-0.7351,-0.5862,-0.4632,1.048
2.542464,-0.7100,-0.6392,-0.4813,1.070
2.547562,-0.6720,-0.6447,-0.4172,1.020
2.552474,-0.5633,-0.6697,-0.3238,0.933
2.557404,-0.5086,-0.7144,-0.2051,0.901
2.562557,-0.6178,-0.6882,0.0826,0.928
2.568014,-0.7093,-0.7204,0.4105,1.091
2.572313,-0.6779,-0.8492,0.6351,1.259
2.577557,-0.7053,-0.8640,0.7419,1.340
2.582583,-0.6571,-0.7885,0.7210,1.254
2.587212,-0.6248,-0.6754,0.5351,1.064
2.592196,-0.6696,-0.5826,0.3371,0.949
2.597247,-0.6673,-0.4811,0.1695,0.840
2.602133,-0.6560,-0.4137,0.0223,0.776
2.607152,-0.6119,-0.2897,-0.0479,0.679
2.612302,-0.5347,-0.1950,-0.0942,0.577
2.617181,-0.3342,-0.0816,-0.1361,0.370
2.622683,-0.0769,0.0221,-0.3077,0.318
2.631682,0.1425,0.0975,-0.4897,0.519
2.632070,0.2483,0.1402,-0.5728,0.640
2.639497,0.3462,0.2074,-0.5865,0.712
2.642017,0.4508,0.3037,-0.5601,0.780
2.646969,0.5520,0.3670,-0.4841,0.821
2.652001,0.5979,0.3595,-0.3680,0.789
2.656952,0.6079,0.3575,-0.2163,0.738
2.661942,0.6440,0.3512,-0.0621,0.736
2.667068,0.6058,0.3977,0.0330,0.725
2.672054,0.5503,0.3774,0.1223,0.678
2.677284,0.4776,0.3861,0.1677,0.637
2.681926,0.3588,0.3330,0.1841,0.523
2.687261,0.2462,0.3327,0.1861,0.454
2.691777,0.1584,0.3181,0.1500,0.386
2.696739,0.0711,0.2609,0.1476,0.308
2.701876,0.0222,0.2373,0.1074,0.261
2.706688,-0.0123,0.2424,0.0580,0.250
2.712108,-0.0419,0.2285,0.0138,0.233
2.717197,-0.0385,0.1671,0.0033,0.171
2.722415,-0.0735,0.1155,0.0598,0.149
2.727840,-0.0802,0.0690,0.0401,0.113
2.731752,-0.0780,0.0417,0.0589,0.106
2.736597,-0.0809,0.0335,0.0971,0.131
2.741693,-0.0651,-0.0035,0.1023,0.121
2.747118,-0.1022,-0.0357,0.0988,0.147
2.752039,-0.0871,-0.1013,0.1628,0.211
2.756552,-0.0584,-0.1715,0.2131,0.280
2.761504,-0.0779,-0.1799,0.2737,0.337
2.766378,-0.0787,-0.1840,0.3589,0.411
2.771696,-0.1085,-0.1220,0.3640,0.399
2.781123,-0.0862,-0.1418,0.3322,0.371
2.781494,-0.0644,-0.1428,0.2634,0.306
2.786333,-0.0243,-0.1202,0.1673,0.207
2.791470,-0.0416,-0.1027,0.1007,0.150
2.796499,-0.0448,-0.0948,0.0490,0.116
2.801807,-0.0769,-0.0777,0.0597,0.125
2.806897,-0.1139,-0.0369,0.0562,0.132
2.811557,-0.0652,-0.0154,0.0097,0.068
2.816439,0.0116,-0.0558,-0.0508,0.076
2.821512,0.0166,-0.0768,-0.0684,0.104
2.827036,-0.0117,-0.0309,-0.0718,0.079
2.831812,0.0459,-0.0186,-0.0375,0.062
2.836302,0.0650,0.0177,-0.1180,0.136
2.841282,0.0654,0.0159,-0.2084,0.219
2.846622,0.0327,0.0290,-0.2946,0.298
2.852415,0.0194,0.0519,-0.3291,0.334
2.856318,0.0016,0.0656,-0.3978,0.403
2.861260,-0.0063,0.0178,-0.4053,0.406
2.866706,0.0002,-0.0054,-0.3522,0.352
2.871730,-0.0263,-0.0471,-0.2622,0.268
2.877175,-0.0526,-0.1075,-0.1159,0.167
2.881207,-0.0550,-0.1057,0.0151,0.120
2.886023,-0.0861,-0.1849,0.0839,0.221
2.891090,-0.2077,-0.2258,0.1197,0.329
2.896211,-0.2719,-0.2524,0.1942,0.419
2.902008,-0.2557,-0.3316,0.2595,0.493
2.906690,-0.4548,-0.4248,0.2685,0.678
2.913800,-0.5540,-0.4323,0.3691,0.794
2.916179,-0.4922,-0.4119,0.3755,0.744
2.921098,-0.3705,-0.3779,0.3401,0.629
2.927457,-0.3648,-0.3731,0.2679,0.587
2.930912,-0.2599,-0.2925,0.1255,0.411
2.935899,-0.1227,-0.2314,-0.0300,0.264
2.941007,-0.0766,-0.2134,-0.1612,0.278
2.945978,-0.0498,-0.1667,-0.2256,0.285
2.950993,0.0106,-0.1343,-0.2572,0.290
2.955936,0.0234,-0.1302,-0.2657,0.297
2.960848,0.0273,-0.1259,-0.2226,0.257
2.965918,0.0507,-0.1404,-0.1375,0.203
2.971004,0.0841,-0.1404,-0.0344,0.167
2.975803,0.0221,-0.1547,0.0681,0.170
2.980866,0.0224,-0.1549,0.1607,0.224
2.986602,-0.0059,-0.1457,0.2817,0.317
2.990799,-0.0676,-0.1751,0.3363,0.385
2.996390,-0.1247,-0.1951,0.3964,0.459
3.001151,-0.1394,-0.1822,0.4620,0.516
3.005867,-0.1548,-0.1603,0.4000,0.458
3.012749,-0.1424,-0.0676,0.2965,0.336
3.015693,-0.1071,-0.0092,0.1896,0.218
3.020943,-0.0869,-0.0083,0.0696,0.112
3.025444,-0.0148,0.0497,0.0169,0.055
3.030693,0.0808,0.0932,-0.0882,0.152
3.035845,0.1856,0.1416,-0.2173,0.319
3.040723,0.2916,0.2383,-1.1374,1.198
3.046114,0.4856,0.3368,-2.8077,2.869
3.050490,0.6185,0.4130,-2.2282,2.349
3.055919,0.5421,0.4089,-0.6681,0.953
3.060870,0.5581,0.2383,0.0813,0.612
3.065383,0.5520,0.0261,0.3363,0.647
3.070721,0.4714,-0.1991,0.5289,0.736
3.075392,0.3544,-0.3042,0.7643,0.896
3.080511,0.2191,-0.2048,0.9572,1.003
3.085446,0.0796,-0.0931,1.1038,1.111
3.090399,0.0212,-0.0307,1.1806,1.181
3.095276,0.0722,-0.0220,1.1215,1.124
3.100273,0.0987,0.0002,0.9837,0.989
3.105914,0.1108,0.1029,0.7718,0.786
3.110515,0.0896,0.1335,0.4139,0.444
3.115447,-0.0122,0.1882,0.0385,0.192
3.120273,-0.0608,0.2671,-0.3316,0.430
3.125270,-0.0183,0.3321,-0.5114,0.610
