0.001940,1.0561,-0.0537,-0.4691,1.157
0.004311,0.4375,0.2217,-0.4416,0.660
0.007537,0.0081,0.2812,-0.2058,0.349
0.012743,0.0469,0.1077,-0.0388,0.124
0.017775,-0.0105,-0.1451,0.0411,0.151
0.023268,-0.0587,-0.2342,0.0872,0.257
0.027590,-0.0975,-0.2372,0.1525,0.298
0.032775,-0.0983,-0.1976,0.2514,0.335
0.037450,-0.0665,-0.1918,0.3885,0.438
0.042336,-0.0353,-0.2339,0.4688,0.525
0.047310,-0.0619,-0.2855,0.4644,0.549
0.052570,-0.0794,-0.2800,0.4518,0.537
0.057618,-0.2261,-0.4126,0.3881,0.610
0.063473,-0.1728,-0.3115,0.4306,0.559
0.067378,-0.1297,-0.2162,0.4786,0.541
0.072925,-0.0969,-0.2409,0.4945,0.559
0.077459,-0.0841,-0.2277,0.4783,0.536
0.082662,-0.0481,-0.2433,0.4585,0.521
0.087262,-0.0841,-0.2306,0.4256,0.491
0.092279,-0.0584,-0.2087,0.4369,0.488
0.097398,-0.0665,-0.2013,0.3964,0.450
0.102112,-0.0607,-0.1658,0.3526,0.394
0.107248,-0.0696,-0.2208,0.2811,0.364
0.112200,-0.1409,-0.2373,0.1719,0.325
0.117053,-0.2122,-0.2581,0.0918,0.347
0.123795,-0.3125,-0.2454,0.0737,0.404
0.127003,-0.3794,-0.2324,0.0883,0.454
0.132540,-0.4519,-0.2241,0.0648,0.509
0.136993,-0.5109,-0.2633,0.0889,0.582
0.141928,-0.5707,-0.2783,0.1367,0.650
0.146981,-0.5792,-0.2598,0.1990,0.665
0.151853,-0.6176,-0.2418,0.2574,0.711
0.156963,-0.6525,-0.2191,0.2831,0.744
0.162388,-0.7182,-0.2112,0.2917,0.803
0.166793,-0.7379,-0.2273,0.3163,0.834
0.172051,-0.7554,-0.2244,0.3715,0.871
0.177491,-0.7945,-0.2693,0.4191,0.938
0.182119,-0.8702,-0.3187,0.4831,1.045
0.187038,-0.9487,-0.4009,0.5867,1.185
0.192530,-0.9985,-0.4540,0.7164,1.310
0.196922,-1.0853,-0.5017,0.8241,1.452
0.202505,-1.1047,-0.6059,0.9051,1.551
0.207037,-1.1615,-0.6425,1.0121,1.669
0.211838,-1.2411,-0.7261,1.1877,1.865
0.216875,-1.2372,-0.7849,1.3979,2.025
0.223752,-1.2004,-0.7815,1.6737,2.203
0.227202,-1.1814,-0.6974,1.9238,2.363
0.231884,-1.1467,-0.6282,2.1211,2.492
0.236668,-1.0103,-0.5978,2.3045,2.586
0.241676,-0.8538,-0.5677,2.4182,2.627
0.246831,-0.7990,-0.5094,2.5328,2.704
0.252404,-0.7344,-0.4277,2.5290,2.668
0.256715,-0.7489,-0.4224,2.4535,2.600
0.262031,-0.7036,-0.4827,2.3208,2.473
0.266650,0.0718,-1.0261,1.5978,1.900
0.271516,-0.9946,-0.1997,1.7056,1.985
0.277533,-1.4737,0.4461,2.0461,2.561
0.281645,-1.0507,0.4950,1.8914,2.220
0.286455,-0.2803,0.1991,1.4171,1.458
0.291679,0.1473,-0.0725,0.9286,0.943
0.296790,0.3543,-0.1915,0.6333,0.750
0.302152,0.5599,0.0214,0.2630,0.619
0.306380,0.8217,0.2937,-0.1091,0.879
0.312364,1.1221,0.4921,-0.4206,1.295
0.316577,1.4349,0.5970,-0.8822,1.787
0.323516,1.7464,0.7133,-1.2755,2.277
0.327261,2.0713,0.8834,-1.5972,2.761
0.331452,2.3670,1.1208,-1.8869,3.228
0.339058,2.8165,1.4145,-2.1396,3.809
0.341213,3.4081,1.6261,-2.5189,4.539
0.346258,4.0814,1.7445,-2.9050,5.305
0.352377,4.6557,1.7929,-3.2179,5.937
0.356326,5.1031,1.8803,-3.3821,6.404
0.361420,5.4628,2.0537,-3.4602,6.785
0.366055,5.7932,2.1780,-3.5634,7.142
0.372018,6.0322,2.2917,-3.6088,7.393
0.376215,6.1708,2.4419,-3.6690,7.583
0.381250,6.2191,2.5041,-3.6437,7.630
0.386501,6.2345,2.5599,-3.5615,7.623
0.391127,6.1886,2.5187,-3.5417,7.562
0.396269,6.0709,2.4055,-3.4394,7.381
0.402008,5.8834,2.2585,-3.2069,7.071
0.406012,5.6492,2.0308,-2.9812,6.703
0.411077,5.3351,1.8287,-2.6461,6.230
0.415894,5.0412,1.6432,-2.3387,5.795
0.421140,4.8247,1.4177,-2.2254,5.499
0.426201,4.5349,1.1106,-2.2129,5.167
0.431479,4.2280,0.7452,-2.2030,4.825
0.435708,4.0074,0.3946,-2.0885,4.536
0.440831,3.9787,0.0400,-1.9457,4.429
0.445775,4.4056,-0.4092,-2.1573,4.922
0.450843,3.6863,-0.4076,-2.4314,4.435
0.455924,2.8812,-0.5089,-2.3594,3.759
0.460753,3.0478,-1.1152,-2.4905,4.091
0.465676,3.2789,-1.8699,-2.5351,4.547
0.470709,2.9485,-2.3420,-2.5395,4.542
0.475638,2.1379,-2.5551,-2.6315,4.246
0.480736,1.2474,-2.8290,-3.0157,4.319
0.485680,0.3664,-3.1672,-3.5166,4.747
0.491336,-0.3898,-3.6602,-4.1766,5.567
0.495786,-1.3863,-4.0203,-4.8397,6.443
0.501136,-2.9701,-4.0758,-4.9404,7.060
0.505711,-3.7663,-4.3198,-5.0139,7.615
0.510676,-4.2807,-4.5614,-5.1018,8.072
0.515687,-4.8491,-4.8112,-4.8043,8.351
0.521026,-5.3083,-5.1030,-4.2870,8.520
0.525806,-5.7598,-5.2807,-3.7812,8.681
0.530673,-6.3351,-5.4750,-2.7539,8.814
0.535590,-6.4750,-5.3716,-3.0149,8.937
0.540623,-6.7080,-5.4931,-2.8407,9.124
0.545586,-6.9607,-5.5350,-2.6046,9.267
0.552138,-7.2590,-5.4880,-2.4578,9.426
0.555473,-7.5210,-5.4065,-2.2848,9.540
0.560576,-7.6903,-5.3203,-1.9330,9.549
0.565455,-7.7053,-5.3162,-1.6703,9.509
0.570510,-7.7290,-5.2319,-1.4819,9.450
0.575343,-7.7000,-5.1924,-1.3531,9.385
0.580536,-7.9404,-5.0976,-1.2030,9.512
0.585383,-8.3833,-5.1772,-1.3464,9.945
0.590440,-8.9631,-5.5453,-1.6193,10.663
0.595319,-9.9936,-5.9001,-1.7343,11.734
0.600759,-11.1527,-6.1747,-1.5949,12.847
0.605452,-12.0378,-6.4393,-1.3523,13.719
0.610904,-12.6869,-6.9521,-1.0964,14.508
0.615304,-13.3177,-7.8861,-0.7170,15.494
0.621155,-13.8298,-8.8742,-0.2312,16.434
0.625698,-14.1165,-9.8451,0.0432,17.211
0.630311,-14.2558,-11.0661,-0.2307,18.048
0.635143,-14.0054,-12.5062,-0.9313,18.800
0.640327,-13.3435,-14.2779,-1.8547,19.630
0.645169,-12.5601,-15.7851,-2.7825,20.363
0.650282,-11.6440,-16.9501,-3.6821,20.891
0.655304,-10.4305,-17.8539,-4.8441,21.237
0.660394,-8.8558,-18.5790,-6.3468,21.538
0.665183,-7.3969,-18.8268,-8.4635,21.927
0.670492,-5.8187,-18.5591,-10.9079,22.300
0.675062,-3.6166,-17.4987,-13.3221,22.288
0.680871,-0.0483,-15.5999,-15.7146,22.143
0.697548,4.7894,-13.3377,-18.3625,23.195
0.697941,10.3135,-10.6158,-20.4177,25.218
0.698240,17.4409,-6.7749,-22.2138,29.044
0.703960,24.9406,-1.8153,-23.8253,34.539
0.710361,32.9568,2.1634,-24.5856,41.174
0.710796,40.0635,4.2754,-25.2003,47.523
0.714903,43.7650,6.1018,-24.7765,50.660
0.719885,44.1070,7.8762,-23.0684,50.395
0.725281,41.4918,9.0539,-20.6301,47.214
0.730114,36.4867,9.3661,-17.4354,41.509
0.735989,31.0693,8.5592,-13.7482,35.037
0.739731,26.4994,6.8979,-10.0474,29.168
0.744732,23.0353,5.1543,-6.8429,24.577
0.749822,19.8379,3.5799,-4.3681,20.626
0.755213,16.3157,2.1838,-2.5014,16.650
0.762121,12.7911,1.1729,-1.0995,12.892
0.764646,9.5939,0.5953,-0.1818,9.614
0.769671,7.4045,0.0941,0.1851,7.407
0.774829,6.2622,-0.7553,0.2062,6.311
0.779842,5.2653,-1.7082,0.1527,5.538
0.785234,4.1399,-2.4832,0.1826,4.831
0.789857,2.9324,-3.1115,0.0043,4.276
0.794646,1.6312,-3.8282,-0.6700,4.215
0.799757,0.3146,-4.6902,-1.5565,4.952
0.804709,-1.1650,-5.6533,-2.5500,6.310
0.810507,-2.8318,-6.6500,-3.5166,8.038
0.814723,-4.8125,-7.6499,-4.2806,10.000
0.822033,-6.8668,-8.5221,-4.7211,11.919
0.825483,-8.4951,-9.4100,-4.9767,13.619
0.831579,-11.2023,-9.6418,-4.6713,15.501
0.837047,-13.5226,-10.0013,-3.9690,17.281
0.839436,-15.9597,-10.4537,-2.8913,19.296
0.844253,-18.9541,-10.5309,-1.7259,21.752
0.849349,-22.2697,-10.3914,-0.4360,24.579
0.854526,-25.0649,-10.3321,0.7256,27.121
0.861361,-27.1228,-10.5906,1.6489,29.164
0.864401,-28.3280,-11.0627,2.5127,30.515
0.869239,-28.7388,-12.0297,3.2778,31.327
0.874350,-28.4313,-13.4013,3.8035,31.661
0.879459,-26.9548,-14.9281,3.4478,31.005
0.887234,-24.7226,-16.4395,2.1358,29.766
0.889342,-22.4021,-17.8319,0.1064,28.633
0.894175,-19.8891,-19.0211,-2.3717,27.623
0.899384,-16.9269,-19.8433,-5.0858,26.573
0.904197,-13.9916,-20.1864,-7.7007,25.740
0.910072,-11.1793,-20.1855,-9.9666,25.135
0.914264,-8.5714,-19.7707,-12.0133,24.671
0.921659,-6.0603,-19.0407,-13.7065,24.231
0.924129,-3.6825,-18.0912,-14.9965,23.785
0.931295,-1.2412,-17.0138,-15.7211,23.198
0.934170,1.1416,-15.7031,-15.7786,22.290
0.939037,3.4721,-13.8433,-15.5106,21.078
0.944646,6.1794,-11.1694,-15.6645,20.207
0.949268,9.9182,-7.9434,-16.7769,21.046
0.953909,14.6017,-4.5535,-18.1666,23.748
0.958966,20.8358,-1.7955,-19.7215,28.745
0.963832,26.9226,0.7499,-20.7498,33.999
0.971242,31.4621,3.6322,-20.7512,37.864
0.973910,34.9220,5.7233,-19.7852,40.543
0.978853,37.0596,6.3675,-19.0978,42.174
0.983655,36.7336,6.9444,-17.4123,41.240
0.989187,33.5527,7.8918,-14.1088,37.244
0.995597,29.6487,8.3845,-9.9426,32.376
0.998936,26.5464,7.9054,-6.3649,28.420
1.003855,23.4181,6.9622,-3.3964,24.666
1.008981,19.7927,6.2059,-0.9239,20.763
1.013946,16.2445,5.6955,0.8902,17.237
1.020417,13.2584,5.1149,1.9280,14.341
1.023816,10.7564,4.3071,2.3356,11.820
1.028820,8.6814,3.3543,2.1933,9.562
1.033574,6.6453,2.4519,1.7779,7.303
1.038616,4.6791,1.6342,1.4297,5.158
1.043524,3.1870,0.6626,0.9141,3.381
1.048801,1.8750,-0.3523,0.3034,1.932
1.053482,0.6847,-1.2357,-0.2748,1.439
1.058621,-0.2547,-2.1113,-0.7307,2.249
1.063649,-1.0399,-3.0052,-1.1666,3.387
1.068658,-1.7501,-3.9602,-1.5252,4.590
1.073592,-2.2877,-4.7896,-1.7546,5.590
1.078739,-2.9283,-5.4458,-1.9273,6.477
1.083375,-3.6160,-6.0051,-2.1367,7.328
1.088649,-4.2314,-6.4366,-2.3498,8.053
1.093422,-4.8524,-6.7641,-2.6083,8.724
1.098523,-5.4479,-7.0221,-2.7448,9.302
1.103438,-5.8287,-7.1496,-2.7540,9.627
1.108393,-6.1785,-7.1957,-2.7260,9.868
1.113428,-6.5113,-7.1475,-2.6155,10.016
1.120884,-6.6835,-6.9399,-2.4776,9.948
1.123371,-6.7087,-6.7272,-2.1861,9.749
1.130732,-6.6020,-6.5157,-1.8651,9.461
1.133526,-6.4212,-6.2490,-1.5433,9.092
1.138419,-6.0946,-5.9858,-1.2592,8.635
1.143295,-5.7145,-5.7320,-1.0128,8.157
1.148348,-5.2724,-5.4687,-0.9738,7.659
1.153156,-4.8505,-5.2685,-1.0036,7.231
1.158639,-4.5677,-5.0360,-1.0127,6.874
1.163571,-4.2941,-4.7046,-1.0551,6.456
1.168543,-3.8661,-4.2652,-1.0988,5.861
1.173235,-3.3163,-3.8806,-1.1877,5.241
1.178197,-2.8095,-3.5742,-1.2611,4.718
1.183397,-2.3493,-3.2694,-1.1997,4.201
1.188311,-1.9820,-3.0090,-1.1286,3.776
1.193450,-1.5957,-2.7354,-0.9758,3.314
1.198149,-1.1751,-2.5202,-0.7559,2.882
1.203040,-0.8869,-2.2437,-0.5881,2.483
1.208229,-0.6246,-1.9632,-0.4247,2.103
1.213308,-0.4069,-1.7504,-0.3276,1.827
1.221087,-0.1995,-1.5716,-0.1726,1.594
1.223048,-0.0355,-1.3214,-0.0409,1.323
1.230318,0.1427,-1.0670,0.0343,1.077
1.233057,0.2107,-0.8610,0.0388,0.887
1.237965,0.2503,-0.7032,0.0154,0.747
1.243219,0.2137,-0.5792,0.0118,0.617
1.247953,0.2347,-0.3980,-0.0151,0.462
1.252853,0.2320,-0.2698,0.0114,0.356
1.257797,0.2775,-0.1084,0.1248,0.323
1.263303,0.2993,0.0144,0.1629,0.341
1.268347,0.3313,0.1083,0.1257,0.371
1.272851,0.3112,0.1111,0.0616,0.336
1.277636,0.3206,0.1666,0.0563,0.366
1.282689,0.3212,0.2363,0.0669,0.404
1.287686,0.2841,0.3489,-0.0262,0.451
1.293606,0.1902,0.4038,-0.1848,0.483
1.297780,0.1355,0.3871,-0.3613,0.547
1.302579,0.1676,0.3131,-0.5612,0.664
1.307553,0.1525,0.2395,-0.6797,0.737
1.312707,0.1429,0.2283,-0.7602,0.807
1.321446,0.1821,0.1745,-0.8123,0.851
1.322928,0.2220,0.1066,-0.8169,0.853
1.329712,0.1913,0.0153,-0.8504,0.872
1.332704,0.1040,-0.0278,-0.8941,0.901
1.337409,-0.0740,-0.1375,-0.9674,0.980
1.343091,-0.2663,-0.2040,-1.1038,1.154
1.347709,-0.5071,-0.2989,-1.2610,1.392
1.352549,-0.7781,-0.3938,-1.3960,1.646
1.357430,-1.0557,-0.5079,-1.4663,1.877
1.363438,-1.2643,-0.6653,-1.4382,2.027
1.367362,-1.5145,-0.8611,-1.4312,2.255
1.372353,-1.7110,-1.0334,-1.3779,2.428
1.377267,-1.8448,-1.2253,-1.2397,2.538
1.382330,-2.0555,-1.4276,-1.1496,2.754
1.387234,-2.4204,-1.6403,-1.2224,3.169
1.393466,-2.8400,-2.0217,-1.3522,3.739
1.397281,-3.2824,-2.4185,-1.5105,4.348
1.402144,-3.8451,-2.7977,-1.6302,5.027
1.407102,-4.5580,-3.1835,-1.7251,5.821
1.412375,-5.4470,-3.5858,-1.6989,6.739
1.417201,-6.7223,-3.9191,-1.5847,7.941
1.422286,-8.1907,-4.1838,-1.3439,9.295
1.429325,-9.7320,-4.5239,-1.0325,10.782
1.432121,-11.4655,-4.9437,-0.6196,12.501
1.437131,-12.8206,-5.3850,0.0042,13.906
1.442134,-13.6063,-6.0281,0.7626,14.901
1.447730,-14.3416,-6.9140,1.3426,15.978
1.452523,-15.1250,-7.9914,1.8047,17.201
1.457110,-15.8549,-9.0982,2.0568,18.395
1.463045,-16.1995,-10.6022,1.7904,19.443
1.467060,-15.5319,-12.6494,0.6188,20.041
1.471935,-16.6990,-13.0326,0.1191,21.183
1.476913,-16.0073,-14.3670,-1.0906,21.537
1.481967,-13.8153,-16.6636,-3.5002,21.927
1.486912,-12.0688,-18.2420,-5.6718,22.596
1.491791,-10.1200,-18.6896,-7.8363,22.652
1.497041,-7.6583,-18.4632,-10.1260,22.407
1.507249,-5.1023,-17.9341,-12.0461,22.199
1.507881,-1.9260,-17.0935,-13.4005,21.805
1.512387,1.9241,-15.3320,-14.3174,21.066
1.516771,6.3981,-12.4477,-15.1804,20.648
1.521788,11.6751,-9.4720,-16.5104,22.330
1.527389,18.0161,-6.5393,-17.8680,26.203
1.531707,25.2613,-3.2010,-18.8081,31.656
1.536711,31.8960,0.6441,-19.4909,37.385
1.541764,37.1622,4.5023,-19.3501,42.139
1.546759,40.8616,7.3106,-18.4059,45.408
1.552485,43.5585,7.8786,-18.2299,47.872
1.556997,43.4828,7.1829,-17.8331,47.543
1.562001,39.7319,6.2869,-16.4412,43.456
1.566547,32.9717,5.7430,-13.6900,36.160
1.572315,27.1190,4.5637,-10.5340,29.449
1.578555,22.1909,3.0594,-7.6532,23.672
1.581525,17.3012,2.0106,-5.1724,18.169
1.586499,12.7424,1.4616,-3.1325,13.203
1.591511,8.9739,1.1354,-1.6406,9.193
1.596654,6.1650,0.8008,-0.5426,6.240
1.601713,3.9876,0.4819,0.2716,4.026
1.606398,2.2395,0.2750,0.7765,2.386
1.611342,0.8394,0.0930,0.9587,1.278
1.616627,-0.1733,-0.1087,0.8750,0.899
1.621493,-0.9144,-0.3874,0.5122,1.117
1.628628,-1.4817,-0.7146,0.0494,1.646
1.631785,-1.7933,-1.1616,-0.5567,2.208
1.636469,-2.0946,-1.7151,-1.2712,2.991
1.641284,-2.4637,-2.2942,-1.9633,3.897
1.646574,-2.8496,-2.8945,-2.5553,4.799
1.651482,-3.1996,-3.5486,-3.0098,5.647
1.656476,-3.6782,-4.2345,-3.2653,6.490
1.661470,-4.2519,-4.8221,-3.2295,7.195
1.666327,-4.6746,-5.2924,-3.1175,7.719
1.671239,-4.9913,-5.6130,-2.9284,8.062
1.676726,-5.1558,-5.7992,-2.7863,8.245
1.681183,-5.2816,-5.8614,-2.6071,8.310
1.686199,-5.3077,-5.8161,-2.3873,8.228
1.691633,-5.2556,-5.6499,-2.1387,8.007
1.696710,-5.1688,-5.3737,-2.0281,7.727
1.701640,-4.9515,-4.9982,-1.9790,7.309
1.706175,-4.7471,-4.6967,-2.0253,6.978
1.711024,-4.5233,-4.4745,-2.2916,6.763
1.716027,-4.3581,-4.2172,-2.5939,6.596
1.721207,-4.1473,-3.9206,-2.8951,6.399
1.730610,-3.9188,-3.5994,-3.2066,6.212
1.730945,-3.6192,-3.3255,-3.4439,6.001
1.735913,-3.3196,-3.0368,-3.5366,5.723
1.740919,-2.9669,-2.7527,-3.5618,5.391
1.746141,-2.5537,-2.5448,-3.5263,5.043
1.751513,-2.1135,-2.4084,-3.4447,4.705
1.755906,-1.6885,-2.2858,-3.3654,4.405
1.760758,-1.3068,-2.2391,-3.2505,4.158
1.765841,-1.0965,-2.1870,-3.0815,3.935
1.770791,-0.9904,-2.1677,-2.8529,3.717
1.776697,-0.9491,-2.0805,-2.6285,3.484
1.780812,-0.9205,-1.8969,-2.3117,3.129
1.785817,-0.8996,-1.7128,-1.9310,2.733
1.790609,-0.8240,-1.5377,-1.6346,2.391
1.795775,-0.8184,-1.3477,-1.2976,2.042
1.801830,-0.8924,-1.1671,-0.8850,1.715
1.805777,-1.0075,-0.9576,-0.4024,1.447
1.811190,-1.0445,-0.7769,0.2241,1.321
1.815657,-0.8982,-0.7114,0.7609,1.375
1.822947,-0.6737,-0.6991,1.2670,1.596
1.831206,-0.4709,-0.6446,1.7294,1.905
1.831666,-0.3136,-0.5436,2.1592,2.249
1.835500,-0.1339,-0.4775,2.4460,2.496
1.840697,0.0012,-0.4465,2.5144,2.554
1.845630,0.1405,-0.4219,2.4697,2.509
1.850503,0.2410,-0.4370,2.3021,2.356
1.855497,0.2359,-0.4151,2.0825,2.136
1.860497,0.1733,-0.4087,1.8536,1.906
1.865447,0.1201,-0.3985,1.5568,1.611
1.870973,0.0142,-0.4130,1.3255,1.388
1.875369,-0.1255,-0.4040,1.1109,1.189
1.880669,-0.2510,-0.3620,0.8933,0.996
1.885523,-0.3101,-0.3204,0.6960,0.827
1.890362,-0.3744,-0.2598,0.5614,0.723
1.895424,-0.3724,-0.1753,0.4412,0.603
1.900446,-0.3853,-0.1676,0.3306,0.535
1.906049,-0.4082,-0.1118,0.2914,0.514
1.910418,-0.4507,-0.0896,0.3236,0.562
1.915694,-0.4364,-0.0579,0.3842,0.584
1.920858,-0.4181,-0.0455,0.4691,0.630
1.925519,-0.4199,-0.1194,0.5687,0.717
1.930824,-0.3457,-0.1504,0.5828,0.694
1.937795,-0.2964,-0.1529,0.5829,0.672
1.940242,-0.3006,-0.1652,0.5503,0.648
1.945158,-0.3105,-0.2113,0.5186,0.640
1.950273,-0.3309,-0.2145,0.5355,0.665
1.955162,-0.2806,-0.2084,0.5194,0.626
1.960042,-0.2696,-0.1786,0.5037,0.599
1.965113,-0.1782,-0.1777,0.5793,0.632
1.970051,-0.0973,-0.1674,0.6171,0.647
1.975107,-0.0121,-0.1957,0.6699,0.698
1.980025,0.0346,-0.2146,0.6948,0.728
1.985037,0.1099,-0.2002,0.7062,0.742
1.990415,0.2521,-0.1527,0.7328,0.790
1.995069,0.2986,-0.0959,0.7508,0.814
2.000233,0.3121,-0.0537,0.7503,0.814
2.005202,0.3353,-0.0548,0.7604,0.833
2.009799,0.2584,-0.0227,0.7427,0.787
2.015104,0.2054,0.0283,0.5964,0.631
2.020039,0.1573,-0.0022,0.4889,0.514
2.024793,0.1618,-0.0279,0.4153,0.447
2.029877,0.1471,-0.0345,0.3516,0.383
2.036121,0.1658,0.0021,0.2687,0.316
2.039742,0.1800,0.0099,0.2576,0.314
2.044817,0.1796,0.0416,0.2417,0.304
2.049861,0.2321,0.0687,0.2352,0.337
2.054865,0.3087,0.0527,0.1949,0.369
2.059766,0.4048,0.0799,0.1353,0.434
2.064683,0.4055,0.1167,0.1090,0.436
2.069882,0.3876,0.1010,0.1210,0.418
2.074768,0.3988,0.0661,0.1236,0.423
2.079532,0.3387,0.0504,0.1214,0.363
2.084561,0.2882,0.0250,0.1101,0.310
2.089616,0.2520,0.0379,0.1136,0.279
2.094765,0.2300,0.0027,0.1318,0.265
2.099526,0.1790,-0.0230,0.1602,0.241
2.104562,0.1131,-0.0585,0.2037,0.240
2.109744,0.1091,-0.0799,0.2820,0.313
2.114479,0.2873,-0.1022,0.7361,0.797
2.119390,0.6427,-0.1827,1.2408,1.409
2.124415,0.8935,-0.3212,1.2740,1.589
2.129783,1.1320,-0.3743,1.4207,1.855
2.140004,1.0847,-0.1123,1.3648,1.747
2.140486,0.5879,0.3259,0.9614,1.173
2.144781,0.2440,0.4668,0.5110,0.734
2.149569,0.2734,0.3399,0.1131,0.451
2.154430,0.3458,0.1897,-0.3098,0.502
2.159310,0.2271,0.1076,-0.7203,0.763
2.164299,0.0224,0.1266,-0.8981,0.907
2.169270,0.0093,0.1510,-0.8577,0.871
2.174563,-0.0566,0.1424,-0.7716,0.787
2.179553,-0.2043,0.1774,-0.7355,0.784
2.184831,-0.2664,0.1650,-0.6871,0.755
2.189236,-0.2091,0.1148,-0.6785,0.719
2.194239,-0.1520,-0.0547,-0.5946,0.616
2.199577,-0.1814,-0.1184,-0.5311,0.574
2.204538,-0.1631,-0.1149,-0.4875,0.527
2.209689,-0.1927,-0.1016,-0.4351,0.487
2.214142,-0.2080,-0.1026,-0.3639,0.432
2.219118,-0.2091,-0.1132,-0.3647,0.435
2.223997,-0.1960,-0.1332,-0.3704,0.440
2.229162,-0.1255,-0.1245,-0.3523,0.394
2.236733,-0.1317,-0.1063,-0.3150,0.358
2.239185,-0.0710,-0.0881,-0.2443,0.269
2.244100,-0.0054,-0.0747,-0.2119,0.225
2.249080,0.0359,-0.1093,-0.1074,0.157
2.254192,-0.0331,-0.1008,-0.0122,0.107
2.259746,-0.1072,-0.0399,0.0211,0.116
2.263993,-0.0716,0.0113,0.0355,0.081
2.268887,-0.0557,0.0288,0.0311,0.070
2.273839,-0.0448,0.0846,0.0220,0.098
2.278759,0.0427,0.1211,-0.0349,0.133
2.285042,0.1493,0.1289,-0.0342,0.200
2.289230,0.1796,0.1367,-0.0287,0.228
2.293885,0.2102,0.1780,0.0007,0.275
2.299203,0.2078,0.2049,0.0302,0.293
2.304600,0.2491,0.1886,0.0455,0.316
2.308725,0.3148,0.1581,0.0608,0.358
2.313928,0.3096,0.1707,0.0808,0.363
2.320717,0.2810,0.1833,0.0911,0.348
2.324354,0.2816,0.1673,0.0296,0.329
2.328771,0.2491,0.1226,0.0301,0.279
2.333710,0.2074,0.0780,-0.0126,0.222
2.338628,0.1803,0.0815,-0.0363,0.201
2.343606,0.0813,0.1088,-0.0841,0.160
2.348763,0.0013,0.0884,-0.1128,0.143
2.353591,-0.0118,0.0960,-0.1170,0.152
2.358437,-0.0346,0.0323,-0.1734,0.180
2.363509,-0.0669,-0.0594,-0.1200,0.150
2.368541,-0.0468,-0.0887,-0.0713,0.123
2.373708,-0.0511,-0.0466,0.0059,0.069
2.378490,-0.0081,-0.0192,0.0453,0.050
2.383459,0.0060,-0.0160,0.0802,0.082
2.388523,-0.0372,-0.0415,0.1108,0.124
2.393454,-0.2089,-0.0764,0.1420,0.264
2.398471,-0.0895,-0.0447,0.0879,0.133
2.403462,-0.0044,0.0104,0.0205,0.023
2.408955,0.0184,-0.0395,-0.0178,0.047
2.413685,0.0316,-0.0460,-0.0135,0.057
2.421078,0.0355,-0.0192,-0.0094,0.041
2.429247,0.0351,0.0122,-0.0105,0.039
2.434704,0.0968,0.0531,-0.0264,0.114
2.434968,0.0967,0.0557,-0.0333,0.116
2.438223,0.0827,0.0870,-0.0693,0.139
2.443226,0.0502,0.0802,-0.0773,0.122
2.448519,0.0181,0.1402,-0.0576,0.153
2.453292,0.0196,0.1143,-0.0006,0.116
2.458120,-0.0122,0.0982,0.0507,0.111
2.463850,-0.0198,0.1061,0.1536,0.188
2.468324,-0.0274,0.0615,0.1703,0.183
2.473126,-0.0300,0.0839,0.1444,0.170
2.477942,-0.0136,0.0679,0.1237,0.142
2.482958,-0.0451,0.0901,0.0989,0.141
2.487957,-0.0908,0.0359,-0.0063,0.098
2.493046,-0.1316,-0.0273,-0.1153,0.177
2.498052,-0.0772,-0.0471,-0.2094,0.228
2.503359,-0.0662,0.0284,-0.3413,0.349
2.508466,-0.0025,-0.0579,-1.0017,1.003
2.516007,0.2096,-0.1708,-2.2789,2.295
2.524971,0.2877,-0.1062,-1.7536,1.780
2.525442,0.2082,-0.0276,-0.3834,0.437
2.527765,0.2337,-0.0116,0.2636,0.352
2.532890,0.2784,-0.0578,0.2794,0.399
2.537867,0.3092,-0.1704,0.1679,0.391
2.542812,0.3213,-0.1776,0.1720,0.405
2.547737,0.2674,-0.1089,0.3005,0.417
2.552788,0.1947,0.0540,0.4289,0.474
2.557635,0.1414,0.1582,0.4815,0.526
2.563640,0.1358,0.1806,0.4162,0.474
2.568251,0.1395,0.2026,0.3094,0.395
2.572738,0.1193,0.1863,0.2466,0.331
2.577659,0.0658,0.1843,0.2085,0.286
2.582621,-0.0115,0.2061,0.1469,0.253
2.587703,-0.0647,0.2183,-0.0381,0.231
2.593038,-0.0894,0.2829,-0.2559,0.392
2.597533,-0.0717,0.2951,-0.5593,0.636
2.602772,0.0266,0.2602,-0.7437,0.788
2.607457,0.1577,0.2404,-0.7772,0.829
