0.002533,-0.3309,0.1761,-0.7789,0.864
0.002886,-0.3214,0.2020,-0.8164,0.900
0.007120,-0.2550,0.1379,-0.7226,0.779
0.011846,-0.1794,0.0892,-0.6504,0.681
0.016974,-0.1134,0.0127,-0.5377,0.550
0.021940,-0.0947,-0.0296,-0.4271,0.439
0.027122,-0.0946,-0.1284,-0.2757,0.319
0.031857,-0.3322,-0.1926,-0.4741,0.610
0.036906,-0.3206,-0.1372,-0.5390,0.642
0.041823,-0.0846,-0.1060,-0.1998,0.242
0.048331,0.0507,-0.0990,0.0179,0.113
0.052533,0.1574,-0.0826,0.0580,0.187
0.056823,0.1358,-0.0619,0.1698,0.226
0.061682,0.0962,0.0011,0.2818,0.298
0.067405,0.0479,0.0109,0.3704,0.374
0.071905,-0.0282,-0.0273,0.4074,0.409
0.077166,-0.0801,-0.0228,0.4408,0.449
0.082054,-0.1129,0.0004,0.4039,0.419
0.086839,-0.1602,0.0183,0.3591,0.394
0.092120,-0.2359,0.0453,0.3254,0.404
0.096916,-0.2689,0.0623,0.2836,0.396
0.101879,-0.2500,0.0647,0.2286,0.345
0.108884,-0.1890,0.0955,0.2034,0.294
0.112798,-0.1336,0.1069,0.1505,0.228
0.117121,-0.0503,0.1133,0.1081,0.164
0.121602,0.0038,0.1100,0.0664,0.129
0.127664,-0.0137,0.1210,0.0349,0.127
0.131568,-0.0216,0.1365,-0.0294,0.141
0.136683,0.0516,0.0427,-0.0124,0.068
0.141458,0.1819,-0.0932,0.0045,0.204
0.147005,0.1507,-0.0713,-0.0689,0.180
0.152354,-0.0032,0.0550,-0.1320,0.143
0.156775,-0.0943,0.1421,-0.0710,0.185
0.161647,-0.1088,0.0956,-0.0723,0.162
0.167396,-0.0995,-0.0219,-0.0877,0.134
0.171988,-0.0376,-0.1528,-0.1355,0.208
0.176873,0.3869,-0.7867,0.1176,0.884
0.185926,1.1633,-1.5968,0.5330,2.046
0.186416,0.4055,-0.3581,0.1926,0.574
0.191670,-0.3995,0.8795,-0.1862,0.984
0.196448,0.3678,0.4589,-0.9154,1.088
0.202675,-0.3070,0.3559,-0.5047,0.690
0.206465,-0.7586,0.4013,-0.5020,0.994
0.211176,-0.8275,0.4370,-0.8798,1.284
0.216312,-0.8258,0.5061,-1.1462,1.501
0.221138,-0.6780,0.4612,-1.2653,1.508
0.227213,-0.5037,0.2796,-1.2388,1.366
0.231750,-0.3598,0.1239,-1.2101,1.268
0.236464,-0.2883,0.0840,-1.1835,1.221
0.241206,-0.2697,0.1304,-1.0449,1.087
0.246546,-0.1513,0.1055,-0.8804,0.899
0.251141,-0.0288,0.0098,-0.7326,0.733
0.256661,0.1125,-0.1040,-0.6010,0.620
0.261380,0.1205,-0.0553,-0.5138,0.531
0.266209,0.0771,0.0596,-0.4751,0.485
0.271282,0.0301,0.1451,-0.3086,0.342
0.276056,0.0984,0.1254,-0.2577,0.303
0.281091,0.1242,0.1343,-0.2405,0.302
0.286437,0.0838,0.1954,-0.2330,0.315
0.291668,0.0063,0.2179,-0.1683,0.275
0.295973,-0.1562,0.2544,-0.1656,0.341
0.300990,-0.1846,0.2669,-0.1102,0.343
0.306090,-0.2276,0.3029,-0.0977,0.391
0.315182,-0.2425,0.3242,-0.0844,0.414
0.316082,-0.2724,0.3024,-0.0707,0.413
0.320860,-0.3125,0.3093,-0.0753,0.446
0.325919,-0.3151,0.3064,-0.0887,0.448
0.330683,-0.3381,0.3367,-0.1156,0.491
0.336040,-0.4142,0.3049,-0.1515,0.536
0.340853,-0.4435,0.2925,-0.1918,0.565
0.345753,-0.4216,0.2565,-0.2177,0.539
0.350971,-0.3963,0.2446,-0.2104,0.511
0.356032,-0.3577,0.2424,-0.1891,0.472
0.360706,-0.2533,0.2165,-0.1208,0.354
0.365833,-0.1166,0.1624,-0.0865,0.218
0.370951,0.0764,0.0803,-0.0955,0.146
0.375641,0.2451,-0.0722,-0.1383,0.291
0.380842,0.3429,-0.1332,-0.1909,0.414
0.386347,0.3222,-0.1221,-0.0871,0.355
0.390680,0.2507,-0.0398,0.0296,0.256
0.395821,0.1046,0.0940,0.1646,0.216
0.400485,-0.0303,0.1553,0.3322,0.368
0.406433,-0.1740,0.2539,0.5756,0.653
0.411454,-0.2648,0.3038,0.6806,0.791
0.415500,-0.2747,0.2294,0.6724,0.762
0.420304,-0.2662,0.1742,0.6041,0.683
0.425655,-0.2725,0.0764,0.5093,0.583
0.430405,-0.2650,-0.0066,0.4592,0.530
0.436940,-0.3148,-0.0321,0.3489,0.471
0.440376,-0.3742,0.0042,0.2305,0.440
0.445690,-0.4574,0.0496,0.1042,0.472
0.450576,-0.6405,0.0898,0.0412,0.648
0.455852,-0.8711,0.1818,0.0456,0.891
0.463351,-0.9018,0.1733,-0.0166,0.918
0.465308,-0.7961,0.1222,-0.0642,0.808
0.470066,-0.6640,0.0764,-0.0215,0.669
0.475123,-0.5528,0.0025,-0.0032,0.553
0.480139,-0.4669,-0.0090,0.0862,0.475
0.485414,-0.4060,-0.0537,0.1657,0.442
0.490206,-0.3937,-0.0078,0.2258,0.454
0.495304,-0.4681,0.0614,0.2528,0.536
0.500137,-0.5382,0.0918,0.2802,0.614
0.505926,-0.5612,0.0553,0.2938,0.636
0.510203,-0.5326,0.0475,0.3032,0.615
0.515304,-0.5198,0.1252,0.3701,0.650
0.519968,-0.3799,0.1214,0.1898,0.442
0.525421,-0.2610,0.1510,-0.0701,0.310
0.530796,-0.2440,0.2425,0.1460,0.374
0.535541,-0.2423,0.2811,0.2880,0.470
0.540380,-0.1555,0.3386,0.4096,0.554
0.544914,-0.0698,0.4621,0.5398,0.714
0.550385,0.0288,0.5608,0.7215,0.914
0.555848,0.1258,0.5826,0.9924,1.158
0.560646,0.3395,0.5802,1.3384,1.498
0.565363,0.4700,0.5871,1.4458,1.630
0.569824,0.4391,0.7456,1.4111,1.655
0.575165,0.5279,1.0641,1.4968,1.911
0.579825,0.7773,1.2943,1.6778,2.257
0.590918,1.0942,1.3227,1.9436,2.593
0.591298,1.3591,1.2071,2.2493,2.892
0.594622,1.5586,1.2156,2.4470,3.146
0.599647,1.7644,1.3144,2.6044,3.409
0.604721,1.9336,1.4843,2.7023,3.639
0.610204,2.1380,1.5529,2.7979,3.849
0.614828,2.2819,1.4726,2.8726,3.953
0.619521,2.3609,1.3822,2.9124,3.996
0.624650,2.4997,1.3152,2.9127,4.057
0.630574,2.7034,1.2668,2.9647,4.207
0.634672,2.9391,1.2944,2.9727,4.376
0.640101,3.1832,1.2927,2.9459,4.526
0.644603,3.4458,1.3431,2.9468,4.729
0.649566,3.6943,1.3309,2.8988,4.881
0.655484,3.8141,1.2035,2.7826,4.872
0.659706,3.8773,1.1191,2.6072,4.804
0.664649,3.8409,1.0157,2.4060,4.645
0.669478,3.6759,0.9508,2.2410,4.409
0.674485,3.4825,0.8481,2.0210,4.115
0.679665,3.3418,0.7795,1.7789,3.865
0.687988,3.2250,0.7595,1.4902,3.633
0.689308,3.1704,0.7260,1.0344,3.413
0.696798,3.0681,0.7127,0.6598,3.218
0.699315,2.8750,0.6239,0.3426,2.962
0.704600,2.6772,0.5125,0.0633,2.727
0.709333,2.3690,0.4743,-0.1691,2.422
0.714505,2.0503,0.4327,-0.4940,2.153
0.719283,1.8303,0.2443,-0.8787,2.045
0.724310,1.6892,-0.0286,-1.2809,2.120
0.729224,1.5554,-0.3044,-1.5763,2.235
0.734559,1.5535,-0.5975,-1.7026,2.381
0.739485,1.6262,-0.8553,-1.7121,2.511
0.744402,1.6298,-1.1017,-1.7194,2.613
0.749405,1.4923,-1.2649,-1.7722,2.640
0.754598,1.3139,-1.4456,-1.8943,2.721
0.759353,1.2188,-1.6341,-2.1479,2.961
0.764511,1.0580,-1.9310,-2.4178,3.270
0.768990,0.7401,-2.1878,-2.7093,3.560
0.774384,0.3173,-2.4238,-3.0514,3.910
0.778927,-0.1202,-2.5962,-3.4111,4.288
0.784858,-0.5299,-2.7770,-3.7700,4.712
0.789127,-0.9505,-2.9519,-4.1862,5.210
0.794543,-1.3202,-3.2313,-4.5886,5.765
0.799001,-1.4811,-3.6773,-5.0550,6.424
0.804068,-1.8305,-4.0217,-5.6486,7.172
0.809166,-3.1643,-3.7868,-5.4254,7.334
0.813922,-3.9327,-3.9834,-5.4875,7.839
0.823316,-4.5728,-4.2811,-5.8302,8.557
0.823756,-5.1329,-4.6705,-5.9553,9.145
0.828735,-5.5417,-5.1564,-5.9403,9.622
0.834160,-5.8951,-5.7437,-5.9529,10.158
0.838909,-6.4425,-6.1212,-5.7819,10.602
0.843901,-7.4487,-6.2707,-5.1576,11.018
0.848832,-8.4179,-6.5186,-4.4185,11.527
0.853862,-9.4915,-6.7603,-3.6536,12.212
0.859116,-10.5045,-7.0444,-2.7944,12.953
0.864161,-11.5410,-7.1947,-2.0208,13.749
0.869999,-12.7672,-7.1693,-1.0672,14.681
0.873739,-13.6407,-7.3806,-0.3770,15.514
0.879134,-14.2275,-7.8049,0.0464,16.228
0.883722,-14.7071,-8.2980,0.3202,16.890
0.889277,-15.6995,-8.3713,0.7205,17.807
0.895614,-16.5043,-8.5462,1.1979,18.624
0.898657,-16.5482,-9.2844,1.0853,19.006
0.903756,-16.8897,-9.8457,1.0012,19.576
0.908835,-17.1262,-10.5568,1.2583,20.158
0.913614,-16.6039,-11.6909,1.1255,20.338
0.920663,-15.6574,-12.8114,0.6752,20.242
0.923621,-14.4657,-13.8699,0.1982,20.042
0.928453,-12.8857,-14.7848,-0.4140,19.616
0.933525,-10.9319,-15.3129,-1.1089,18.847
0.938882,-8.7627,-15.5657,-1.7210,17.945
0.944277,-6.2740,-15.5940,-2.3601,16.974
0.948507,-3.4345,-15.1770,-3.1106,15.869
0.954482,0.1113,-14.4842,-4.2468,15.094
0.959219,4.4822,-13.3382,-6.0987,15.336
0.963428,9.2679,-11.4836,-8.2989,16.930
0.968882,14.3515,-9.0027,-10.6914,20.033
0.973344,19.4946,-6.2329,-13.0997,24.300
0.980256,24.1086,-3.5027,-15.3301,28.784
0.983542,28.0785,-0.6701,-17.0226,32.842
0.990811,31.0310,2.2703,-18.0536,35.972
0.993344,33.5091,4.5076,-18.3827,38.485
0.998415,35.6153,5.8504,-18.6751,40.638
1.003349,36.2013,6.9861,-18.3282,41.174
1.008261,35.7531,7.8630,-17.1911,40.443
1.013633,34.4121,8.3851,-15.5172,38.669
1.018744,32.1406,8.5158,-13.5497,35.904
1.023225,28.8838,8.2919,-11.4847,32.170
1.030357,25.1248,7.7124,-9.6449,27.996
1.033267,21.7468,6.6457,-8.2157,24.178
1.038031,18.9823,5.2797,-6.9489,20.892
1.045503,16.7147,3.8102,-5.6395,18.047
1.047935,14.8414,2.2889,-4.3277,15.628
1.052981,13.1547,0.8865,-3.2458,13.578
1.057949,11.4612,-0.4231,-2.5494,11.749
1.063145,9.7884,-1.7387,-2.2087,10.184
1.068345,7.9521,-2.9480,-2.4719,8.834
1.073283,5.9784,-4.0014,-3.0851,7.828
1.077754,4.0749,-4.9739,-3.9052,7.523
1.082936,2.2297,-6.0463,-4.8559,8.069
1.087745,0.5892,-7.1741,-5.7551,9.216
1.097606,-0.9492,-8.3038,-6.5833,10.639
1.098010,-2.4346,-9.4109,-7.1381,12.060
1.102839,-4.1281,-10.3799,-7.4267,13.414
1.107786,-5.6975,-11.3448,-7.4415,14.715
1.112922,-7.3237,-12.0954,-7.3182,15.921
1.118804,-9.3991,-12.6857,-7.3300,17.407
1.122858,-12.4202,-12.9312,-7.4448,19.414
1.127712,-15.5539,-13.2897,-8.1148,22.009
1.133427,-19.7864,-12.0518,-8.3229,24.617
1.137848,-23.4048,-10.5925,-8.4694,27.050
1.143234,-25.8634,-9.9981,-8.1708,28.907
1.147959,-27.6141,-9.8934,-6.9383,30.142
1.154035,-28.3115,-9.8838,-5.2035,30.435
1.157894,-28.2735,-10.0481,-3.1730,30.173
1.163130,-27.9170,-10.3056,-1.1042,29.779
1.168338,-27.0491,-11.0868,0.6515,29.240
1.175644,-26.2140,-12.1742,1.8827,28.964
1.180702,-25.2208,-13.4063,2.3678,28.660
1.182952,-23.8766,-14.8119,1.9787,28.167
1.187467,-22.3741,-16.1358,1.1068,27.608
1.194413,-20.6656,-17.1423,-0.2328,26.851
1.197585,-18.9715,-17.7440,-1.7545,26.035
1.202675,-17.2024,-17.9646,-3.3137,25.092
1.207515,-15.2982,-17.8620,-4.7193,23.987
1.212712,-13.0792,-17.3181,-5.8437,22.475
1.217572,-10.4092,-16.5754,-6.5636,20.644
1.222620,-7.0659,-15.7531,-7.0768,18.659
1.228618,-2.8662,-14.6419,-7.3810,16.646
1.232500,2.0320,-13.1165,-7.9074,15.450
1.237319,7.6039,-11.1741,-8.9748,16.224
1.242330,13.3484,-8.6712,-10.5540,19.099
1.247481,19.0690,-6.0216,-12.1652,23.407
1.255184,24.6016,-3.4051,-13.9204,28.471
1.257407,29.1497,-0.4794,-15.2387,32.896
1.263157,32.3174,2.6889,-16.0486,36.183
1.267434,34.8018,4.9684,-16.0691,38.653
1.272270,36.9876,6.1584,-15.9021,40.729
1.277061,37.2507,7.4157,-15.1736,40.900
1.282296,36.0543,8.6416,-13.8429,39.575
1.287072,34.4740,8.7626,-12.5635,37.724
1.292140,32.2629,8.0718,-11.1461,35.075
1.297411,29.0387,7.5768,-9.5168,31.484
1.305540,25.2116,7.1704,-7.6932,27.317
1.307168,21.6416,6.1707,-5.8411,23.250
1.313156,18.5662,4.7849,-4.3429,19.659
1.317159,15.8875,3.4153,-3.1654,16.556
1.325083,13.3257,2.1900,-2.0604,13.661
1.330520,10.9022,1.1123,-1.1875,11.023
1.332089,8.7152,-0.0019,-0.5866,8.735
1.336896,6.8486,-0.9975,-0.2123,6.924
1.341878,5.2617,-1.9832,-0.0914,5.624
1.346901,3.7801,-2.9056,-0.2375,4.774
1.351952,2.3296,-3.7446,-0.6263,4.454
1.356912,1.0032,-4.4472,-1.1293,4.697
1.361889,-0.1347,-5.0703,-1.6854,5.345
1.367309,-1.0774,-5.5996,-2.2093,6.115
1.372615,-1.8703,-6.1404,-2.6013,6.926
1.377307,-2.5542,-6.5635,-2.9242,7.626
1.382142,-3.2413,-6.8934,-3.0921,8.221
1.386821,-3.8571,-7.0732,-3.3445,8.723
1.392199,-4.4132,-7.0750,-3.4326,9.017
1.396870,-4.9307,-7.0243,-3.2172,9.165
1.403481,-5.2487,-6.8072,-2.8321,9.050
1.407493,-5.3206,-6.5159,-2.3582,8.737
1.411763,-5.3003,-6.1947,-1.9954,8.393
1.416618,-5.2980,-5.8926,-1.7720,8.120
1.422651,-5.2127,-5.5819,-1.6208,7.807
1.427483,-5.0583,-5.2299,-1.4898,7.427
1.432554,-4.8486,-4.9044,-1.2938,7.017
1.436868,-4.6545,-4.5869,-1.2349,6.651
1.441894,-4.5188,-4.3066,-1.3188,6.380
1.446690,-4.3357,-3.9920,-1.4413,6.067
1.452587,-4.1333,-3.7536,-1.4504,5.769
1.456620,-3.8488,-3.5772,-1.5436,5.477
1.461595,-3.5533,-3.4295,-1.6690,5.213
1.466960,-3.3132,-3.2626,-1.7265,4.960
1.471646,-3.0942,-3.1436,-1.7454,4.744
1.477038,-2.9390,-3.0441,-1.7309,4.572
1.481568,-2.8041,-2.9496,-1.6210,4.381
1.486372,-2.7129,-2.8363,-1.3343,4.145
1.492174,-2.5599,-2.7283,-0.9472,3.859
1.496289,-2.4405,-2.6160,-0.5790,3.624
1.501994,-2.3882,-2.4040,-0.3054,3.402
1.506498,-2.3356,-2.2025,-0.0399,3.211
1.511605,-2.2252,-2.0355,0.1462,3.019
1.516244,-2.0948,-1.9316,0.2768,2.863
1.521781,-1.9440,-1.8572,0.3281,2.709
1.526649,-1.8683,-1.7357,0.3717,2.577
1.531787,-1.8196,-1.6007,0.4460,2.464
1.536726,-1.7930,-1.4666,0.5938,2.391
1.541673,-1.8075,-1.3955,0.7336,2.399
1.546208,-1.7191,-1.3443,0.8845,2.355
1.552820,-1.5706,-1.2650,0.9745,2.240
1.556143,-1.5053,-1.1000,0.9085,2.074
1.561339,-1.4803,-1.0172,0.8060,1.969
1.566092,-1.5142,-0.9397,0.6762,1.906
1.571112,-1.4492,-0.9058,0.6478,1.828
1.576143,-1.4098,-0.8676,0.5815,1.755
1.581233,-1.3237,-0.7435,0.4581,1.586
1.587243,-1.2004,-0.6916,0.3302,1.424
1.591082,-1.1112,-0.6350,0.1641,1.290
1.595903,-1.0897,-0.5642,-0.0118,1.227
1.601878,-1.0686,-0.5557,-0.1547,1.214
1.605872,-1.0096,-0.5712,-0.2362,1.184
1.611682,-0.9895,-0.5244,-0.3038,1.160
1.615985,-0.8978,-0.4634,-0.3575,1.072
1.621104,-0.8063,-0.4310,-0.3586,0.982
1.625961,-0.7145,-0.4176,-0.3647,0.904
1.631202,-0.6608,-0.4232,-0.3420,0.856
1.635799,-0.6878,-0.4476,-0.3479,0.891
1.641156,-0.6662,-0.5099,-0.3968,0.928
1.645865,-0.6632,-0.5574,-0.3787,0.945
1.650835,-0.7077,-0.5568,-0.4704,1.016
1.656284,-0.7615,-0.5800,-0.5858,1.122
1.661006,-0.8775,-0.6892,-0.7677,1.354
1.665931,-1.1519,-0.7937,-0.9828,1.710
1.671930,-1.4176,-0.8888,-1.2365,2.081
1.675544,-1.6562,-0.9843,-1.4623,2.419
1.681434,-1.8921,-1.0997,-1.6890,2.764
1.685973,-2.1352,-1.2495,-1.8593,3.095
1.691106,-2.3622,-1.3859,-2.0353,3.412
1.695484,-2.6600,-1.5572,-2.1648,3.767
1.700573,-3.0769,-1.8114,-2.3390,4.268
1.705590,-3.5514,-1.9669,-2.5489,4.794
1.713209,-4.0273,-2.1153,-2.7232,5.302
1.715509,-4.5536,-2.3143,-2.9342,5.891
1.720662,-5.2560,-2.4831,-3.1914,6.631
1.725522,-6.0831,-2.6750,-3.4336,7.480
1.730695,-7.0128,-2.9141,-3.7433,8.467
1.736102,-7.9659,-3.3735,-4.0784,9.564
1.740603,-9.2131,-3.9099,-4.2819,10.886
1.745398,-10.6760,-4.5717,-4.3500,12.402
1.750574,-12.3057,-5.1823,-4.1914,13.995
1.755549,-14.0924,-5.7280,-3.7811,15.675
1.760966,-15.8115,-6.2807,-3.1891,17.310
1.765530,-17.1995,-6.9546,-2.5128,18.722
1.770496,-18.2172,-8.0206,-1.6278,19.971
1.775297,-17.8175,-10.0591,-1.1669,20.494
1.780962,-18.6729,-10.9171,-0.1472,21.631
1.787927,-20.2012,-11.0147,2.6664,23.163
1.790372,-19.8836,-12.4250,4.5936,23.892
1.795252,-18.2973,-14.7572,5.2469,24.085
1.800307,-16.6183,-17.2038,5.1491,24.467
1.805189,-15.4085,-19.2741,4.0807,25.011
1.813433,-14.5597,-20.7029,1.7730,25.372
1.815181,-13.5334,-21.5416,-1.1333,25.465
1.821347,-11.9693,-21.9966,-4.5264,25.448
1.825072,-9.7437,-21.8846,-8.3909,25.383
1.831180,-6.3332,-21.3760,-12.3551,25.489
1.834983,-1.4703,-20.3589,-16.0440,25.963
1.840131,4.2904,-18.4055,-19.1489,26.904
1.846285,10.7585,-15.4262,-21.5361,28.592
1.850601,18.1243,-11.8805,-23.2814,31.807
1.855110,25.6150,-8.2720,-24.4959,36.395
1.861825,32.4822,-4.6523,-25.0359,41.274
1.864980,37.3472,-1.2168,-24.5564,44.714
1.870145,41.3402,0.9925,-23.1803,47.406
1.874927,42.7281,3.0748,-21.1966,47.796
1.880018,40.8131,5.1022,-18.6559,45.164
1.886837,38.2536,4.9099,-16.4842,41.943
1.889895,34.3731,4.0031,-14.4447,37.499
1.895327,29.5846,3.9201,-12.5319,32.368
1.899847,25.4299,3.9181,-10.6652,27.853
1.904905,22.0193,3.3489,-8.9323,23.997
1.910106,18.7485,2.3486,-7.6624,20.390
1.914901,15.3619,1.5213,-6.9470,16.928
1.923062,12.0772,1.0391,-6.4049,13.710
1.925035,9.1317,0.7139,-5.8994,10.895
1.929808,6.6385,0.2276,-5.5377,8.648
1.935533,4.5627,-0.5035,-5.1395,6.891
1.939675,2.6582,-1.2860,-4.6159,5.480
1.944631,0.8226,-2.0323,-3.9781,4.542
1.949678,-0.9419,-2.6403,-3.3766,4.389
1.955146,-2.7833,-3.2764,-2.9383,5.207
1.960524,-4.8604,-3.9102,-2.7574,6.820
1.964579,-7.1274,-4.3540,-2.8335,8.820
1.969584,-8.9737,-4.6074,-2.9136,10.500
1.974671,-10.1034,-4.8818,-2.8079,11.567
1.980895,-10.7457,-5.1500,-2.4019,12.156
1.984361,-11.0086,-5.2079,-1.7142,12.298
1.993176,-11.0339,-5.1344,-0.8541,12.200
1.994355,-10.7511,-4.9508,-0.0701,11.836
1.999429,-10.1700,-4.7266,0.7010,11.237
2.004465,-9.2129,-4.5883,1.2486,10.368
2.010359,-8.0552,-4.5090,1.4962,9.352
2.014643,-7.7441,-3.7486,2.1053,8.858
2.019438,-6.7557,-3.3425,2.5055,7.943
2.024316,-5.3505,-3.2434,2.4513,6.720
2.029388,-4.0659,-3.2600,1.9745,5.573
2.034299,-3.1336,-3.1149,1.4798,4.660
2.039300,-2.5707,-2.8272,0.9457,3.937
2.044489,-2.0262,-2.4496,0.4801,3.215
2.049940,-1.4512,-2.1064,0.1388,2.562
2.054577,-1.0409,-1.8788,-0.1369,2.152
2.059420,-0.7704,-1.6900,-0.3956,1.899
2.064365,-0.6633,-1.4298,-0.5809,1.680
2.069215,-0.6096,-1.1795,-0.6642,1.485
2.074626,-0.5616,-0.9869,-0.7470,1.359
2.079601,-0.4957,-0.8755,-0.8487,1.316
2.084022,-0.4071,-0.8023,-0.9028,1.275
2.089233,-0.2906,-0.7910,-0.9099,1.240
2.095149,-0.1748,-0.7983,-0.8991,1.215
2.099508,-0.0262,-0.7716,-0.9472,1.222
2.106103,0.0742,-0.7156,-0.9494,1.191
2.109129,0.1316,-0.7403,-0.8963,1.170
2.114068,0.2033,-0.7547,-0.8931,1.187
2.119025,0.2941,-0.7685,-0.7819,1.135
2.123884,0.3755,-0.7577,-0.5959,1.034
2.129036,0.4141,-0.7368,-0.5313,0.998
2.133915,0.4101,-0.7153,-0.4971,0.963
2.139144,0.4351,-0.6693,-0.3494,0.871
2.143992,0.4938,-0.6037,-0.0978,0.786
2.149018,0.5821,-0.5906,0.0720,0.832
2.154176,0.6714,-0.6205,0.2660,0.952
2.158962,0.7331,-0.6791,0.4803,1.109
2.164307,0.7386,-0.7094,0.6819,1.230
2.169778,0.6492,-0.7399,0.8138,1.277
2.173662,0.5123,-0.7086,0.8471,1.217
2.179249,0.3369,-0.6299,0.7914,1.066
2.183654,0.1272,-0.5849,0.7183,0.935
2.189272,-0.0696,-0.5161,0.5789,0.779
2.195255,-0.2061,-0.4426,0.4736,0.680
2.199073,-0.3831,-0.4455,0.4163,0.720
2.203841,-0.4809,-0.4484,0.4213,0.781
2.208834,-0.5620,-0.4321,0.4839,0.858
2.214128,-0.6360,-0.4015,0.5565,0.936
2.219913,-0.6741,-0.3663,0.6006,0.974
2.223568,-0.6187,-0.3743,0.6835,0.995
2.228926,-0.5798,-0.4303,0.7526,1.043
2.233598,-0.4375,-0.4914,0.8562,1.080
2.238814,-0.3686,-0.4331,0.9417,1.100
2.243751,-0.2916,-0.4425,1.0144,1.144
2.248678,-0.2447,-0.4285,1.1222,1.226
2.253537,-0.1801,-0.3912,1.2270,1.300
2.258767,-0.1263,-0.3403,1.3387,1.387
2.263802,-0.0881,-0.2856,1.3762,1.408
2.268559,-0.0415,-0.2413,1.3635,1.385
2.274004,0.0042,-0.2411,1.3342,1.356
2.278524,0.0392,-0.2320,1.2690,1.291
2.283669,0.0158,-0.2141,1.2107,1.230
2.288780,-0.1285,-0.1874,1.0541,1.078
2.295062,-0.3030,-0.1805,0.8899,0.957
2.298514,-0.4598,-0.1646,0.6938,0.848
2.303547,-0.5321,-0.1730,0.4127,0.695
2.308380,-0.5774,-0.0952,0.1509,0.604
2.313482,-0.6099,-0.0367,-0.0869,0.617
2.319388,-0.6106,0.0507,-0.2821,0.675
2.323695,-0.4644,0.1239,-0.4256,0.642
2.328233,-0.3335,0.1353,-0.5610,0.667
2.333691,-0.1408,0.1282,-0.6790,0.705
2.338757,0.0475,0.1648,-0.7510,0.770
2.343572,0.2364,0.1878,-0.7630,0.821
2.348215,0.3786,0.2018,-0.7195,0.838
2.356340,0.5219,0.2212,-0.5678,0.802
2.358110,0.5853,0.2268,-0.4081,0.749
2.363046,0.5975,0.2517,-0.2302,0.688
2.368909,0.6013,0.2672,-0.0431,0.659
2.373127,0.5533,0.2395,0.1490,0.621
2.378117,0.4820,0.1686,0.2745,0.580
2.383098,0.4112,0.1597,0.3816,0.583
2.388145,0.3786,0.1456,0.4899,0.636
2.394198,0.2884,0.1215,0.4749,0.569
2.398370,0.2365,0.0636,0.4805,0.539
2.403019,0.1985,0.0387,0.4779,0.519
2.407931,0.1459,0.0039,0.3761,0.403
2.412937,0.0975,0.0167,0.2323,0.252
2.417960,0.0586,-0.0043,0.0844,0.103
2.423165,0.0771,-0.0013,-0.1062,0.131
2.427897,0.0814,0.0114,-0.2250,0.240
2.432960,0.1386,0.0051,-0.3826,0.407
2.437849,0.1729,0.0375,-0.5606,0.588
2.443171,0.3204,-0.0965,-1.0329,1.086
2.447840,0.3727,-0.0432,-0.8510,0.930
2.453315,0.1705,0.1251,-0.5266,0.567
2.458186,0.1404,0.2505,-0.4380,0.524
2.462815,0.2301,0.2515,-0.3745,0.506
2.469376,0.2962,0.2242,-0.4172,0.559
2.473321,0.4013,0.1589,-0.4461,0.621
2.478007,0.4497,0.0125,-0.3942,0.598
2.482921,0.4702,-0.0475,-0.3376,0.581
2.487885,0.3669,-0.0357,-0.2809,0.463
2.492902,0.3473,-0.1193,-0.5500,0.661
2.497582,0.3239,-0.0832,-0.4885,0.592
2.502698,0.4251,-0.0956,-0.0760,0.442
2.507555,0.8145,-0.1901,0.4201,0.936
2.513136,1.0903,-0.1992,0.9044,1.431
2.517673,0.9696,-0.0846,0.9311,1.347
2.527432,0.6341,0.0679,0.4852,0.801
2.534083,0.3698,0.1338,0.1170,0.410
2.534449,0.2863,0.0942,-0.1022,0.318
2.537636,0.2251,0.1360,-0.1681,0.312
2.542370,0.0375,0.2305,-0.2826,0.367
2.547424,-0.0705,0.2820,-0.3550,0.459
2.552408,0.0692,0.2334,-0.4717,0.531
2.557437,0.2757,0.2186,-0.5127,0.622
2.562337,0.4970,0.1564,-0.5260,0.740
2.568680,0.4939,0.1949,-0.3578,0.640
2.572740,0.5340,0.1281,-0.1038,0.559
2.578077,0.5121,0.0614,-0.0079,0.516
2.582510,0.3563,0.0282,0.0308,0.359
2.587594,0.0710,-0.0146,0.0028,0.073
2.592343,-0.1664,-0.0719,-0.0583,0.190
2.597475,-0.2653,-0.1197,-0.0951,0.306
2.602870,-0.3837,-0.1627,-0.1892,0.458
2.607314,-0.4307,-0.2488,-0.2591,0.561
2.612370,-0.4445,-0.2391,-0.2953,0.585
2.617395,-0.5304,-0.2870,-0.3075,0.677
2.622197,-0.5783,-0.3349,-0.2618,0.718
2.627414,-0.5644,-0.3876,-0.2207,0.719
2.632560,-0.5891,-0.3733,-0.2035,0.726
2.637094,-0.6526,-0.3974,-0.1768,0.784
2.641937,-0.7265,-0.4071,-0.1072,0.840
2.647083,-0.7820,-0.3929,-0.0233,0.875
2.651935,-0.8388,-0.3883,0.1274,0.933
2.656981,-0.8729,-0.3265,0.2348,0.961
2.661920,-0.8512,-0.2505,0.3326,0.948
2.667508,-0.8311,-0.1890,0.3632,0.926
2.672245,-0.8171,-0.1804,0.3602,0.911
2.677178,-0.7038,-0.1813,0.3141,0.792
2.682637,-0.5821,-0.1583,0.2534,0.654
2.687160,-0.4993,-0.1449,0.1351,0.537
2.692565,-0.3928,-0.1458,0.0264,0.420
2.698541,-0.2861,-0.1610,-0.0487,0.332
2.706746,-0.1935,-0.1234,-0.0810,0.243
2.714639,-0.0668,-0.1145,-0.0605,0.146
2.715190,0.0079,-0.1248,-0.0159,0.126
2.716733,0.0976,-0.0969,-0.0286,0.140
2.722124,0.1884,-0.0881,-0.0840,0.224
2.727692,0.1605,-0.0696,-0.1251,0.215
2.731838,0.1611,-0.0697,-0.2031,0.268
2.736768,0.1436,-0.0316,-0.3332,0.364
2.741650,0.0652,0.0112,-0.3823,0.388
2.747525,0.0307,0.0160,-0.4177,0.419
2.753598,-0.0079,0.0305,-0.3490,0.350
2.756739,-0.1271,0.0070,-0.1627,0.207
2.763101,-0.1838,0.0123,-0.0305,0.187
2.767182,-0.2070,-0.0396,0.1153,0.240
2.777588,-0.2162,-0.0913,0.2750,0.362
2.777981,-0.2783,-0.1383,0.4726,0.566
2.781477,-0.3454,-0.1808,0.6134,0.727
2.786659,-0.3893,-0.1903,0.7217,0.842
2.791487,-0.4293,-0.1481,0.7644,0.889
2.797129,-0.4271,-0.1306,0.6850,0.818
2.801971,-0.3684,-0.1089,0.5268,0.652
2.806742,-0.2868,-0.1114,0.3376,0.457
2.812112,-0.2250,-0.0998,0.1265,0.277
2.816461,-0.1351,-0.0549,-0.0451,0.153
2.821643,-0.0888,-0.0149,-0.1496,0.175
2.827604,-0.0855,0.0536,-0.1589,0.188
2.831904,-0.0057,0.0410,-0.2165,0.220
2.836317,0.1214,0.0906,-0.2128,0.261
2.841594,0.2530,0.0784,-0.1768,0.318
2.846699,0.2896,0.1046,-0.1610,0.347
2.852703,0.3315,0.0880,-0.1459,0.373
2.856682,0.3454,0.0860,-0.0838,0.366
2.861358,0.3644,0.1316,0.0204,0.388
2.866651,0.3409,0.1721,0.1713,0.419
2.871830,0.3036,0.2121,0.2693,0.458
2.877939,0.2716,0.2468,0.3623,0.516
2.881195,0.2687,0.2145,0.3699,0.505
2.886409,0.2563,0.1870,0.3162,0.448
2.891238,0.2442,0.1787,0.2919,0.420
2.896201,0.2133,0.2036,0.2775,0.405
2.901725,0.1494,0.2141,0.2300,0.348
2.906213,0.1194,0.1818,0.2162,0.307
2.919364,0.0564,0.1069,0.1883,0.224
2.919748,0.0318,0.0611,0.1609,0.175
2.920700,-0.0309,0.0108,0.2004,0.203
2.925781,-0.1029,-0.0154,0.2305,0.253
2.931458,-0.1747,-0.0415,0.2038,0.272
2.935999,-0.1796,-0.0770,0.1491,0.246
2.940820,-0.2182,-0.0743,0.0666,0.240
2.945892,-0.2855,-0.0765,0.0090,0.296
2.951182,-0.3008,-0.0407,-0.0337,0.305
2.955937,-0.3072,-0.0290,-0.0903,0.321
2.960737,-0.3286,-0.0364,-0.1656,0.370
2.965921,-0.2937,-0.0437,-0.2737,0.404
2.970935,-0.2835,-0.0224,-0.3289,0.435
2.975775,-0.2503,-0.0155,-0.3175,0.405
2.980825,-0.1941,0.0295,-0.3540,0.405
2.986038,-0.1053,0.0409,-0.3953,0.411
2.991193,-0.0314,0.0334,-0.3985,0.401
2.995858,0.0659,0.0165,-0.3686,0.375
3.000833,0.1723,0.0188,-0.3583,0.398
3.005741,0.2025,-0.0121,-0.3386,0.395
3.012006,0.1665,-0.0426,-0.2859,0.334
3.015668,0.1454,-0.0920,-0.2523,0.305
3.020599,0.0915,-0.1268,-0.1899,0.246
3.025669,0.0380,-0.1187,-0.1229,0.175
3.030756,0.0848,-0.0870,-0.1416,0.187
3.035590,0.1315,-0.0793,-0.0980,0.182
3.040462,0.1354,-0.0861,-0.0924,0.185
3.045483,0.1301,-0.0596,-0.0959,0.172
3.050399,0.1347,-0.0809,-0.1278,0.203
3.055902,0.1346,-0.0639,-0.1358,0.202
3.061352,0.1443,-0.0041,-0.1585,0.214
3.065537,0.1352,0.0553,-0.1861,0.237
3.070380,0.1265,0.0621,-0.2523,0.289
3.075650,0.1086,0.0739,-0.2952,0.323
3.080900,0.1480,0.0384,-0.2770,0.316
3.085981,0.0925,0.0367,-0.1743,0.201
3.090507,0.0183,0.0019,-0.0970,0.099
3.095648,-0.0554,-0.0325,0.0315,0.072
3.100547,-0.1003,-0.0523,0.1920,0.223
3.105513,-0.1356,-0.0529,0.2845,0.320
3.111072,-0.0854,-0.0489,0.3195,0.334
3.115322,-0.0407,-0.0544,0.2830,0.291
3.120114,-0.0440,-0.0645,0.2276,0.241
3.125476,-0.0284,-0.0887,0.1197,0.152
3.131419,-0.0022,-0.1449,-1.2547,1.263
3.144619,0.1345,-0.1088,-2.7857,2.791
3.145034,-0.0343,-0.0436,-1.1766,1.178
3.145279,-0.1693,-0.1025,0.3717,0.421
3.150091,0.0198,-0.1898,0.6353,0.663
3.155108,0.0888,-0.2388,0.6229,0.673
3.160325,0.1383,-0.2972,0.6548,0.732
3.165300,0.1543,-0.2511,0.8118,0.864
3.169915,0.1891,-0.1394,1.0601,1.086
3.175006,0.1902,-0.0388,1.1189,1.136
3.180097,0.2103,0.1126,0.9611,0.990
3.185485,0.2397,0.1958,0.6683,0.737
3.189868,0.2977,0.1880,0.4024,0.535
3.194917,0.1940,0.1801,0.2149,0.341
3.199889,0.1294,0.2913,-0.2189,0.387
3.204982,0.1371,0.3640,-0.6936,0.795
3.211049,0.1358,0.3892,-1.0145,1.095
