0.002470,-0.0083,0.3454,-0.5060,0.613
0.005222,0.0057,0.4108,-0.5339,0.674
0.008102,0.0342,0.4000,-0.4535,0.606
0.013087,0.0535,0.4037,-0.3557,0.541
0.018057,0.0969,0.3932,-0.2877,0.497
0.023419,0.1212,0.3591,-0.1966,0.427
0.028384,0.1457,0.3347,-0.1634,0.400
0.033443,0.2323,0.2347,-0.2971,0.444
0.037890,0.1762,0.2352,-0.2065,0.359
0.043082,0.1304,0.2926,-0.0306,0.322
0.048200,0.1421,0.2401,0.1685,0.326
0.052915,0.1776,0.2067,0.2576,0.375
0.057823,0.1941,0.1449,0.3043,0.389
0.062948,0.2012,0.0736,0.3094,0.376
0.067845,0.1656,0.0597,0.3822,0.421
0.073634,0.1638,0.0549,0.3943,0.430
0.077759,0.1383,0.0403,0.3221,0.353
0.082889,0.0843,-0.0029,0.2707,0.284
0.089058,0.0162,-0.0318,0.2255,0.228
0.093928,0.0052,-0.0701,0.1671,0.181
0.097714,-0.0250,-0.0417,0.0766,0.091
0.102818,-0.0268,-0.0849,0.0442,0.099
0.107829,-0.0291,-0.1182,0.0359,0.127
0.112751,-0.0126,-0.1988,-0.0339,0.202
0.117650,-0.0345,-0.1837,-0.0935,0.209
0.123087,-0.0327,-0.2447,-0.1147,0.272
0.127955,-0.0595,-0.2814,-0.1452,0.322
0.132704,-0.0248,-0.3130,-0.1613,0.353
0.137559,-0.0571,-0.3586,-0.1631,0.398
0.142601,-0.0940,-0.4037,-0.1272,0.434
0.147557,-0.0976,-0.4009,-0.1107,0.427
0.153103,-0.1111,-0.4312,-0.1468,0.469
0.157524,-0.1818,-0.4755,-0.2067,0.549
0.162498,-0.1999,-0.4812,-0.2096,0.562
0.167717,-0.2181,-0.4773,-0.1609,0.549
0.174152,-0.2219,-0.5160,-0.1650,0.585
0.177426,-0.2352,-0.5068,-0.1552,0.580
0.182569,-0.2628,-0.4882,-0.1408,0.572
0.187455,-0.2805,-0.4459,-0.1125,0.539
0.192275,-0.2982,-0.4229,-0.0989,0.527
0.197351,-0.2871,-0.3811,-0.1331,0.495
0.202762,-0.2951,-0.3300,-0.1481,0.467
0.207411,-0.3505,-0.2841,-0.1252,0.468
0.213032,-0.3676,-0.2338,-0.0931,0.446
0.217292,-0.3705,-0.1458,-0.0426,0.400
0.222426,-0.4355,-0.0680,-0.0448,0.443
0.227801,-0.4244,-0.0573,-0.0138,0.428
0.232275,-0.3805,-0.0372,0.0835,0.391
0.237047,-0.3420,0.0017,0.1183,0.362
0.242194,-0.2851,0.0497,0.1244,0.315
0.247373,-0.2430,0.0974,0.1449,0.299
0.252627,-0.2729,0.1399,0.1843,0.358
0.257165,-0.2838,0.1820,0.1996,0.392
0.262049,-0.2712,0.2428,0.2669,0.451
0.267176,-0.2019,0.2461,0.2579,0.410
0.273513,-0.1807,0.2587,0.3015,0.436
0.277465,-0.1738,0.2569,0.3546,0.471
0.282123,-0.1764,0.2788,0.3886,0.510
0.287119,-0.1837,0.2529,0.3895,0.499
0.291874,-0.1908,0.1843,0.3528,0.441
0.297096,-0.1977,0.2064,0.3882,0.482
0.302473,-0.2143,0.3376,0.2951,0.497
0.306981,-0.2211,0.2158,0.1840,0.360
0.311909,-0.1465,0.0522,0.1404,0.209
0.316833,-0.1528,-0.0007,0.0969,0.181
0.322019,-0.2063,0.0467,0.0775,0.225
0.327599,-0.2308,0.0129,0.0391,0.234
0.332392,-0.2263,-0.0395,0.0339,0.232
0.336748,-0.2598,-0.1009,0.0097,0.279
0.341869,-0.2690,-0.1238,-0.0385,0.299
0.347009,-0.3066,-0.1654,-0.0294,0.350
0.352325,-0.3486,-0.2922,0.0177,0.455
0.356720,-0.4571,-0.3325,0.0648,0.569
0.361720,-0.5655,-0.3536,0.1215,0.678
0.366671,-0.6077,-0.3937,0.1550,0.740
0.373817,-0.6748,-0.4242,0.1700,0.815
0.377069,-0.7288,-0.4643,0.1386,0.875
0.381715,-0.8272,-0.4996,0.1373,0.976
0.386549,-0.9033,-0.4779,0.1756,1.037
0.392294,-0.9481,-0.4425,0.1817,1.062
0.396450,-0.9429,-0.3935,0.1704,1.036
0.402381,-0.9643,-0.3881,0.1324,1.048
0.406569,-0.9976,-0.3498,0.0774,1.060
0.411539,-0.9904,-0.3170,0.0626,1.042
0.416480,-0.9527,-0.2229,0.0305,0.979
0.421456,-0.9798,-0.1393,0.0474,0.991
0.426553,-0.9860,-0.0139,-0.0055,0.986
0.431434,-0.9713,0.0153,-0.0139,0.971
0.436337,-0.9597,0.0489,0.0598,0.963
0.441361,-0.9089,0.1107,0.1057,0.922
0.446366,-0.8808,0.1672,0.2335,0.926
0.452458,-0.8089,0.2469,0.4379,0.952
0.456374,-0.6940,0.3306,0.6432,1.002
0.461371,-0.5124,0.4847,0.8397,1.097
0.466470,-0.2690,0.6375,1.0515,1.259
0.471547,0.0649,0.7176,1.1838,1.386
0.476380,0.4325,0.8253,1.3897,1.673
0.481352,0.8585,0.9131,1.6301,2.056
0.486196,1.2567,1.0284,1.8295,2.446
0.491202,1.6381,1.2281,1.9162,2.804
0.496155,1.9311,1.3739,1.8889,3.031
0.501239,2.3553,1.4573,1.8439,3.327
0.506284,2.8066,1.4784,1.8144,3.654
0.511388,3.2479,1.5616,1.9193,4.083
0.516061,3.5022,1.9458,2.0109,4.483
0.521098,3.6658,2.2334,2.1225,4.789
0.526219,3.8060,2.3478,2.1828,4.976
0.531625,3.9043,2.3801,2.1680,5.061
0.536100,3.9801,2.4740,2.0106,5.099
0.541017,4.0429,2.5578,1.8293,5.122
0.546245,4.2270,2.5548,1.5763,5.185
0.551317,4.4326,2.4701,1.2839,5.234
0.557020,4.6461,2.3372,0.9564,5.288
0.564072,4.7293,2.2279,0.7081,5.276
0.566116,4.7013,2.2044,0.4670,5.213
0.572126,4.6241,2.2332,0.3427,5.147
0.575857,4.4978,2.1897,0.2500,5.009
0.580983,4.4127,2.1269,0.1787,4.902
0.586007,4.2726,2.0211,0.0618,4.727
0.591031,4.1158,1.9250,-0.0819,4.544
0.595804,3.9800,1.8533,-0.2623,4.398
0.600799,3.8500,1.6864,-0.4033,4.222
0.606111,3.7413,1.4579,-0.4661,4.042
0.610964,3.8013,1.2639,-0.3552,4.022
0.615784,3.8868,1.1091,-0.1993,4.047
0.620821,3.7971,1.0126,-0.1412,3.932
0.625727,3.7669,0.8118,-0.0986,3.855
0.630922,3.6945,0.6171,-0.0132,3.746
0.636306,3.5576,0.3951,0.1588,3.583
0.641489,3.3168,0.1842,0.2649,3.332
0.645967,3.0338,0.0757,0.2771,3.047
0.650674,2.7126,-0.0836,0.1764,2.720
0.655850,2.3810,-0.2886,0.0109,2.399
0.661843,2.0469,-0.5153,-0.1094,2.114
0.665839,1.6493,-0.7298,-0.2223,1.817
0.672121,1.3587,-0.9419,-0.3280,1.685
0.675868,1.1263,-1.1610,-0.4310,1.674
0.682122,0.8606,-1.3920,-0.5788,1.736
0.686536,0.5231,-1.5822,-0.8050,1.851
0.690501,0.1837,-1.7509,-1.0812,2.066
0.695460,-0.0559,-1.9029,-1.4027,2.365
0.700720,-0.2446,-2.1053,-1.5403,2.620
0.705754,-0.3629,-2.4584,-1.6187,2.966
0.710601,-0.3968,-2.6704,-1.9346,3.321
0.715691,-0.5954,-2.7605,-2.3110,3.649
0.720509,-0.8456,-2.9400,-2.6725,4.062
0.725211,-1.2417,-3.0554,-3.2059,4.599
0.730306,-1.7668,-3.1746,-3.7548,5.225
0.736232,-2.2633,-3.4221,-4.3302,5.965
0.740372,-2.7367,-3.6644,-4.8711,6.682
0.745296,-3.1058,-3.8635,-5.2492,7.220
0.750270,-3.4960,-4.0104,-5.5900,7.717
0.755260,-3.9826,-4.2918,-5.9990,8.383
0.760909,-4.4373,-4.5741,-6.3957,9.029
0.765139,-4.8652,-4.9390,-6.5460,9.535
0.770149,-5.4492,-5.3008,-6.5317,10.023
0.775461,-6.2624,-5.7082,-6.4001,10.619
0.780327,-7.0819,-6.0855,-6.1694,11.191
0.791921,-7.8183,-6.4289,-5.8823,11.707
0.792476,-8.6037,-6.8304,-5.6145,12.337
0.795144,-9.4697,-7.3581,-5.3598,13.136
0.800096,-10.3661,-7.8646,-5.1744,14.003
0.805460,-11.3480,-8.2548,-5.0145,14.902
0.814890,-12.1917,-8.6583,-4.8895,15.732
0.815247,-12.9427,-8.9557,-4.8665,16.474
0.820117,-13.6651,-9.2471,-4.8442,17.196
0.824994,-14.4380,-9.6948,-4.8603,18.057
0.830120,-14.9474,-10.2688,-5.0615,18.828
0.835106,-15.2482,-10.9240,-5.4166,19.524
0.840268,-15.4546,-11.7581,-5.7740,20.259
0.847650,-15.3691,-12.6299,-6.2216,20.843
0.850060,-15.0560,-13.3820,-6.5737,21.189
0.862215,-14.4887,-14.0585,-6.7215,21.278
0.862731,-13.4252,-14.6887,-6.7843,21.024
0.868963,-11.9804,-15.1393,-6.7049,20.437
0.869936,-10.3565,-15.4784,-6.3997,19.693
0.874767,-8.5951,-15.4350,-5.7979,18.594
0.880082,-6.3559,-15.2314,-4.8834,17.212
0.884738,-3.6209,-14.8324,-3.7069,15.711
0.889821,-0.7115,-14.1369,-2.6752,14.405
0.896259,2.3999,-13.1933,-1.8621,13.538
0.899848,6.1293,-11.9184,-1.3318,13.468
0.904957,10.4252,-10.3286,-1.5729,14.759
0.915470,15.0428,-8.3605,-2.7110,17.422
0.921419,19.7627,-6.2911,-4.4026,21.202
0.922536,24.7555,-3.0209,-6.3794,25.742
0.924596,29.4729,0.1159,-8.2290,30.600
0.930583,33.5187,2.7956,-10.6229,35.273
0.934590,37.3328,5.2530,-12.0442,39.578
0.939871,40.6653,7.2786,-12.4939,43.159
0.945689,42.3105,8.8306,-12.5988,45.021
0.949798,42.2544,9.8508,-11.9864,45.013
0.954648,40.6754,10.4477,-10.6387,43.322
0.959574,38.0683,10.7324,-8.7833,40.516
0.964989,35.0758,10.3719,-6.7992,37.204
0.972339,31.5997,9.5569,-4.9410,33.381
0.974371,27.9136,8.6140,-3.5752,29.430
0.987242,24.6526,7.3680,-2.8179,25.884
0.987762,21.7480,5.8763,-2.5308,22.670
0.989712,19.0013,4.2149,-2.4722,19.620
0.995343,16.3336,2.6462,-2.5068,16.735
0.999427,13.7832,1.1078,-2.7228,14.093
1.004395,11.5086,-0.4468,-2.9736,11.895
1.009324,9.5868,-1.9516,-3.5438,10.405
1.014255,7.7040,-3.5191,-4.3843,9.537
1.019350,5.6940,-5.1322,-5.4271,9.392
1.024274,3.6825,-6.5163,-6.3117,9.791
1.029196,1.8256,-7.6071,-6.9730,10.480
1.034109,0.1713,-8.6063,-7.5928,11.478
1.039484,-1.2538,-9.4269,-8.1389,12.517
1.044387,-2.7896,-10.0696,-8.6668,13.575
1.049262,-4.3740,-10.6886,-9.0751,14.688
1.054187,-5.7148,-11.1135,-9.3736,15.622
1.059369,-7.0819,-11.2986,-9.7780,16.535
1.064216,-8.5322,-11.2848,-10.1090,17.388
1.071652,-9.7363,-11.2760,-10.2006,18.055
1.074028,-10.8704,-11.3131,-10.1273,18.674
1.081648,-12.4265,-11.0643,-10.0108,19.418
1.084002,-14.4044,-10.6530,-9.8638,20.452
1.089045,-16.1430,-10.4751,-9.5183,21.469
1.095831,-17.4029,-10.5373,-9.1657,22.314
1.099195,-18.7105,-10.5119,-8.6830,23.151
1.103976,-19.8820,-10.6408,-7.9513,23.911
1.108843,-20.7761,-11.0402,-7.1279,24.583
1.114099,-21.6497,-11.5482,-6.5168,25.388
1.120496,-22.5674,-12.1986,-6.0288,26.352
1.123881,-23.1638,-13.1483,-5.7432,27.247
1.129737,-23.3525,-14.2078,-5.6127,27.905
1.134023,-23.8188,-14.8188,-5.3105,28.551
1.138861,-23.4105,-15.8720,-5.0218,28.726
1.146882,-22.4443,-16.9977,-4.6920,28.543
1.148779,-21.2333,-17.8068,-4.6026,28.091
1.158383,-19.9685,-18.3278,-4.6517,27.501
1.158848,-18.5592,-18.6357,-5.2423,26.818
1.163822,-16.8723,-18.7725,-6.0122,25.947
1.169904,-14.9613,-18.9292,-6.9939,25.121
1.173894,-12.5101,-19.0915,-7.9443,24.168
1.178748,-9.4764,-19.0847,-8.4903,22.937
1.183626,-6.0322,-18.7722,-8.7554,21.574
1.188636,-2.2535,-18.2706,-8.8697,20.434
1.196451,1.6784,-17.3720,-8.9640,19.620
1.198779,5.8956,-15.9381,-9.2628,19.354
1.204343,10.9197,-14.2116,-10.0241,20.535
1.208634,16.7427,-11.9578,-11.6004,23.619
1.213633,23.1225,-8.9987,-13.8319,28.407
1.220877,29.2815,-5.5182,-16.1870,33.910
1.223603,33.4219,-1.0689,-17.8776,37.918
1.230817,38.4987,1.4385,-18.1565,42.590
1.234001,42.5152,2.9941,-18.8750,46.613
1.238455,41.8172,5.9643,-17.9570,45.899
1.245618,41.5402,6.8188,-15.2698,44.780
1.248560,40.6624,6.3278,-14.0956,43.499
1.253362,37.5927,5.8835,-11.9201,39.874
1.258328,32.6471,6.3063,-9.3342,34.536
1.263731,27.8610,6.3103,-6.9450,29.399
1.272003,24.0621,5.2888,-5.3309,25.207
1.273335,20.6426,3.9510,-4.1234,21.418
1.279670,17.2266,2.8937,-3.0044,17.724
1.283337,14.0457,2.2468,-1.9126,14.352
1.288349,11.3408,1.6698,-1.0125,11.508
1.293792,9.0895,0.9839,-0.5079,9.157
1.298223,7.2201,0.1257,-0.2625,7.226
1.303279,5.5746,-0.8288,-0.2208,5.640
1.308200,4.0869,-1.6906,-0.2283,4.429
1.313092,2.8069,-2.5831,-0.2711,3.824
1.319251,1.8041,-3.4867,-0.4457,3.951
1.323303,0.6929,-4.0419,-0.6715,4.155
1.329043,-0.5834,-4.3817,-0.6698,4.471
1.333109,-1.5500,-4.7327,-0.7250,5.033
1.338150,-2.3445,-4.9986,-0.8354,5.584
1.343167,-2.8443,-5.1128,-0.9432,5.926
1.348104,-3.2951,-5.2577,-1.0480,6.293
1.353485,-3.7175,-5.4007,-1.1634,6.659
1.358530,-4.0182,-5.5085,-1.2783,6.937
1.363550,-4.1519,-5.5397,-1.2544,7.036
1.368127,-4.2312,-5.4664,-1.2099,7.018
1.372840,-4.3000,-5.3612,-1.2210,6.980
1.381104,-4.2966,-5.2012,-1.1868,6.850
1.382970,-4.1640,-5.0734,-1.1700,6.667
1.387845,-3.9803,-4.8830,-1.2427,6.421
1.392777,-3.8245,-4.7076,-1.4591,6.238
1.397910,-3.8082,-4.5332,-1.7436,6.172
1.402815,-3.7448,-4.3988,-1.9254,6.089
1.407790,-3.6822,-4.2043,-2.0441,5.951
1.413229,-3.6493,-3.9600,-2.1294,5.791
1.417865,-3.6662,-3.7812,-2.1346,5.683
1.422807,-3.7552,-3.5486,-2.1661,5.602
1.428229,-3.8596,-3.2769,-2.1579,5.504
1.432630,-3.8691,-3.0289,-2.1391,5.359
1.437755,-3.6393,-2.7903,-2.0962,5.042
1.442644,-3.3370,-2.6283,-1.9674,4.681
1.447700,-3.0091,-2.4472,-1.6758,4.225
1.452596,-2.6830,-2.1707,-1.2933,3.686
1.458088,-2.3578,-1.9567,-0.9202,3.199
1.462484,-2.0088,-1.7384,-0.5893,2.721
1.467693,-1.6162,-1.5443,-0.3006,2.256
1.473255,-1.2556,-1.3649,-0.0631,1.856
1.481677,-0.9121,-1.2241,0.1759,1.537
1.482441,-0.6274,-1.0977,0.2824,1.296
1.487522,-0.4349,-1.0385,0.2754,1.159
1.492396,-0.3394,-0.8980,0.2214,0.985
1.497576,-0.3216,-0.7145,0.0720,0.787
1.502475,-0.2381,-0.5360,-0.1063,0.596
1.507623,-0.2182,-0.3817,-0.2472,0.504
1.512385,-0.1416,-0.3183,-0.3654,0.505
1.517441,-0.0801,-0.2788,-0.4085,0.501
1.522358,-0.0670,-0.1961,-0.4100,0.459
1.528194,-0.0449,-0.1373,-0.3072,0.340
1.533909,-0.0663,-0.1120,-0.1241,0.180
1.544532,-0.0835,-0.0580,0.1450,0.177
1.545091,-0.0627,-0.0470,0.4096,0.417
1.549775,-0.0088,0.0453,0.6515,0.653
1.552572,-0.0075,0.0897,0.8663,0.871
1.557246,0.0033,0.1293,1.0926,1.100
1.562124,0.1629,0.1594,1.3023,1.322
1.567338,0.2803,0.2804,1.4620,1.515
1.572117,0.3938,0.4016,1.5048,1.606
1.584086,0.5091,0.4608,1.4166,1.574
1.584560,0.6744,0.4630,1.3933,1.616
1.587193,0.8470,0.4706,1.3197,1.637
1.592446,0.9267,0.5076,1.1380,1.553
1.597081,0.9421,0.5598,0.8911,1.412
1.602226,0.9455,0.5601,0.6121,1.258
1.607060,0.9372,0.4655,0.4346,1.133
1.611977,0.8976,0.3911,0.3341,1.035
1.617069,0.8889,0.2555,0.2672,0.963
1.621914,0.9015,0.2071,0.2297,0.953
1.627681,0.8923,0.1119,0.2319,0.929
1.631890,0.9036,-0.0494,0.2500,0.939
1.636918,0.8927,-0.1761,0.2364,0.940
1.641893,0.7540,-0.3256,0.2587,0.861
1.647169,0.6019,-0.4263,0.2405,0.776
1.652533,0.4599,-0.5118,0.2058,0.718
1.656774,0.3372,-0.5966,0.1358,0.699
1.661766,0.1609,-0.6858,0.0063,0.704
1.666956,-0.0591,-0.8270,-0.2305,0.861
1.673713,-0.2515,-0.9486,-0.5464,1.123
1.681813,-0.4457,-1.0556,-0.9561,1.492
1.682364,-0.6514,-1.2248,-1.4460,2.004
1.686906,-0.8309,-1.3413,-1.8875,2.460
1.691923,-1.0803,-1.4582,-2.2818,2.915
1.696857,-1.2508,-1.6375,-2.5906,3.310
1.702208,-1.4095,-1.7979,-2.8816,3.677
1.706889,-1.6139,-1.9156,-3.1647,4.036
1.712184,-1.7731,-2.0483,-3.4211,4.364
1.716909,-1.9971,-2.2054,-3.6752,4.729
1.721594,-2.2289,-2.3874,-4.0950,5.238
1.727493,-2.5259,-2.6420,-4.6519,5.916
1.731853,-2.8553,-2.9219,-5.2225,6.631
1.736539,-3.2272,-3.2465,-5.7554,7.354
1.741998,-3.5461,-3.6400,-6.1992,8.016
1.746538,-3.9273,-4.0642,-6.5787,8.673
1.752451,-4.3473,-4.3328,-6.8228,9.177
1.756562,-5.0468,-4.5329,-7.0084,9.754
1.761529,-6.2337,-4.7468,-7.1552,10.611
1.766993,-7.8052,-5.0429,-7.2696,11.798
1.772282,-9.4573,-5.4794,-7.4118,13.206
1.777118,-10.8956,-5.9422,-7.5419,14.523
1.783269,-12.0134,-6.3744,-7.3349,15.452
1.792591,-13.3050,-6.7149,-6.9483,16.444
1.793243,-14.7619,-7.4194,-6.5369,17.768
1.796332,-15.8395,-8.5208,-6.0358,18.972
1.801269,-17.1469,-9.3196,-5.1472,20.183
1.806383,-17.9040,-10.2546,-4.1549,21.047
1.811375,-17.7234,-11.5707,-3.1722,21.402
1.816470,-17.3783,-12.9866,-2.1890,21.805
1.821289,-16.5247,-14.6689,-1.8213,22.171
1.826241,-16.9503,-15.1434,-1.5301,22.781
1.831972,-16.8644,-15.6785,-1.8745,23.103
1.836123,-15.5785,-17.1333,-2.6086,23.303
1.841092,-13.6670,-18.6719,-4.0721,23.495
1.847171,-12.1722,-19.4031,-5.8199,23.633
1.851571,-10.4439,-19.6959,-7.4892,23.518
1.856223,-7.8724,-19.8301,-8.7377,23.056
1.861990,-4.1833,-19.7524,-9.6367,22.372
1.866101,0.1408,-19.0821,-10.3264,21.697
1.871124,4.6642,-17.9260,-10.9175,21.501
1.876214,9.6788,-16.1270,-11.4829,22.037
1.881141,15.8377,-13.6217,-12.6243,24.408
1.886089,22.6048,-10.3695,-14.6181,28.848
1.891483,29.1142,-6.8302,-16.8926,34.346
1.896125,34.7766,-3.5149,-18.5406,39.567
1.900980,39.3106,-0.2278,-19.1276,43.718
1.905964,41.4359,3.2880,-18.3720,45.445
1.915667,43.5532,4.8541,-17.0463,47.022
1.916126,43.1784,5.7598,-15.8836,46.366
1.921373,40.6118,6.5569,-13.9512,43.439
1.925812,37.3783,6.8274,-11.8814,39.811
1.930820,33.8954,6.4366,-10.4262,36.042
1.939531,29.1748,6.0152,-9.1592,31.165
1.940715,24.5525,5.3334,-8.3956,26.491
1.947841,20.4620,4.4277,-7.9372,22.390
1.951005,16.9819,3.3854,-7.4494,18.850
1.955749,13.8934,2.4124,-6.7817,15.647
1.960553,11.1158,1.6005,-5.9012,12.687
1.965692,8.7296,0.7690,-4.8934,10.037
1.971835,6.6735,-0.0012,-4.0023,7.782
1.975746,4.8006,-0.6698,-3.2921,5.859
1.980539,3.1411,-1.4553,-2.8474,4.482
1.985562,1.6006,-2.3039,-2.5913,3.819
1.990599,0.0307,-2.9891,-2.3787,3.820
1.995731,-1.2055,-3.7368,-2.2787,4.540
2.000776,-2.5007,-4.1776,-2.2522,5.365
2.005648,-4.2952,-4.0961,-1.8828,6.227
2.010549,-5.4341,-4.2062,-1.7308,7.086
2.015547,-6.1553,-4.4033,-1.6722,7.751
2.020445,-6.5962,-4.5399,-1.5916,8.164
2.025550,-6.7891,-4.6181,-1.5863,8.363
2.030338,-6.8035,-4.6485,-1.5602,8.386
2.035755,-6.7164,-4.6995,-1.5137,8.336
2.040376,-6.5810,-4.7819,-1.4860,8.269
2.045415,-6.4880,-4.7580,-1.4776,8.180
2.050428,-6.3473,-4.6480,-1.4507,8.000
2.055485,-6.0994,-4.5105,-1.3920,7.713
2.060643,-5.7686,-4.4084,-1.3831,7.391
2.065458,-5.4832,-4.2276,-1.4197,7.068
2.070243,-5.2142,-4.0404,-1.4694,6.758
2.075559,-4.9895,-3.8473,-1.5955,6.499
2.080469,-4.7470,-3.6773,-1.7554,6.256
2.089902,-4.6386,-3.5163,-1.9124,6.127
2.090374,-4.5112,-3.3310,-2.0817,5.982
2.095254,-4.3789,-3.1695,-2.1686,5.824
2.100213,-4.2654,-2.9840,-2.2453,5.669
2.105393,-4.1079,-2.8033,-2.2120,5.443
2.110611,-3.8918,-2.6468,-2.1261,5.164
2.115326,-3.6881,-2.5336,-2.0361,4.916
2.120173,-3.5780,-2.4158,-1.8845,4.711
2.125183,-3.4365,-2.2792,-1.6761,4.451
2.130135,-3.2106,-2.1430,-1.4059,4.108
2.135660,-2.9479,-2.0694,-1.1744,3.788
2.140077,-2.7483,-1.9579,-0.9810,3.514
2.145068,-2.5011,-1.8372,-0.7203,3.186
2.150200,-2.2391,-1.7361,-0.4732,2.873
2.155111,-1.9568,-1.6019,-0.3017,2.547
2.160833,-1.6490,-1.4587,-0.1383,2.206
2.165059,-1.3051,-1.3302,-0.0262,1.864
2.169920,-0.9912,-1.2308,-0.0181,1.580
2.175036,-0.7022,-1.0838,-0.1429,1.299
2.180213,-0.4517,-0.9513,-0.2434,1.081
2.187990,-0.2541,-0.8763,-0.3823,0.989
2.189920,-0.0561,-0.8011,-0.4933,0.942
2.194678,0.1090,-0.7496,-0.6535,1.000
2.200103,0.2653,-0.6835,-0.7913,1.079
2.204942,0.3747,-0.6170,-0.8451,1.111
2.210435,0.4276,-0.5165,-0.8629,1.093
2.214975,0.4915,-0.4731,-0.8593,1.097
2.219707,0.5328,-0.4195,-0.8488,1.086
2.224794,0.5949,-0.3605,-0.8458,1.095
2.229557,0.6490,-0.3297,-0.7830,1.069
2.235531,0.6234,-0.3031,-0.7373,1.012
2.239595,0.6041,-0.3188,-0.6607,0.950
2.244600,0.5618,-0.2573,-0.5287,0.813
2.249854,0.4246,-0.2336,-0.3076,0.574
2.254625,0.3163,-0.1664,-0.0927,0.369
2.260093,0.2556,-0.1278,0.1457,0.321
2.265089,0.1945,-0.0984,0.3501,0.412
2.272024,0.2141,-0.1169,0.5358,0.589
2.274995,0.2617,-0.1019,0.6889,0.744
2.279590,0.3087,-0.0822,0.8387,0.898
2.284507,0.4029,-0.0437,0.9665,1.048
2.289493,0.5064,-0.0678,1.0679,1.184
2.294466,0.5621,-0.0443,1.0851,1.223
2.299460,0.6325,0.0123,1.1095,1.277
2.304388,0.6841,0.0397,1.0691,1.270
2.309327,0.7460,0.0955,0.9925,1.245
2.314523,0.8327,0.0599,0.8796,1.213
2.319375,0.8679,0.0433,0.7877,1.173
2.324691,0.8944,0.0122,0.7067,1.140
2.329182,0.8023,0.0095,0.6800,1.052
2.334364,0.7010,0.0353,0.6213,0.937
2.340142,0.5758,0.0129,0.5881,0.823
2.344730,0.4789,0.0572,0.5273,0.715
2.349929,0.4390,0.0342,0.5013,0.667
2.354326,0.4033,0.0731,0.5051,0.650
2.359513,0.3716,0.0495,0.4670,0.599
2.364984,0.3248,0.0639,0.4251,0.539
2.373377,0.3014,0.0876,0.4127,0.519
2.374467,0.2772,0.0441,0.4302,0.514
2.382985,0.2044,0.0337,0.4441,0.490
2.384255,0.1116,0.0325,0.3968,0.413
2.388969,0.0227,-0.0072,0.3457,0.347
2.394043,-0.0192,-0.0136,0.3385,0.339
2.399156,-0.0814,0.0085,0.3894,0.398
2.404062,-0.1445,0.0160,0.3404,0.370
2.409197,-0.1222,0.0184,0.3450,0.367
2.414365,-0.0818,-0.0083,0.3937,0.402
2.419097,-0.0564,-0.0113,0.3764,0.381
2.424486,0.1706,-0.0340,0.5286,0.556
2.430166,0.6095,-0.0576,1.1816,1.331
2.434946,0.6714,-0.0056,1.5457,1.685
2.439081,0.6438,0.1221,1.5916,1.721
2.444201,0.5932,0.1293,1.3956,1.522
2.449326,0.5148,0.0932,1.1199,1.236
2.453941,0.3987,0.1479,0.7925,0.899
2.459116,0.3022,0.2554,0.3351,0.519
2.463902,0.2107,0.3349,-0.1241,0.415
2.473969,0.1628,0.3193,-0.4992,0.615
2.474420,0.2210,0.2138,-0.7190,0.782
2.481620,0.2227,0.2192,-0.7115,0.777
2.483921,0.1916,0.2684,-0.5815,0.668
2.488633,0.1609,0.2412,-0.3811,0.479
2.493917,0.2022,0.2383,-0.2296,0.388
2.498759,0.1576,0.1541,-0.0641,0.229
2.503731,0.1655,0.1512,0.0201,0.225
2.508680,0.0966,0.1147,0.0331,0.154
2.513859,0.0608,0.1211,0.0322,0.139
2.518814,0.0582,0.1082,0.0033,0.123
2.523931,0.0601,0.0902,0.0088,0.109
2.528911,0.1814,0.1295,0.0771,0.236
2.533683,0.2879,0.1637,0.1174,0.351
2.539257,0.3565,0.1833,0.1008,0.413
2.544742,0.4065,0.1885,0.0177,0.448
2.548946,0.5002,0.1840,-0.0075,0.533
2.553899,0.6190,0.1699,-0.0086,0.642
2.558553,0.6577,0.1750,0.0193,0.681
2.564403,0.6977,0.1801,0.0858,0.726
2.571687,0.6479,0.2233,0.1097,0.694
2.573557,0.4743,0.2616,0.1245,0.556
2.580807,0.3489,0.1322,0.1301,0.395
2.583455,0.2377,0.0651,0.0929,0.263
2.588221,0.1164,-0.0067,0.0560,0.129
2.593787,-0.0297,-0.0596,0.0243,0.071
2.598490,-0.2201,-0.0408,-0.0020,0.224
2.603387,-0.3016,-0.0509,0.0103,0.306
2.608460,-0.3558,-0.0756,-0.0006,0.364
2.613804,-0.3925,-0.1103,0.0373,0.409
2.619141,-0.4355,-0.1644,0.0571,0.469
2.624071,-0.4797,-0.1805,0.0490,0.515
2.628640,-0.4819,-0.2161,0.0611,0.532
2.633430,-0.4903,-0.1755,0.0790,0.527
2.638162,-0.4139,-0.0922,0.1696,0.457
2.644364,-0.3864,-0.0236,0.1605,0.419
2.648238,-0.3595,0.0160,0.0947,0.372
2.653339,-0.3044,0.0457,0.0199,0.308
2.658213,-0.2016,0.0898,-0.1313,0.257
2.663165,-0.0844,0.1580,-0.2831,0.335
2.668741,0.0717,0.1978,-0.4167,0.467
2.673686,0.2385,0.2333,-0.5181,0.616
2.682080,0.3108,0.2454,-0.5399,0.670
2.683163,0.4038,0.2820,-0.5443,0.734
2.688077,0.5034,0.2856,-0.5313,0.786
2.693666,0.5619,0.2707,-0.4962,0.797
2.697971,0.5791,0.2324,-0.4865,0.791
2.703069,0.5648,0.1850,-0.3248,0.677
2.707946,0.5005,0.1844,-0.1865,0.565
2.713001,0.4235,0.1507,-0.0353,0.451
2.717927,0.3668,0.1125,0.0816,0.392
2.723107,0.2589,0.0698,0.1597,0.312
2.728291,0.1423,0.0463,0.2424,0.285
2.733630,0.0456,0.0086,0.2587,0.263
2.738480,-0.0509,-0.0196,0.2803,0.286
2.742776,-0.2089,-0.0477,0.2548,0.333
2.747966,-0.2761,-0.0329,0.1443,0.313
2.752785,-0.3818,-0.0657,0.0250,0.388
2.757994,-0.3972,-0.0934,-0.0939,0.419
2.763076,-0.4370,-0.0970,-0.1556,0.474
2.768413,-0.4681,-0.0861,-0.1557,0.501
2.773049,-0.4855,-0.0704,-0.1185,0.505
2.781379,-0.4610,-0.1023,-0.0391,0.474
2.782637,-0.4088,-0.1482,0.0063,0.435
2.787565,-0.3434,-0.1463,0.0895,0.384
2.794000,-0.2934,-0.1493,0.1155,0.349
2.797615,-0.2633,-0.1478,0.1276,0.328
2.802566,-0.2577,-0.2083,0.1307,0.356
2.807648,-0.2242,-0.1925,0.1157,0.317
2.812496,-0.2107,-0.1723,0.0539,0.277
2.817489,-0.1931,-0.1667,-0.0116,0.255
2.822824,-0.1907,-0.1424,-0.0238,0.239
2.829062,-0.1320,-0.1089,-0.0688,0.184
2.832616,-0.0220,-0.1137,-0.1183,0.165
2.837567,0.0869,-0.1089,-0.1482,0.203
2.842395,0.1520,-0.1280,-0.1350,0.240
2.847919,0.1501,-0.0996,-0.0597,0.190
2.853058,0.2051,-0.0525,0.0010,0.212
2.857538,0.2646,-0.0486,0.0188,0.270
2.862304,0.2381,-0.0829,0.0228,0.253
2.867280,0.2356,-0.1218,-0.0251,0.266
2.872457,0.1807,-0.1320,-0.0056,0.224
2.879367,0.1260,-0.0994,0.0185,0.162
2.882189,0.0857,-0.1431,-0.0050,0.167
2.887443,0.0692,-0.1627,-0.0425,0.182
2.892186,0.0668,-0.1869,0.0012,0.198
2.897134,0.0785,-0.2157,-0.0030,0.230
2.902091,0.0852,-0.1967,0.0168,0.215
2.907127,0.1106,-0.1732,0.0457,0.210
2.912637,0.1453,-0.1449,0.0503,0.211
2.916883,0.1990,-0.1073,0.0450,0.231
2.922319,0.2242,-0.1364,0.0395,0.265
2.927440,0.2876,-0.1272,0.1193,0.336
2.932287,0.3511,-0.0847,0.1983,0.412
2.936987,0.3909,-0.0283,0.2530,0.467
2.942314,0.4311,0.0419,0.2407,0.496
2.947517,0.4291,-0.0025,0.2429,0.493
2.952106,0.3710,-0.0180,0.2024,0.423
2.957118,0.2852,0.0046,0.1434,0.319
2.961841,0.2432,0.0366,0.1038,0.267
2.967349,0.2492,0.0114,0.0595,0.256
2.972634,0.2077,0.0101,0.0107,0.208
2.979919,0.1477,0.0232,-0.0568,0.160
2.982091,0.0785,-0.0066,-0.0526,0.095
2.986880,0.0192,0.0019,-0.0579,0.061
2.992297,-0.0069,0.0150,-0.0964,0.098
2.997075,-0.0188,-0.0004,-0.0920,0.094
3.002281,-0.0024,0.0413,-0.0830,0.093
3.006631,0.0279,0.0684,-0.0645,0.098
3.011822,-0.0040,0.1143,-0.0891,0.145
3.016793,0.0306,0.1599,-0.1090,0.196
3.021741,-0.0016,0.1672,-0.1006,0.195
3.026959,0.0044,0.1699,-0.0975,0.196
3.032282,0.0056,0.1678,-0.0758,0.184
3.036496,-0.0077,0.2133,-0.0449,0.218
3.041765,-0.0591,0.2110,0.0427,0.223
3.046605,-0.0390,0.2656,0.0965,0.285
3.052864,0.0141,0.2769,0.0457,0.281
3.056590,0.0430,0.2643,0.0192,0.268
3.061670,0.0527,0.2661,-0.0404,0.274
3.066932,0.0288,0.2583,-0.0471,0.264
3.071580,-0.0236,0.2981,-0.0727,0.308
3.081424,-0.0140,0.3138,-0.1456,0.346
3.081835,-0.0382,0.3485,-0.1802,0.394
3.090636,-0.0102,0.3117,-0.2245,0.384
3.091977,0.0028,0.2800,-0.2116,0.351
3.096259,0.0725,0.2629,-0.1372,0.305
3.101901,0.1416,0.2554,-0.0633,0.299
3.106270,0.1769,0.2289,-0.0039,0.289
3.111350,0.2218,0.2120,-0.0160,0.307
3.116304,0.2284,0.1666,-0.0226,0.284
3.121357,0.2496,0.1642,0.0095,0.299
3.127584,0.2326,0.1854,0.0229,0.298
3.131259,0.2204,0.1398,-0.0107,0.261
3.136287,0.2276,0.0659,-0.0007,0.237
3.141275,0.2442,0.0162,0.0671,0.254
3.146110,0.1991,0.0237,0.0877,0.219
3.152846,0.1352,0.0356,0.0807,0.161
3.156103,0.0904,0.0140,0.0127,0.092
3.161704,0.1075,0.0114,-0.0638,0.126
3.166152,0.1291,0.0088,-0.0873,0.156
3.171556,0.1077,-0.0174,-0.1105,0.155
3.176096,0.0911,-0.0625,-0.1144,0.159
3.181145,0.0653,-0.0549,-0.0708,0.111
3.194832,0.0397,-0.0663,-0.0993,0.126
3.195110,0.0192,-0.1012,-0.1566,0.187
3.197170,-0.1772,-0.1831,-0.1808,0.312
3.201108,-0.1251,-0.2119,-0.1578,0.292
3.205902,-0.0496,-0.1406,-0.1832,0.236
3.211011,0.0067,-0.0838,-0.2188,0.234
3.215897,0.0487,-0.1128,-0.2219,0.254
3.220915,0.1099,-0.1034,-0.2494,0.292
3.225959,0.0809,-0.1223,-0.1921,0.242
3.231085,0.0669,-0.1170,-0.2122,0.251
3.235914,0.0488,-0.0829,-0.6378,0.645
3.240890,0.0741,-0.0865,-0.8436,0.851
3.246066,0.0520,-0.0754,-0.4840,0.493
3.250784,0.0302,-0.0928,-0.0754,0.123
3.256005,0.0657,-0.1101,0.0733,0.148
3.261345,0.0918,-0.1178,0.0785,0.169
3.265726,0.0798,-0.1207,0.0506,0.153
3.271057,0.0205,-0.1094,0.0514,0.123
3.276115,-0.0432,-0.1123,0.0806,0.145
3.281158,-0.0874,-0.0488,0.1001,0.142
3.288248,-0.0887,-0.0618,0.0911,0.141
3.290740,-0.0428,-0.0462,0.2058,0.215
3.295599,-0.0164,-0.0072,0.3821,0.383
3.300718,0.0144,0.0406,0.5727,0.574
3.305565,0.0357,0.0687,0.6443,0.649
3.310912,0.0236,0.0486,0.6978,0.700
3.315508,-0.0362,0.1092,0.5857,0.597
3.320626,-0.0910,0.1834,0.3278,0.386
3.325495,-0.0931,0.2001,0.1002,0.242
3.330557,-0.0716,0.2025,-0.0453,0.220
3.336121,-0.0264,0.2241,-0.1428,0.267
