0.001816,-0.0020,0.2556,-0.3810,0.459
0.005818,0.0687,0.2682,-0.4514,0.530
0.010321,0.1488,0.3190,-0.4660,0.584
0.016539,0.2192,0.3033,-0.4395,0.577
0.021008,0.2899,0.2500,-0.4241,0.571
0.025512,0.3274,0.2164,-0.4200,0.575
0.030397,0.2893,0.1596,-0.3410,0.475
0.035495,0.3378,0.0416,-0.2537,0.425
0.040331,0.4867,-0.1134,-0.2433,0.556
0.049978,0.3596,-0.0249,-0.0189,0.361
0.050300,0.2241,-0.0466,0.2050,0.307
0.055359,0.1896,-0.1588,0.3526,0.431
0.060949,0.1886,-0.2228,0.3962,0.492
0.065442,0.3874,-0.1869,0.3411,0.549
0.070435,0.3901,-0.1515,0.2544,0.490
0.075332,0.2791,-0.1260,0.2023,0.367
0.080210,0.2070,-0.1103,0.1223,0.265
0.085261,0.1736,-0.0472,0.0527,0.187
0.090285,0.1165,-0.0132,0.0168,0.118
0.096104,0.0644,0.0206,-0.0428,0.080
0.100265,0.0742,0.0305,-0.0452,0.092
0.105207,0.0696,0.0024,-0.0433,0.082
0.110321,0.0696,-0.0064,0.0437,0.082
0.115704,0.0695,-0.0389,0.1064,0.133
0.120914,0.0406,-0.0521,0.2018,0.212
0.125138,0.0258,-0.0511,0.3017,0.307
0.129964,0.0297,-0.1072,0.3254,0.344
0.135165,0.0285,-0.1250,0.3733,0.395
0.139967,-0.0207,-0.1570,0.3690,0.402
0.145934,-0.0178,-0.1888,0.3367,0.386
0.150040,-0.0297,-0.1918,0.3523,0.402
0.155046,-0.0325,-0.1996,0.2775,0.343
0.159941,-0.0358,-0.1694,0.2606,0.313
0.166738,-0.0204,-0.1393,0.2199,0.261
0.170722,0.0278,-0.1380,0.1887,0.235
0.175151,0.0660,-0.1034,0.1767,0.215
0.181695,0.0946,-0.0594,0.1642,0.199
0.185108,0.0948,-0.0680,0.1229,0.169
0.189916,0.0951,-0.0765,0.1386,0.185
0.195528,0.0577,-0.0705,0.1062,0.140
0.199821,-0.0174,-0.0598,0.0740,0.097
0.204871,-0.0827,-0.0681,0.0563,0.121
0.209639,-0.1098,-0.1001,0.0763,0.167
0.215256,-0.1894,-0.1318,0.0916,0.248
0.219594,-0.2308,-0.1681,0.0880,0.299
0.224710,-0.2916,-0.1614,0.0656,0.340
0.229506,-0.3577,-0.1880,0.0246,0.405
0.234714,-0.4242,-0.1764,-0.0015,0.459
0.240419,-0.4341,-0.1365,-0.0367,0.457
0.244700,-0.4116,-0.0779,-0.0430,0.421
0.249622,-0.3473,-0.0578,-0.0919,0.364
0.258544,-0.2937,-0.0285,-0.1114,0.315
0.259677,-0.3025,0.0004,-0.0781,0.312
0.264793,-0.3403,0.1003,-0.0683,0.361
0.269687,-0.3404,0.1184,-0.0958,0.373
0.274697,-0.3411,0.1410,-0.0987,0.382
0.279536,-0.3661,0.1681,-0.1393,0.426
0.284548,-0.3635,0.1759,-0.1411,0.428
0.289699,-0.3761,0.1788,-0.0950,0.427
0.294707,-0.4374,0.2005,-0.0535,0.484
0.299995,-0.4807,0.2267,0.0741,0.537
0.304366,-0.4303,0.2144,0.1969,0.520
0.309326,-0.3958,0.2257,0.2964,0.544
0.314495,-0.3685,0.2556,0.4637,0.645
0.319562,-0.3191,0.2515,0.5888,0.715
0.324599,-0.2621,0.2755,0.6725,0.773
0.329298,-0.1930,0.2941,0.7677,0.844
0.334369,-0.1357,0.3262,0.8509,0.921
0.339298,-0.1229,0.3576,0.9409,1.014
0.344305,-0.1033,0.3644,1.0004,1.070
0.349336,-0.1049,0.4133,1.0915,1.172
0.358790,-0.0943,0.3949,1.1472,1.217
0.359681,-0.0814,0.3523,1.2348,1.287
0.364219,-0.0613,0.2906,1.3259,1.359
0.369100,-0.0236,0.2623,1.4386,1.463
0.374045,0.0585,0.3001,1.5371,1.567
0.379062,0.1138,0.4036,1.6020,1.656
0.384227,0.1092,0.4392,1.7243,1.783
0.389124,0.1923,0.4933,1.7753,1.853
0.394317,0.3247,0.5324,1.7178,1.827
0.399257,0.6029,0.5902,1.6363,1.841
0.404028,0.9338,0.6285,1.5529,1.918
0.409119,1.1386,0.6809,1.4230,1.946
0.414195,1.2288,0.7617,1.3032,1.946
0.419065,1.3911,0.8518,1.1641,2.004
0.424063,1.7150,0.9368,1.0294,2.209
0.429165,1.8513,0.9985,0.9237,2.297
0.434014,1.7848,1.0796,0.7693,2.223
0.438979,1.7273,1.1707,0.6540,2.187
0.443864,1.7312,1.2288,0.5869,2.203
0.448836,1.7726,1.2397,0.5238,2.226
0.456735,1.9374,1.2561,0.3253,2.332
0.458773,2.1261,1.2540,0.1654,2.474
0.463890,2.3429,1.3096,0.0565,2.685
0.468668,2.7326,1.3414,-0.0667,3.045
0.473897,3.2099,1.4349,-0.2481,3.525
0.479216,3.7661,1.4371,-0.4122,4.052
0.483831,4.1772,1.4194,-0.6745,4.463
0.488622,4.3570,1.4059,-0.9364,4.673
0.493736,4.4170,1.4297,-1.1437,4.781
0.498788,4.4430,1.3761,-1.2978,4.829
0.504229,4.4261,1.2692,-1.3938,4.811
0.508629,4.3618,1.1950,-1.4215,4.741
0.513777,4.1690,1.1107,-1.3274,4.514
0.518560,3.9227,1.0215,-1.2783,4.250
0.523619,3.6488,0.8938,-1.3161,3.981
0.529159,3.3456,0.6615,-1.4500,3.706
0.533579,3.1082,0.3728,-1.6031,3.517
0.538482,2.7836,-0.0148,-1.7369,3.281
0.543586,2.3716,-0.3670,-1.8799,3.049
0.548547,2.0513,-0.6309,-2.0463,2.965
0.556544,1.7353,-0.9596,-2.0833,2.876
0.558615,1.5504,-1.3572,-1.9901,2.865
0.564277,1.3480,-1.7039,-1.8187,2.833
0.568419,1.2426,-2.0664,-1.7738,2.993
0.573443,1.2239,-2.4682,-1.7255,3.251
0.579068,1.1741,-2.8040,-1.7727,3.519
0.583484,0.9691,-3.1453,-2.0736,3.890
0.588421,0.6390,-3.4443,-2.3785,4.234
0.593373,0.1067,-3.7629,-2.6058,4.578
0.598519,-0.5901,-4.0631,-2.7749,4.955
0.604220,-1.3142,-4.2111,-2.9567,5.311
0.608293,-2.1366,-4.3179,-3.2552,5.814
0.613276,-2.8569,-4.4836,-3.4944,6.362
0.618147,-3.5706,-4.7707,-3.7695,7.051
0.623319,-4.3981,-5.1029,-4.0950,7.884
0.629169,-5.3214,-5.4567,-4.4854,8.844
0.633250,-6.2841,-5.8040,-4.8554,9.836
0.638083,-7.2757,-6.1175,-5.1386,10.806
0.643594,-8.3085,-6.3161,-5.3660,11.735
0.648245,-9.3058,-6.4924,-5.6101,12.658
0.656949,-10.2323,-6.6958,-5.7236,13.502
0.658101,-11.1393,-6.9324,-5.7882,14.340
0.667455,-12.3938,-7.0990,-5.6606,15.364
0.668100,-13.6888,-7.2549,-5.2020,16.342
0.673180,-14.6689,-7.5401,-4.5724,17.115
0.677880,-15.3523,-7.9267,-3.7788,17.686
0.683286,-15.9868,-8.2382,-2.8235,18.205
0.687980,-16.8625,-8.5997,-1.8703,19.021
0.693007,-17.4653,-9.2446,-0.6714,19.772
0.698088,-17.3915,-10.1408,0.3483,20.135
0.704117,-16.6973,-11.0959,1.0954,20.078
0.707975,-15.8803,-12.1578,1.5466,20.060
0.715680,-15.3439,-13.3030,1.6057,20.371
0.717792,-14.9641,-14.1151,1.1849,20.605
0.728275,-14.4476,-14.7132,0.0740,20.621
0.728787,-13.6693,-15.3009,-1.7190,20.589
0.732922,-12.4448,-15.8493,-3.7868,20.504
0.737702,-10.7639,-16.1801,-5.8070,20.283
0.743135,-8.3992,-16.0747,-7.6061,19.667
0.748964,-4.9281,-15.4559,-9.2189,18.659
0.752820,-0.3351,-14.2494,-10.8552,17.916
0.757783,5.2384,-12.7317,-12.4694,18.575
0.763148,11.7745,-10.7351,-13.7349,21.036
0.767658,18.6271,-8.0302,-14.6525,25.023
0.772709,25.1189,-4.6743,-15.1094,29.683
0.777735,30.9668,-0.7339,-15.1636,34.488
0.782709,35.3651,3.4533,-15.0631,38.594
0.787632,39.2685,6.5747,-14.6483,42.424
0.792646,42.4403,8.2597,-14.6949,45.666
0.797517,42.1895,9.9831,-14.1365,45.601
0.802601,40.5602,10.9579,-12.5865,43.859
0.808111,39.3181,10.1283,-11.3921,42.170
0.816087,35.4102,9.5939,-9.6297,37.930
0.817437,30.7225,9.0603,-7.5008,32.897
0.825752,26.5821,7.7576,-5.8262,28.297
0.827454,22.6277,5.9697,-4.5379,23.838
0.833239,18.7373,4.4118,-3.3823,19.545
0.838221,15.2322,3.1797,-2.3814,15.742
0.842246,12.2701,1.9566,-1.6160,12.530
0.847375,9.8943,0.7432,-1.1351,9.987
0.852379,7.8801,-0.4587,-1.0213,7.959
0.857623,6.0141,-1.4972,-1.1526,6.304
0.863501,4.2120,-2.4572,-1.5361,5.113
0.867145,2.5665,-3.3622,-2.1754,4.756
0.872244,0.9982,-4.1736,-3.0743,5.279
0.877206,-0.6499,-4.9331,-4.2967,6.574
0.882545,-2.1682,-5.7099,-5.5001,8.219
0.887611,-3.9387,-6.5219,-6.6823,10.134
0.892278,-6.0224,-7.3689,-7.4998,12.117
0.897154,-8.4825,-8.1988,-7.8050,14.145
0.902220,-11.1971,-8.8935,-7.6519,16.218
0.907299,-14.1313,-9.3650,-7.1781,18.410
0.912841,-17.5666,-9.5164,-6.5115,21.013
0.916906,-21.1061,-9.5967,-5.5838,23.848
0.924750,-23.6381,-9.9400,-4.3210,26.005
0.927334,-25.2752,-10.2727,-2.9344,27.440
0.937388,-26.5981,-10.2211,-1.4221,28.530
0.937957,-27.7359,-10.3531,-0.1401,29.605
0.942033,-28.0647,-11.1427,0.7709,30.206
0.946955,-27.7430,-12.2770,1.3682,30.369
0.952014,-26.9844,-13.4232,1.5758,30.180
0.957243,-25.6983,-14.6967,1.4420,29.639
0.966300,-23.9453,-15.9867,1.1634,28.815
0.966904,-21.3469,-17.2962,0.7274,27.484
0.971860,-18.7366,-18.2710,0.0178,26.170
0.977022,-16.3030,-18.7287,-1.1053,24.855
0.982058,-14.2418,-18.6555,-2.7821,23.635
0.987298,-12.4292,-18.3545,-4.9321,22.709
0.991972,-10.3746,-17.9764,-7.3102,22.005
0.996772,-7.9099,-17.3310,-9.6489,21.355
1.001974,-4.9694,-16.4076,-11.5193,20.654
1.007151,-1.4962,-15.0778,-13.2200,20.108
1.016817,2.2214,-13.4012,-14.7384,20.044
1.018057,6.1571,-11.4674,-15.7203,20.409
1.028412,10.3602,-9.3286,-15.9867,21.212
1.028821,14.8244,-6.8342,-15.7141,22.658
1.036380,19.4771,-4.1567,-15.2070,25.058
1.036826,23.6654,-1.3795,-14.6968,27.892
1.041619,26.9098,1.2839,-14.2015,30.454
1.046667,29.0031,3.3934,-13.7190,32.263
1.051704,30.0737,4.8515,-13.1457,33.178
1.056666,30.3849,5.6063,-12.5235,33.339
1.063893,28.5862,6.3988,-11.3348,31.410
1.066501,27.4314,6.1533,-9.1488,29.564
1.071573,26.9938,4.9422,-7.7929,28.528
1.076388,23.8734,4.6861,-5.7426,24.998
1.081898,20.9713,4.6113,-3.5124,21.758
1.090530,18.3817,4.3860,-1.6408,18.969
1.091492,15.9628,3.8054,-0.0487,16.410
1.099067,13.6364,3.3106,1.0342,14.071
1.101396,11.4197,3.0525,1.6562,11.936
1.106355,9.3632,2.8172,1.9741,9.975
1.111400,7.5271,2.5009,1.9758,8.174
1.116848,5.9739,2.1921,1.7513,6.600
1.121449,4.6201,1.7637,1.3438,5.125
1.126322,3.4283,1.2799,0.7840,3.742
1.131419,2.3060,0.7795,0.2724,2.449
1.136262,1.4192,0.2581,-0.1968,1.456
1.141735,0.6702,-0.3270,-0.5238,0.911
1.146230,0.0782,-0.8689,-0.7413,1.145
1.151495,-0.4388,-1.4560,-0.9785,1.808
1.156499,-0.9192,-2.0244,-1.1716,2.513
1.161412,-1.4364,-2.5118,-1.3307,3.185
1.166575,-1.8871,-2.9471,-1.3559,3.753
1.171166,-2.2631,-3.3256,-1.3045,4.229
1.176092,-2.6887,-3.5708,-1.2508,4.642
1.181148,-2.9632,-3.7130,-1.1209,4.881
1.186434,-3.0430,-3.8338,-0.8741,4.972
1.191306,-3.0821,-3.8477,-0.6485,4.972
1.196021,-3.1626,-3.7796,-0.5008,4.954
1.201715,-3.2898,-3.6161,-0.4398,4.908
1.205985,-3.3804,-3.4582,-0.3685,4.850
1.211109,-3.3964,-3.2688,-0.2892,4.723
1.216440,-3.3405,-3.1200,-0.2971,4.581
1.220865,-3.2319,-2.9452,-0.3881,4.390
1.226212,-3.0364,-2.8025,-0.5005,4.162
1.231387,-2.8732,-2.7017,-0.6542,3.998
1.235848,-2.7143,-2.6001,-0.7392,3.831
1.240937,-2.5705,-2.5550,-0.6568,3.683
1.245743,-2.3804,-2.4664,-0.6800,3.495
1.250902,-2.2923,-2.2865,-0.7947,3.334
1.255676,-2.2626,-2.1593,-0.8533,3.242
1.261327,-2.1378,-2.0750,-0.8088,3.087
1.265977,-1.9811,-1.9142,-0.8054,2.870
1.270881,-1.8474,-1.7296,-0.8436,2.668
1.275707,-1.6417,-1.6217,-0.8954,2.475
1.280776,-1.3971,-1.5330,-0.9805,2.294
1.285621,-1.2665,-1.4634,-1.0465,2.200
1.290887,-1.1869,-1.4224,-1.0366,2.123
1.295567,-1.0823,-1.3767,-0.9272,1.981
1.300601,-0.9456,-1.3068,-0.7089,1.762
1.305705,-0.8304,-1.1556,-0.4962,1.507
1.310698,-0.7506,-1.0477,-0.2363,1.310
1.316024,-0.6482,-0.9207,-0.0674,1.128
1.321157,-0.5085,-0.8416,0.0157,0.983
1.325521,-0.4036,-0.8678,0.1040,0.963
1.331030,-0.3221,-0.9269,0.2165,1.005
1.335605,-0.2691,-0.9855,0.3728,1.087
1.340749,-0.1870,-0.9433,0.5490,1.107
1.345693,-0.1617,-0.8530,0.6357,1.076
1.350545,-0.1978,-0.7673,0.6474,1.023
1.355436,-0.2051,-0.7388,0.5698,0.955
1.360491,-0.2297,-0.7384,0.5127,0.928
1.365396,-0.1383,-0.7948,0.5044,0.951
1.377758,-0.0168,-0.8168,0.4347,0.925
1.379681,0.0443,-0.7088,0.3136,0.776
1.381026,0.0261,-0.6479,0.1602,0.668
1.385242,0.0474,-0.6819,0.0983,0.691
1.390238,0.1102,-0.7144,0.0850,0.728
1.395715,0.0935,-0.7601,0.0243,0.766
1.400324,0.0118,-0.8237,-0.0166,0.824
1.405265,-0.1207,-0.9003,-0.0325,0.909
1.410206,-0.2854,-0.8755,-0.0856,0.925
1.415675,-0.4788,-0.9266,-0.2095,1.064
1.420727,-0.6563,-1.0674,-0.3513,1.301
1.425151,-0.7811,-1.2024,-0.4253,1.496
1.430525,-0.9921,-1.2410,-0.5273,1.674
1.435111,-1.2757,-1.2217,-0.6903,1.896
1.440939,-1.5844,-1.2120,-0.9289,2.200
1.445672,-1.8384,-1.3175,-1.1813,2.552
1.450123,-2.0836,-1.4561,-1.4094,2.907
1.455105,-2.3741,-1.6137,-1.6286,3.300
1.459998,-2.7438,-1.7573,-1.9680,3.807
1.465184,-3.0686,-1.8727,-2.2984,4.267
1.473175,-3.3490,-2.0415,-2.5870,4.699
1.475011,-3.7442,-2.2164,-2.9158,5.238
1.479943,-4.0762,-2.3828,-3.2616,5.739
1.484821,-4.3611,-2.5367,-3.5101,6.146
1.489943,-4.7145,-2.7550,-3.6090,6.545
1.495714,-5.0849,-2.9523,-3.6498,6.921
1.500437,-5.4685,-3.1626,-3.6946,7.318
1.504832,-5.8375,-3.3673,-3.7189,7.697
1.509849,-6.2172,-3.5959,-3.6946,8.077
1.515243,-6.7481,-3.8538,-3.7174,8.614
1.520477,-7.3790,-4.1513,-3.7014,9.240
1.524681,-8.0735,-4.5465,-3.5799,9.933
1.529741,-8.6996,-4.9442,-3.4351,10.580
1.534743,-9.4934,-5.2489,-3.2470,11.323
1.539835,-10.6892,-5.4959,-2.9397,12.374
1.544712,-11.9826,-5.8383,-2.4698,13.556
1.549701,-13.1228,-6.2899,-1.7227,14.654
1.555577,-13.9022,-6.8738,-0.7970,15.529
1.560616,-14.3717,-7.4548,0.1152,16.191
1.564611,-14.8324,-8.0066,1.0967,16.891
1.570052,-15.2827,-8.6152,1.9621,17.653
1.574619,-15.2661,-9.5492,2.5576,18.187
1.579586,-15.2039,-10.8905,2.9307,18.930
1.584536,-15.0701,-12.2033,3.1630,19.648
1.589546,-14.4589,-13.5155,3.0911,20.032
1.594432,-13.4207,-14.8919,2.5196,20.205
1.599460,-11.9519,-16.3841,1.4955,20.335
1.609016,-10.4628,-17.6925,-0.0447,20.555
1.609630,-9.0577,-18.6156,-1.9574,20.795
1.614432,-7.4541,-19.1019,-4.1751,20.926
1.620272,-5.3565,-18.9926,-6.7155,20.845
1.624332,-2.4716,-18.4068,-9.5277,20.873
1.629333,0.8321,-17.3994,-12.5817,21.488
1.634333,4.3757,-15.7614,-15.3104,22.405
1.639348,8.7201,-13.3427,-17.2405,23.480
1.644279,14.3675,-10.3639,-18.4510,25.579
1.649433,19.7552,-6.6451,-19.2260,28.356
1.656533,25.8915,-3.3388,-19.4194,32.537
1.659416,31.3655,-0.5640,-19.6615,37.023
1.667697,35.0190,1.8870,-19.2169,39.990
1.669235,36.9140,3.9182,-18.0377,41.272
1.674278,37.0766,5.5105,-16.3542,40.896
1.680542,35.5344,6.3339,-14.4742,38.888
1.684232,32.9330,6.1391,-12.6304,35.802
1.689200,29.7098,5.3317,-10.9696,32.116
1.694048,26.2347,4.1562,-9.5342,28.221
1.699261,22.7706,2.9946,-8.1779,24.379
1.706672,19.0773,1.9842,-7.0076,20.420
1.709233,15.2771,1.0936,-5.9779,16.441
1.714147,11.9496,0.4022,-5.0079,12.963
1.719237,9.3001,-0.0948,-4.0413,10.141
1.723978,7.2379,-0.4502,-3.1519,7.907
1.728906,5.5979,-0.7343,-2.3931,6.132
1.733829,4.2539,-0.9464,-1.8100,4.719
1.739316,3.0605,-1.2392,-1.5488,3.647
1.743912,1.8555,-1.5392,-1.4480,2.812
1.749294,0.6316,-1.8200,-1.5077,2.446
1.756408,-0.6307,-2.1277,-1.5971,2.734
1.759071,-1.9104,-2.4092,-1.6650,3.497
1.764321,-3.0528,-2.6739,-1.6796,4.392
1.768931,-3.9124,-2.8931,-1.6711,5.145
1.773853,-4.6764,-2.9659,-1.6969,5.792
1.779042,-5.3275,-3.0715,-1.6708,6.372
1.783931,-5.4822,-3.4725,-1.6881,6.705
1.788880,-5.5683,-3.8677,-1.7454,7.001
1.793913,-6.1329,-3.9469,-1.4411,7.434
1.798944,-6.3543,-4.0890,-1.1629,7.645
1.804077,-6.3463,-4.2707,-0.8701,7.699
1.808742,-6.2928,-4.4646,-0.5986,7.739
1.813672,-6.2296,-4.6141,-0.2594,7.757
1.818889,-6.1905,-4.5722,0.1296,7.697
1.823688,-6.0416,-4.4122,0.5411,7.501
1.829033,-5.8116,-4.2023,0.9235,7.231
1.833616,-5.5012,-4.0012,1.1975,6.907
1.839024,-5.1890,-3.7617,1.3520,6.550
1.843534,-4.9041,-3.5469,1.4459,6.223
1.848997,-4.6363,-3.3763,1.4598,5.918
1.857740,-4.3849,-3.1116,1.3739,5.549
1.859335,-4.1012,-2.9062,1.1922,5.166
1.864830,-3.7988,-2.7026,1.0100,4.770
1.868495,-3.4903,-2.4913,0.8590,4.373
1.873556,-3.2326,-2.2003,0.6717,3.968
1.879188,-2.9912,-1.8778,0.5098,3.568
1.883427,-2.7221,-1.6573,0.2570,3.197
1.888549,-2.5058,-1.4621,0.0181,2.901
1.893343,-2.2317,-1.2823,-0.2418,2.585
1.898754,-2.0141,-1.1509,-0.5383,2.381
1.904090,-1.8141,-1.0821,-0.8008,2.259
1.908424,-1.5980,-1.0467,-0.9873,2.150
1.913439,-1.4754,-0.9967,-1.1129,2.100
1.918579,-1.3600,-0.9704,-1.2741,2.101
1.923300,-1.2127,-0.9147,-1.4045,2.069
1.928847,-1.0383,-0.8918,-1.5001,2.031
1.933242,-0.7978,-0.8250,-1.5709,1.945
1.938301,-0.5434,-0.8004,-1.5452,1.823
1.943778,-0.3370,-0.7797,-1.5139,1.736
1.948552,-0.1492,-0.7772,-1.4241,1.629
1.955452,0.0493,-0.6878,-1.2369,1.416
1.958394,0.1578,-0.5930,-0.9187,1.105
1.963354,0.2433,-0.4501,-0.5549,0.755
1.968242,0.3393,-0.3022,-0.1781,0.488
1.973264,0.3978,-0.1879,0.1934,0.481
1.978795,0.4764,-0.0500,0.5033,0.695
1.983176,0.4792,0.0060,0.7477,0.888
1.988115,0.4537,0.0854,0.9171,1.027
1.993145,0.4044,0.0974,1.0548,1.134
1.998360,0.3645,0.1375,1.1227,1.188
2.004066,0.3912,0.1149,1.0872,1.161
2.008090,0.4319,0.1255,0.9960,1.093
2.012972,0.4822,0.1071,0.8822,1.011
2.018024,0.5327,0.1031,0.8024,0.969
2.023002,0.5451,0.1039,0.7371,0.923
2.028907,0.6061,0.1144,0.6815,0.919
2.032954,0.6776,0.1442,0.6206,0.930
2.038336,0.8032,0.1694,0.5495,0.988
2.042901,0.8829,0.1566,0.4924,1.023
2.048249,0.8930,0.1345,0.4870,1.026
2.053129,0.9006,0.0649,0.5578,1.061
2.058136,0.8814,0.0623,0.7197,1.140
2.067868,0.7634,0.1696,0.8870,1.182
2.068264,0.6176,0.2668,1.0220,1.224
2.072696,0.4338,0.3105,1.1208,1.241
2.077751,0.3076,0.3249,1.1642,1.247
2.082862,0.2575,0.2859,1.1383,1.202
2.087719,0.1491,0.2222,1.1248,1.156
2.092593,0.0107,0.2294,1.1287,1.152
2.097752,-0.1200,0.2692,1.0590,1.099
2.102606,-0.2244,0.2888,1.0113,1.075
2.107616,-0.2309,0.2694,0.8895,0.958
2.112520,-0.0376,0.2058,0.8622,0.887
2.117586,0.8029,0.0066,1.7594,1.934
2.122470,1.1662,0.1260,2.5429,2.800
2.127612,1.0849,0.3724,2.7666,2.995
2.132442,0.8790,0.4883,2.4100,2.611
2.137540,0.7250,0.4840,1.5485,1.777
2.142408,0.5661,0.4608,0.6830,1.000
2.147798,0.4072,0.5006,-0.1356,0.659
2.152499,0.2679,0.5224,-0.7318,0.938
2.157609,0.3783,0.3685,-1.2119,1.322
2.165320,0.5713,0.2402,-1.4281,1.557
2.167439,0.7565,0.2234,-1.3801,1.590
2.172267,0.6274,0.4514,-1.2158,1.441
2.177525,0.4229,0.7084,-0.8477,1.183
2.182637,0.4875,0.5728,-0.4901,0.898
2.187508,0.7304,0.2412,-0.2521,0.809
2.192297,0.7591,-0.0232,-0.1333,0.771
2.197381,0.4918,-0.0818,-0.0563,0.502
2.202281,0.2007,-0.1120,-0.0691,0.240
2.207417,0.0625,-0.2238,-0.2433,0.336
2.212279,-0.1145,-0.3451,-0.4358,0.568
2.217143,-0.2828,-0.3803,-0.6229,0.783
2.222117,-0.4380,-0.3724,-0.7619,0.954
2.227278,-0.5036,-0.3884,-0.8719,1.079
2.232192,-0.4603,-0.3852,-0.8432,1.035
2.237222,-0.3701,-0.4012,-0.7906,0.961
2.242153,-0.3000,-0.4173,-0.6805,0.853
2.247136,-0.2304,-0.4047,-0.5748,0.740
2.251956,-0.1371,-0.4498,-0.4210,0.631
2.257147,-0.0389,-0.4279,-0.2765,0.511
2.265325,0.0498,-0.3343,-0.2037,0.395
2.267101,0.1053,-0.2982,-0.1502,0.350
2.271911,0.0989,-0.3003,-0.0971,0.331
2.277107,0.0640,-0.2688,-0.1404,0.310
2.282091,-0.0955,-0.2369,-0.2760,0.376
2.287173,-0.4567,-0.1949,-0.4233,0.652
2.291832,-0.5700,-0.1665,-0.5398,0.802
2.297366,-0.6174,-0.1901,-0.4867,0.809
2.302091,-0.7191,-0.1748,-0.3645,0.825
2.307027,-0.8847,-0.1781,-0.1629,0.917
2.312538,-0.9802,-0.2531,0.0042,1.012
2.316852,-1.0298,-0.2754,0.1996,1.085
2.322106,-0.9760,-0.2786,0.3137,1.062
2.327108,-0.8711,-0.2104,0.3999,0.981
2.331889,-0.7194,-0.1713,0.5114,0.899
2.337184,-0.5589,-0.1232,0.6483,0.865
2.341863,-0.4465,-0.1044,0.7294,0.862
2.346765,-0.3584,-0.0669,0.6639,0.757
2.351973,-0.2988,-0.0490,0.5905,0.664
2.356730,-0.2150,0.0211,0.4753,0.522
2.365566,-0.1209,0.0480,0.2796,0.308
2.366736,-0.0116,0.0749,0.1320,0.152
2.371575,0.0464,0.0540,-0.0635,0.095
2.376720,0.0339,0.0812,-0.2355,0.251
2.381614,0.0419,0.0896,-0.3414,0.355
2.387135,0.0079,0.0887,-0.3813,0.392
2.391472,0.0419,0.0929,-0.4416,0.453
2.396534,0.0096,0.1070,-0.4407,0.454
2.401779,-0.0795,0.0927,-0.3498,0.370
2.406726,-0.0869,0.1071,-0.2545,0.289
2.412271,-0.0705,0.1694,-0.1020,0.210
2.416978,-0.0545,0.1596,0.0364,0.173
2.421322,-0.0148,0.1019,0.1659,0.195
2.426411,0.0053,0.0438,0.2584,0.262
2.431451,-0.0324,0.0426,0.4199,0.423
2.437087,-0.0660,0.0456,0.5693,0.575
2.441251,-0.1577,0.0526,0.5824,0.606
2.446811,-0.1592,0.0112,0.5356,0.559
2.451311,-0.1661,-0.0451,0.4334,0.466
2.456858,-0.1829,-0.1494,0.2897,0.374
2.467341,-0.1760,-0.1772,0.1472,0.290
2.467735,-0.1552,-0.1383,-0.0134,0.208
2.471247,-0.1489,-0.0993,-0.1453,0.230
2.476281,-0.0994,-0.1080,-0.2869,0.322
2.481063,0.0605,-0.1069,-0.4627,0.479
2.487025,0.1448,-0.1390,-0.6015,0.634
2.491116,0.1682,-0.1466,-0.6556,0.692
2.496250,0.2454,-0.0724,-0.6727,0.720
2.501197,0.2570,-0.0124,-0.6772,0.724
2.506197,0.2505,0.0480,-0.6400,0.689
2.511104,0.2832,0.0608,-0.6188,0.683
2.516687,0.3219,0.0692,-0.6038,0.688
2.521436,0.3328,0.0779,-0.5185,0.621
2.526048,0.2583,0.1059,-0.4197,0.504
2.530984,0.2371,0.1102,-0.3220,0.415
2.536132,0.2020,0.0763,-0.1818,0.282
2.541033,0.1957,0.0329,-0.0323,0.201
2.546061,0.1656,-0.0010,0.1414,0.218
2.551138,0.1691,-0.0110,0.2723,0.321
2.556204,0.1153,-0.0260,0.3609,0.380
2.560964,0.0756,-0.0077,0.3973,0.405
2.567263,-0.0221,0.0583,0.4583,0.463
2.570876,-0.1013,0.0858,0.4909,0.508
2.575997,-0.1384,0.0654,0.4374,0.463
2.581525,-0.1284,0.0834,0.3934,0.422
2.586108,-0.1333,0.1063,0.3585,0.397
2.590992,-0.1386,0.1341,0.3469,0.397
2.595854,-0.1297,0.1428,0.3873,0.433
2.600735,-0.1163,0.1469,0.3793,0.423
2.605864,-0.1075,0.1655,0.3852,0.433
2.610760,-0.0938,0.1315,0.4002,0.432
2.616225,-0.1038,0.0927,0.4821,0.502
2.620661,-0.0894,0.0684,0.4780,0.491
2.625750,-0.1550,0.0864,0.4424,0.477
2.630824,-0.1914,0.1042,0.3934,0.450
2.635616,-0.2421,0.0457,0.3168,0.401
2.641178,-0.3448,0.0160,0.2272,0.413
2.645662,-0.3523,-0.0422,0.1676,0.392
2.650731,-0.3845,-0.0620,0.1427,0.415
2.656624,-0.4316,-0.1389,0.1473,0.477
2.660756,-0.5222,-0.1632,0.1819,0.577
2.668334,-0.5327,-0.1592,0.1986,0.590
2.670541,-0.4970,-0.1222,0.1261,0.527
2.675588,-0.4723,-0.1381,0.0602,0.496
2.680426,-0.4729,-0.1921,0.0148,0.511
2.685510,-0.3892,-0.2220,0.0372,0.450
2.690339,-0.2926,-0.1141,0.0363,0.316
2.695413,-0.1926,-0.0736,-0.0212,0.207
2.700998,-0.1316,-0.1284,-0.1114,0.215
2.705525,-0.0664,-0.1353,-0.1962,0.247
2.710312,0.0127,-0.1086,-0.2857,0.306
2.715821,0.0489,-0.1389,-0.3467,0.377
2.720208,0.0900,-0.1356,-0.3748,0.409
2.725257,0.1263,-0.1463,-0.3085,0.364
2.730098,0.1439,-0.1566,-0.2674,0.342
2.735242,0.1283,-0.1762,-0.2465,0.329
2.740209,0.1274,-0.2049,-0.2601,0.355
2.745228,0.1609,-0.2278,-1.2510,1.282
2.750238,0.2905,-0.1586,-3.1966,3.214
2.757446,0.3431,-0.0936,-1.8342,1.868
2.760616,0.2189,-0.2095,0.0295,0.304
2.765271,0.3240,-0.2726,0.4210,0.597
2.772555,0.4194,-0.3213,0.3787,0.650
2.775249,0.5006,-0.4080,0.4955,0.814
2.780149,0.5250,-0.4518,0.8084,1.065
2.785070,0.5119,-0.3675,1.1549,1.316
2.790058,0.4613,-0.1943,1.1735,1.276
2.795203,0.4162,-0.1228,0.8807,0.982
2.799922,0.4339,-0.1471,0.4724,0.658
2.804979,0.2997,-0.0524,0.0574,0.310
2.809967,0.1003,0.0800,-0.4082,0.428
2.815565,0.0070,0.1692,-0.7540,0.773
2.820532,-0.0002,0.2488,-0.9912,1.022
