0.001301,-0.0522,0.1427,-1.1346,1.145
0.004857,0.0733,0.1571,-1.1765,1.189
0.009636,0.2851,0.2293,-0.9932,1.058
0.014860,0.4688,0.2395,-0.7706,0.933
0.020560,0.5438,0.2120,-0.3847,0.699
0.024847,0.6372,0.1033,-0.0919,0.652
0.029669,0.7078,0.0145,0.1843,0.732
0.034516,0.7129,-0.0214,0.4159,0.826
0.039709,0.6528,-0.0003,0.6042,0.889
0.045238,0.5561,0.0108,0.7218,0.911
0.049691,0.4755,-0.0401,0.7447,0.885
0.054630,0.3913,-0.0529,0.6502,0.761
0.059601,0.2839,-0.0468,0.5195,0.594
0.064815,0.1869,-0.0930,0.4000,0.451
0.070405,0.1190,-0.0676,0.2721,0.305
0.074674,0.0843,-0.0614,0.0977,0.143
0.079438,0.0546,-0.0551,0.0050,0.078
0.084326,0.0345,-0.0536,-0.0115,0.065
0.089606,0.0429,0.0004,0.0049,0.043
0.095406,0.0512,-0.0411,-0.0027,0.066
0.099678,0.0356,-0.0727,-0.0010,0.081
0.104341,-0.0087,-0.0613,0.0294,0.069
0.109544,-0.0004,-0.0642,0.0311,0.071
0.114361,-0.0445,-0.1099,0.1091,0.161
0.125865,-0.0982,-0.1125,0.1490,0.211
0.126544,-0.1090,-0.1248,0.1274,0.209
0.138460,-0.1250,-0.1560,0.0732,0.213
0.138761,-0.1891,-0.1918,-0.0035,0.269
0.141118,-0.2291,-0.2083,-0.0319,0.311
0.144797,-0.2458,-0.2105,-0.1027,0.340
0.149455,-0.3103,-0.1509,-0.2157,0.407
0.154251,-0.3273,-0.1392,-0.2756,0.450
0.159368,-0.3021,-0.0896,-0.3497,0.471
0.164257,-0.3203,-0.0925,-0.3903,0.513
0.169148,-0.3433,-0.0906,-0.3980,0.533
0.174277,-0.3858,-0.0459,-0.3296,0.509
0.179096,-0.4191,0.0365,-0.2141,0.472
0.184033,-0.3626,0.0562,-0.1371,0.392
0.189151,-0.3025,0.0472,-0.0554,0.311
0.193980,-0.3101,0.0144,0.0076,0.310
0.199190,-0.2993,0.0291,0.0900,0.314
0.203927,-0.2513,0.0292,0.1492,0.294
0.209256,-0.2138,0.0291,0.1900,0.288
0.213996,-0.2105,0.0145,0.1985,0.290
0.219186,-0.1841,-0.0144,0.2173,0.285
0.224068,-0.1440,-0.0433,0.1798,0.234
0.228995,-0.0572,-0.0577,0.1718,0.190
0.234060,-0.0476,-0.0531,0.1118,0.133
0.238885,-0.0525,-0.0580,0.1092,0.134
0.243906,-0.0339,-0.0106,0.1159,0.121
0.249384,0.0367,0.0175,0.0699,0.081
0.258450,0.0783,-0.0163,0.0477,0.093
0.258937,0.1102,-0.0212,0.0492,0.122
0.263840,0.1373,-0.0355,0.0787,0.162
0.269045,0.1502,-0.0022,0.0791,0.170
0.273763,0.1302,-0.0213,0.0650,0.147
0.278785,0.1582,-0.0687,0.0793,0.190
0.283600,0.1579,-0.0729,0.0885,0.195
0.288849,0.1246,-0.0676,0.0596,0.154
0.293651,0.0872,-0.1621,0.0072,0.184
0.298899,0.0554,-0.1750,-0.0212,0.185
0.303778,0.0195,-0.1641,-0.1018,0.194
0.308774,-0.0632,-0.2197,-0.1960,0.301
0.313634,-0.1356,-0.2130,-0.2567,0.360
0.318625,-0.1694,-0.2300,-0.2791,0.399
0.323625,-0.2313,-0.2516,-0.2495,0.423
0.329055,-0.2693,-0.2065,-0.2298,0.410
0.333890,-0.3738,-0.2234,-0.2152,0.486
0.338493,-0.3876,-0.2260,-0.1912,0.488
0.343453,-0.3969,-0.2096,-0.1244,0.466
0.349127,-0.3972,-0.1744,-0.0719,0.440
0.353648,-0.4361,-0.1301,-0.0431,0.457
0.358658,-0.4087,-0.0958,-0.0043,0.420
0.363372,-0.3963,-0.0619,0.0399,0.403
0.368392,-0.3656,-0.0333,0.0608,0.372
0.373864,-0.3498,-0.0050,0.0444,0.353
0.378791,-0.3635,0.0086,-0.0140,0.364
0.383329,-0.3491,0.0790,-0.0522,0.362
0.388282,-0.3068,0.0918,-0.1183,0.341
0.393268,-0.3035,0.0664,-0.1266,0.336
0.398290,-0.2768,0.0697,-0.1727,0.334
0.406695,-0.2550,0.0920,-0.2041,0.339
0.408251,-0.2194,0.0951,-0.2445,0.342
0.413273,-0.1748,0.1125,-0.2324,0.312
0.418146,-0.1448,0.1155,-0.2632,0.322
0.423321,-0.1245,0.1280,-0.2801,0.332
0.428354,-0.0997,0.1643,-0.2782,0.338
0.433093,-0.0938,0.1767,-0.2294,0.304
0.438057,-0.1026,0.2080,-0.1480,0.275
0.443054,-0.0975,0.2296,-0.0909,0.265
0.448187,-0.0788,0.2415,0.0323,0.256
0.453661,-0.0658,0.2580,0.1595,0.310
0.458127,-0.0585,0.2790,0.2434,0.375
0.463056,-0.0046,0.2903,0.3512,0.456
0.468005,-0.0192,0.3156,0.4926,0.585
0.473197,-0.0305,0.3405,0.6437,0.729
0.478503,-0.0292,0.4029,0.8238,0.918
0.482894,0.0698,0.4503,1.0191,1.116
0.488101,0.1900,0.5158,1.2062,1.326
0.492920,0.2941,0.5851,1.3231,1.476
0.497814,0.3479,0.6391,1.4098,1.587
0.505619,0.3905,0.7207,1.4469,1.663
0.508108,0.4123,0.7679,1.4488,1.691
0.512860,0.4420,0.8478,1.4059,1.700
0.517712,0.5842,0.9364,1.3036,1.708
0.523077,0.7536,1.0101,1.2505,1.775
0.528238,0.9299,1.0593,1.2713,1.898
0.532838,1.1667,1.1983,1.3029,2.120
0.537667,1.4403,1.3028,1.4407,2.418
0.542607,1.7561,1.3825,1.5510,2.720
0.547913,2.1209,1.5499,1.5278,3.039
0.553336,2.4220,1.7022,1.4149,3.281
0.557538,2.6448,1.8489,1.2523,3.461
0.562430,2.8613,1.9758,1.1722,3.669
0.567435,3.1339,2.1690,1.1357,3.977
0.572536,3.3768,2.3854,1.0369,4.262
0.578472,3.5671,2.5580,0.8752,4.476
0.582718,3.8108,2.5964,0.7542,4.672
0.587343,4.0847,2.5819,0.6176,4.872
0.592395,4.3271,2.6915,0.5169,5.122
0.597521,4.4958,2.7193,0.4088,5.270
0.602806,4.7541,2.6514,0.3980,5.458
0.607814,4.8870,2.5692,0.3841,5.535
0.614902,4.8510,2.4538,0.3378,5.447
0.617533,4.7536,2.2909,0.2985,5.285
0.624258,4.6222,2.1238,0.2609,5.093
0.628136,4.5283,1.9052,0.1817,4.916
0.632293,4.4428,1.6543,0.1760,4.744
0.637402,4.3990,1.3857,0.2389,4.618
0.642297,4.3280,1.0759,0.2898,4.469
0.647379,4.2579,0.7631,0.3012,4.336
0.652419,4.1385,0.4381,0.3359,4.175
0.657397,4.0223,0.1489,0.3609,4.041
0.662231,3.8658,-0.1042,0.1946,3.872
0.667636,3.7167,-0.3834,-0.0569,3.737
0.672144,3.4901,-0.7455,-0.2933,3.581
0.677233,3.2969,-1.1232,-0.5247,3.522
0.682411,3.1573,-1.3679,-0.7222,3.516
0.687185,2.9752,-1.6186,-1.0481,3.545
0.692221,2.7554,-1.8988,-1.4871,3.662
0.697185,2.3401,-2.2369,-1.9766,3.793
0.702057,1.9020,-2.5710,-2.3782,3.985
0.707132,1.4281,-2.8380,-2.6441,4.133
0.712117,0.7507,-3.0292,-2.8937,4.256
0.717320,-0.0071,-3.2070,-3.2369,4.557
0.722615,-0.6887,-3.3958,-3.5208,4.940
0.732373,-1.2574,-3.6769,-3.7172,5.378
0.733107,-1.7270,-3.9556,-3.8319,5.772
0.736986,-2.0865,-4.1877,-3.8928,6.086
0.742021,-2.4024,-4.3505,-3.9330,6.338
0.746975,-2.7181,-4.5402,-4.0955,6.691
0.752110,-2.9868,-4.8289,-4.3612,7.160
0.757070,-3.3617,-5.1639,-4.7357,7.771
0.762150,-3.9086,-5.4658,-5.1769,8.482
0.766959,-4.6040,-5.6856,-5.6850,9.265
0.771907,-5.3375,-5.8880,-6.2617,10.118
0.776931,-6.1634,-6.1266,-6.8845,11.087
0.782280,-6.9873,-6.4933,-7.4785,12.121
0.787207,-7.9210,-6.9222,-7.7394,13.060
0.791756,-9.0490,-7.2241,-7.5822,13.841
0.797014,-10.1373,-7.4147,-6.9073,14.334
0.802181,-10.8453,-7.6920,-5.9729,14.576
0.807360,-11.4817,-8.0045,-5.0983,14.896
0.811949,-12.3971,-8.3336,-4.2483,15.530
0.816815,-13.3874,-8.7471,-3.2593,16.320
0.821504,-14.4005,-9.1965,-2.3504,17.247
0.826615,-15.2961,-9.6556,-1.4510,18.147
0.831575,-15.7062,-10.0699,-0.5531,18.665
0.839108,-15.8538,-10.4241,-0.2053,18.975
0.841614,-15.9847,-11.0223,-0.5818,19.425
0.847128,-15.9180,-12.0757,-1.6245,20.046
0.851418,-15.7662,-13.2811,-3.0943,20.846
0.856529,-15.5702,-14.3413,-4.7129,21.687
0.863529,-15.0808,-15.1727,-6.2328,22.282
0.866492,-14.2606,-15.7794,-7.6520,22.603
0.871589,-13.0328,-16.3091,-8.7312,22.629
0.876598,-11.3054,-16.7423,-9.2557,22.221
0.887137,-9.0084,-17.0168,-9.1919,21.336
0.888259,-6.0532,-16.9918,-8.4469,19.918
0.893522,-2.5013,-16.6027,-7.4215,18.357
0.896247,1.3509,-15.6777,-6.4378,17.002
0.901288,5.4890,-14.1141,-5.8348,16.229
0.906798,10.0637,-12.0177,-6.1511,16.839
0.911571,15.1336,-9.3569,-7.5066,19.311
0.916416,20.4950,-6.1365,-9.6888,23.486
0.922250,26.2351,-2.6370,-12.1638,29.038
0.926345,31.9386,0.8543,-14.3508,35.025
0.931356,36.8364,4.1040,-15.8196,40.299
0.936414,40.6349,7.0441,-16.3941,44.380
0.941478,42.9920,9.3988,-16.1428,46.875
0.946135,43.4539,11.0151,-15.2331,47.346
0.951401,41.8474,11.8380,-13.6457,45.580
0.956190,40.0792,11.2482,-11.2669,43.125
0.965547,37.2083,10.0060,-9.4152,39.664
0.966753,33.3246,8.3851,-7.3360,35.138
0.975524,28.4262,6.9254,-5.8875,29.844
0.976943,23.9821,5.3846,-4.1703,24.930
0.983950,20.4212,3.7354,-3.0640,20.985
0.990158,17.1752,2.1220,-2.2639,17.453
0.991450,14.1588,0.6161,-1.8016,14.286
0.995995,11.3341,-0.7500,-1.6515,11.478
1.001008,8.6365,-2.0091,-1.8798,9.064
1.006161,6.1955,-3.2130,-2.4739,7.405
1.011151,3.8748,-4.3524,-3.4887,6.792
1.015968,1.6590,-5.4358,-4.8474,7.470
1.020968,-0.5582,-6.4816,-6.2931,9.051
1.026654,-2.5720,-7.3990,-7.6457,10.946
1.031139,-4.4974,-8.1260,-8.7077,12.731
1.035906,-6.0750,-8.6318,-9.5106,14.208
1.041177,-7.4322,-9.1233,-10.3596,15.678
1.045830,-8.7790,-9.8654,-10.9982,17.186
1.050799,-10.4257,-10.6495,-11.0313,18.542
1.055841,-12.3827,-11.0630,-10.5516,19.674
1.061114,-14.6510,-11.1643,-9.7990,20.864
1.071016,-17.1989,-11.0193,-8.9352,22.295
1.071624,-19.7505,-10.8349,-7.7607,23.827
1.078435,-21.9193,-10.8504,-6.4318,25.289
1.080985,-23.7732,-10.9263,-4.9789,26.633
1.086427,-25.4028,-11.0376,-3.4120,27.907
1.090624,-26.5627,-11.2587,-2.0295,28.921
1.097629,-27.3049,-11.7008,-0.8956,29.720
1.100980,-27.5305,-12.6258,-0.3483,30.290
1.106745,-27.1245,-13.9058,-0.4438,30.485
1.110519,-26.5349,-15.3062,-0.8448,30.645
1.115579,-25.2642,-16.7732,-1.4054,30.358
1.120406,-23.5816,-18.1404,-2.0919,29.825
1.125603,-21.7355,-19.1881,-2.9679,29.145
1.131678,-19.6771,-19.9794,-4.1658,28.350
1.135483,-17.4396,-20.4504,-5.6276,27.460
1.141297,-15.1856,-20.5379,-7.3265,26.572
1.147883,-12.6424,-20.4720,-8.9132,25.659
1.150430,-9.8316,-20.2411,-10.2411,24.723
1.155346,-6.7847,-19.7178,-11.2351,23.687
1.160430,-3.3850,-18.9231,-12.0084,22.666
1.165431,0.3029,-17.5975,-12.7281,21.720
1.171087,4.2887,-15.7615,-13.2649,21.042
1.175319,8.7619,-13.8443,-13.7351,21.380
1.181486,13.4887,-11.5681,-14.2328,22.767
1.185283,18.3622,-8.7557,-14.6816,25.088
1.190302,23.3416,-5.6393,-14.9778,28.301
1.196132,28.0500,-2.5904,-14.9961,31.912
1.200403,31.7714,0.2128,-14.8674,35.079
1.206098,34.0636,2.7145,-14.6000,37.160
1.210186,35.2718,4.7849,-13.9895,38.245
1.215143,35.6231,6.2539,-12.9800,38.427
1.220822,35.0167,7.0127,-11.6865,37.576
1.225198,33.6246,7.1431,-10.1203,35.834
1.231658,31.7139,6.9047,-8.6226,33.583
1.240545,29.0571,6.4733,-7.2984,30.651
1.248951,25.8046,5.7873,-6.1578,27.153
1.250318,22.4304,5.0124,-5.0351,23.529
1.251545,19.3347,4.2032,-3.9048,20.168
1.255600,16.5725,3.5565,-2.9298,17.201
1.259802,14.0692,2.9280,-2.1399,14.529
1.265236,11.8584,2.2617,-1.5802,12.175
1.269904,9.8050,1.5542,-1.2700,10.008
1.274965,7.9614,0.8109,-1.0592,8.072
1.279799,6.2772,0.0625,-1.1186,6.376
1.285020,4.6872,-0.6417,-1.3090,4.909
1.289849,3.3320,-1.3627,-1.5110,3.904
1.295074,2.1039,-2.1020,-1.6789,3.415
1.299798,1.0183,-2.7583,-1.7524,3.423
1.305078,0.0545,-3.3384,-1.7809,3.784
1.309725,-0.7800,-3.8663,-1.7156,4.301
1.314824,-1.5395,-4.3088,-1.6751,4.873
1.327375,-2.2019,-4.6040,-1.6922,5.377
1.328662,-2.6977,-4.8713,-1.6150,5.798
1.329673,-3.1921,-5.1227,-1.4857,6.216
1.334670,-3.6103,-5.1380,-1.3923,6.432
1.339891,-3.9309,-4.9904,-1.3007,6.484
1.345011,-4.1412,-4.9201,-1.2590,6.553
1.349772,-4.2084,-4.8805,-1.3009,6.574
1.360063,-4.2658,-4.7959,-1.5022,6.592
1.366154,-4.3323,-4.6055,-1.6213,6.527
1.366985,-4.2667,-4.4060,-1.6729,6.357
1.370172,-4.1945,-4.1744,-1.6388,6.140
1.374686,-4.0533,-3.9067,-1.6684,5.872
1.379474,-3.8382,-3.6659,-1.7341,5.584
1.384519,-3.6327,-3.5531,-1.7116,5.362
1.389612,-3.4360,-3.4104,-1.6313,5.109
1.395111,-3.3221,-3.2528,-1.5462,4.900
1.399542,-3.2285,-3.1478,-1.3609,4.710
1.404450,-3.0686,-3.0716,-1.0859,4.476
1.409401,-2.9373,-2.9576,-0.9030,4.265
1.414510,-2.8976,-2.7202,-0.8076,4.056
1.420119,-2.7592,-2.5410,-0.7281,3.821
1.424611,-2.6237,-2.4394,-0.6220,3.636
1.429396,-2.6102,-2.2430,-0.5857,3.491
1.434457,-2.5940,-2.1005,-0.6340,3.398
1.439462,-2.4840,-1.9830,-0.6864,3.252
1.444941,-2.3095,-1.7902,-0.7818,3.025
1.449327,-2.1205,-1.6365,-0.8250,2.803
1.454309,-1.9461,-1.4933,-0.8501,2.596
1.459429,-1.7903,-1.2887,-0.6997,2.314
1.464615,-1.6186,-1.1469,-0.5175,2.050
1.472428,-1.4211,-1.0536,-0.3129,1.796
1.474357,-1.1449,-1.0324,0.0248,1.542
1.479074,-0.8163,-0.9920,0.4486,1.361
1.484027,-0.4926,-0.8845,0.8351,1.312
1.489134,-0.2304,-0.7292,1.1660,1.394
1.495095,-0.0864,-0.5308,1.3557,1.458
1.499232,-0.1465,-0.4184,1.3279,1.400
1.504083,-0.1864,-0.3680,1.1824,1.252
1.509054,-0.2049,-0.4223,1.0146,1.118
1.514102,-0.2464,-0.3993,0.6946,0.838
1.519000,-0.2922,-0.3713,0.3320,0.577
1.524140,-0.3711,-0.4097,0.0462,0.555
1.529066,-0.3012,-0.5001,-0.1156,0.595
1.534081,-0.2412,-0.5662,-0.1637,0.637
1.539001,-0.2086,-0.5642,-0.1165,0.613
1.544016,-0.1991,-0.5139,-0.0791,0.557
1.549419,-0.1888,-0.4391,-0.0517,0.481
1.553970,-0.0958,-0.4353,-0.0625,0.450
1.558887,-0.1067,-0.4450,-0.1211,0.473
1.564264,-0.1358,-0.4588,-0.1413,0.499
1.568742,-0.0566,-0.5809,0.0013,0.584
1.574035,-0.0134,-0.6920,0.1159,0.702
1.578687,-0.1931,-0.6583,0.0454,0.688
1.583774,-0.4095,-0.5378,-0.0280,0.677
1.588941,-0.4575,-0.6033,-0.0379,0.758
1.593824,-0.5013,-0.7687,-0.1479,0.930
1.598779,-0.6252,-0.9615,-0.2468,1.173
1.609732,-0.6773,-1.1010,-0.3920,1.351
1.610292,-0.7827,-1.1395,-0.5494,1.488
1.613697,-0.9370,-1.2402,-0.7094,1.709
1.618648,-1.2078,-1.3746,-0.9440,2.059
1.623812,-1.4718,-1.5574,-1.2447,2.478
1.628609,-1.8045,-1.7690,-1.6158,2.999
1.633629,-2.0970,-2.0196,-1.9718,3.516
1.638691,-2.4264,-2.2616,-2.3227,4.049
1.643876,-2.7986,-2.4907,-2.7403,4.642
1.648601,-3.2240,-2.7459,-3.1771,5.294
1.653568,-3.7711,-3.0566,-3.5435,6.010
1.658439,-4.2671,-3.4514,-3.8399,6.698
1.663538,-4.7370,-3.8924,-4.1009,7.376
1.668410,-5.4303,-4.2270,-4.2411,8.083
1.673669,-6.3047,-4.5278,-4.3759,8.911
1.678434,-7.1947,-4.8343,-4.4920,9.763
1.683355,-8.0640,-5.1329,-4.5238,10.575
1.688268,-9.2418,-5.3779,-4.5198,11.609
1.693370,-10.6156,-5.7664,-4.4624,12.878
1.698393,-11.8486,-6.3085,-4.3484,14.110
1.709874,-13.2071,-6.9090,-4.1547,15.473
1.710381,-14.7765,-7.4297,-3.9049,16.994
1.713372,-15.9123,-7.9558,-3.5680,18.145
1.718368,-16.6925,-8.6852,-3.2958,19.103
1.723650,-17.4814,-9.6528,-2.9099,20.180
1.728361,-18.2679,-10.8127,-2.5770,21.384
1.733342,-18.8008,-12.1514,-2.3041,22.504
1.740085,-19.3409,-13.6549,-2.0621,23.765
1.743357,-19.9966,-15.1342,-2.0169,25.159
1.750333,-20.0773,-16.8920,-2.2233,26.332
1.758765,-19.4743,-18.9508,-2.6942,27.306
1.759236,-18.0578,-21.1336,-3.4586,28.012
1.765401,-15.8722,-23.2064,-4.5347,28.479
1.768275,-13.2292,-24.6928,-5.9755,28.644
1.773420,-10.3919,-25.6375,-7.7847,28.738
1.779025,-7.0397,-25.9640,-9.9342,28.677
1.782779,-2.5809,-25.3791,-12.2876,28.315
1.787783,2.8112,-23.7328,-14.7882,28.104
1.793479,9.1606,-20.8134,-17.0857,28.444
1.798040,16.6017,-17.0854,-19.1098,30.540
1.803692,24.9114,-12.7928,-20.9138,34.952
1.807894,33.0302,-8.0406,-22.1984,40.601
1.813053,39.9364,-3.1563,-22.4842,45.939
1.817944,44.6870,1.1366,-21.6732,49.678
1.824296,46.7964,4.4155,-19.8421,51.021
1.833258,46.5695,6.3046,-17.2406,50.057
1.839375,44.6564,6.7939,-14.4018,47.411
1.839989,41.4713,6.3870,-11.7403,43.572
1.842668,37.7469,5.7070,-9.4802,39.335
1.847818,33.5233,4.8027,-7.8676,34.767
1.854962,28.6999,3.7035,-6.8484,29.737
1.857598,23.6793,2.6807,-6.3278,24.656
1.862722,19.0876,1.8267,-6.0789,20.115
1.867769,15.1577,1.1648,-5.8394,16.285
1.873642,11.9859,0.6225,-5.3956,13.159
1.880152,9.3966,0.1544,-4.7637,10.536
1.882693,7.2051,-0.3759,-4.0695,8.283
1.887378,5.1132,-0.9306,-3.3671,6.193
1.892392,2.9057,-1.4661,-2.5945,4.162
1.897821,0.6896,-1.8584,-1.9951,2.812
1.903247,-1.2289,-2.1737,-1.5254,2.926
1.907377,-2.8787,-2.5216,-1.2725,4.033
1.912444,-4.1591,-2.9211,-1.1665,5.215
1.917451,-5.2319,-3.3949,-1.1501,6.342
1.922426,-6.1009,-3.8222,-1.2262,7.303
1.928259,-6.7352,-4.0873,-1.1987,7.969
1.932353,-7.0607,-4.3205,-1.1319,8.355
1.937274,-7.1176,-4.5566,-1.0888,8.521
1.942399,-7.1034,-4.8301,-1.0795,8.658
1.947271,-7.0650,-5.0607,-0.9531,8.743
1.952724,-6.9436,-5.1165,-0.8182,8.664
1.957452,-6.6993,-4.9891,-0.5997,8.374
1.962261,-6.4275,-4.8429,-0.3586,8.056
1.967178,-6.1654,-4.6983,-0.1176,7.752
1.972291,-5.9505,-4.4845,0.1097,7.452
1.977192,-5.7314,-4.1501,0.2818,7.082
1.982808,-5.4610,-3.8871,0.3724,6.713
1.990594,-5.2032,-3.6243,0.3109,6.349
1.992181,-5.0243,-3.3668,0.2353,6.053
1.997104,-4.8282,-3.0958,0.0680,5.736
2.002047,-4.6765,-2.8354,-0.1681,5.471
2.007074,-4.5451,-2.5567,-0.4266,5.232
2.012045,-4.3604,-2.2454,-0.7141,4.956
2.016936,-4.1510,-1.9972,-0.9216,4.698
2.022082,-3.9259,-1.7831,-1.1126,4.453
2.026921,-3.6843,-1.5886,-1.2788,4.211
2.032050,-3.2389,-1.3992,-1.3969,3.795
2.036944,-2.6940,-1.3248,-1.5014,3.357
2.041961,-2.2830,-1.2312,-1.6027,3.049
2.047406,-1.9713,-1.1375,-1.5816,2.771
2.051936,-1.7775,-1.0195,-1.5201,2.551
2.056882,-1.5671,-0.8774,-1.4330,2.298
2.062145,-1.3355,-0.7638,-1.2822,2.003
2.066816,-0.9815,-0.6928,-1.2113,1.706
2.071934,-0.5717,-0.6356,-1.1876,1.463
2.077086,-0.1051,-0.6446,-1.1729,1.343
2.082478,0.2757,-0.6720,-1.1146,1.330
2.086709,0.5095,-0.6219,-0.9648,1.256
2.091949,0.6780,-0.5615,-0.7041,1.127
2.096971,0.7917,-0.4481,-0.4028,0.995
2.101728,0.9753,-0.3677,-0.0374,1.043
2.107135,1.1526,-0.3063,0.3031,1.231
2.113933,1.2328,-0.2353,0.6005,1.391
2.116677,1.2591,-0.2266,0.7404,1.478
2.122274,1.2317,-0.1844,0.8285,1.496
2.126600,1.1642,-0.1615,0.8414,1.445
2.131692,1.0807,-0.1575,0.7871,1.346
2.136517,0.9949,-0.1534,0.6952,1.223
2.141709,0.8151,-0.1492,0.6995,1.084
2.146525,0.6698,-0.1544,0.7138,0.991
2.151617,0.4864,-0.1499,0.7187,0.881
2.156548,0.3691,-0.1933,0.7294,0.840
2.161880,0.2993,-0.2555,0.7257,0.826
2.167048,0.2428,-0.2794,0.7516,0.838
2.171669,0.1850,-0.2938,0.8118,0.883
2.176522,0.2024,-0.3036,0.8732,0.946
2.182071,0.2428,-0.3376,0.9363,1.025
2.186611,0.3012,-0.3339,1.0067,1.103
2.191489,0.3448,-0.3353,1.0406,1.146
2.196445,0.3833,-0.3087,1.1058,1.210
2.201406,0.4408,-0.3210,1.1164,1.242
2.206432,0.4838,-0.3102,1.1014,1.242
2.211797,0.4501,-0.2811,1.0608,1.186
2.216253,0.3828,-0.2097,0.9753,1.069
2.221307,0.2869,-0.1773,0.8492,0.914
2.226696,0.2001,-0.1360,0.6919,0.733
2.231370,0.1223,-0.1478,0.5459,0.579
2.236583,0.0582,-0.1696,0.4447,0.479
2.241272,-0.0307,-0.1773,0.3065,0.355
2.246231,-0.1014,-0.1853,0.1788,0.277
2.251171,-0.1971,-0.2317,0.1046,0.322
2.256651,-0.2845,-0.2544,0.0403,0.384
2.261641,-0.3832,-0.2244,0.0098,0.444
2.266050,-0.4165,-0.2425,-0.0159,0.482
2.271122,-0.3314,-0.2366,-0.0178,0.408
2.275989,0.1562,-0.2788,0.0815,0.330
2.281680,1.2735,-0.3549,0.5804,1.444
2.286572,0.7545,0.0327,0.7647,1.075
2.290932,0.2257,0.2280,0.6385,0.715
2.295927,0.5352,0.0356,0.3690,0.651
2.301001,0.7310,-0.0798,0.1907,0.760
2.305910,0.5209,0.0874,0.0600,0.532
2.311676,0.3164,0.2452,-0.1005,0.413
2.315853,0.2319,0.2406,-0.2626,0.425
2.320906,0.0755,0.2032,-0.4124,0.466
2.325810,-0.0473,0.1904,-0.5017,0.539
2.330961,-0.0506,0.1972,-0.5211,0.559
2.336010,-0.0639,0.1901,-0.4939,0.533
2.341229,-0.1057,0.1833,-0.3722,0.428
2.346227,-0.1623,0.1479,-0.2224,0.313
2.350787,-0.1860,0.1364,-0.0919,0.248
2.356258,-0.2296,0.1679,0.0438,0.288
2.363412,-0.3221,0.1655,0.1750,0.402
2.365770,-0.3107,0.1581,0.2829,0.449
2.370790,-0.2190,0.1742,0.3772,0.470
2.375737,-0.1666,0.1661,0.4054,0.469
2.381375,-0.1436,0.1624,0.4728,0.520
2.385611,-0.1307,0.1010,0.4885,0.516
2.390709,-0.1374,0.0490,0.4667,0.489
2.395562,-0.1588,0.0112,0.3785,0.411
2.400594,-0.2287,-0.0171,0.2335,0.327
2.406188,-0.2319,-0.0358,0.1414,0.274
2.410577,-0.2452,-0.0785,0.0733,0.268
2.415471,-0.2589,-0.1260,-0.0042,0.288
2.420642,-0.2825,-0.1542,-0.1342,0.349
2.425505,-0.2345,-0.1394,-0.2259,0.354
2.430544,-0.2489,-0.1580,-0.2699,0.400
2.435713,-0.2252,-0.1526,-0.3189,0.419
2.440858,-0.1779,-0.1520,-0.3294,0.404
2.445356,-0.2026,-0.1276,-0.3252,0.404
2.450405,-0.1940,-0.1178,-0.2680,0.351
2.455344,-0.1714,-0.1321,-0.2627,0.340
2.460430,-0.2257,-0.1179,-0.2664,0.369
2.466008,-0.2661,-0.0514,-0.3411,0.436
2.473007,-0.2591,-0.0377,-0.3818,0.463
2.475324,-0.2718,0.0093,-0.4031,0.486
2.480696,-0.3090,0.0610,-0.4435,0.544
2.485434,-0.2365,0.0792,-0.4983,0.557
2.490593,-0.2267,0.0638,-0.4765,0.532
2.495384,-0.2125,0.0531,-0.4307,0.483
2.500293,-0.1987,0.0185,-0.3943,0.442
2.505192,-0.1659,-0.0210,-0.3146,0.356
2.510291,-0.1289,0.0064,-0.2154,0.251
2.515286,-0.1354,-0.0238,-0.1399,0.196
2.520317,-0.1038,-0.0685,-0.0877,0.152
2.525644,-0.0244,-0.1276,-0.0878,0.157
2.530199,0.0216,-0.1388,-0.1066,0.176
2.535090,0.0963,-0.1693,-0.0724,0.208
2.540213,0.1234,-0.1712,-0.0186,0.212
2.545220,0.1603,-0.2162,0.0260,0.270
2.550087,0.1687,-0.1944,-0.0006,0.257
2.555296,0.1725,-0.1296,-0.0076,0.216
2.560449,0.2005,-0.0984,0.0001,0.223
2.565053,0.2289,-0.0721,-0.0350,0.243
2.575315,0.2530,-0.0411,-0.0125,0.257
2.575678,0.2585,-0.0723,-0.0042,0.268
2.580070,0.2501,-0.0556,0.0187,0.257
2.585371,0.1883,-0.0103,0.0415,0.193
2.590087,0.1607,0.0300,0.0119,0.164
2.595080,0.1290,0.0178,-0.0510,0.140
2.599906,0.0839,-0.0085,-0.0756,0.113
2.605105,0.0203,-0.0106,-0.0531,0.058
2.609945,-0.0046,-0.0030,0.0355,0.036
2.614870,-0.0769,-0.0050,0.0661,0.101
2.620097,-0.1105,-0.0165,0.0582,0.126
2.624816,-0.0964,-0.0514,0.0310,0.114
2.629871,-0.0964,-0.0574,-0.0157,0.113
2.634738,-0.0486,-0.0487,-0.0965,0.118
2.639786,-0.0199,-0.0254,-0.1113,0.116
2.645333,0.0043,-0.0114,-0.0800,0.081
2.649778,0.0715,0.0646,-0.0932,0.134
2.654711,0.1007,0.0977,-0.0509,0.149
2.659781,0.1828,0.0978,-0.0058,0.207
2.664738,0.2603,0.0603,0.0709,0.276
2.670176,0.2526,0.0424,0.1555,0.300
2.674585,0.1840,0.0343,0.2912,0.346
2.680054,0.1258,0.0644,0.4113,0.435
2.684808,-0.0031,0.0609,0.4882,0.492
2.689988,-0.1549,0.0429,0.4845,0.510
2.697897,-0.2966,-0.0656,0.4724,0.562
2.699723,-0.4283,-0.1164,0.4662,0.644
2.707351,-0.5459,-0.1198,0.4279,0.704
2.709581,-0.6353,-0.1234,0.3721,0.747
2.714557,-0.6634,-0.1797,0.2798,0.742
2.720037,-0.6736,-0.1979,0.1750,0.724
2.724619,-0.6706,-0.1925,0.1289,0.710
2.729526,-0.6307,-0.2064,0.0744,0.668
2.734448,-0.5443,-0.1917,-0.0412,0.579
2.739842,-0.4303,-0.2105,-0.1224,0.494
2.745328,-0.3555,-0.2720,-0.1647,0.477
2.749477,-0.3195,-0.2665,-0.1401,0.439
2.754352,-0.3077,-0.2564,-0.0489,0.403
2.759434,-0.2822,-0.2036,-0.0057,0.348
2.764589,-0.2335,-0.1800,0.0756,0.304
2.770297,-0.1663,-0.1853,0.1427,0.287
2.774326,-0.0949,-0.2191,0.1146,0.265
2.779374,-0.1333,-0.2386,0.1113,0.295
2.784255,-0.1527,-0.2344,0.1703,0.328
2.789596,-0.1535,-0.2161,0.1249,0.293
2.794280,-0.1883,-0.1886,0.1089,0.288
2.799390,-0.1951,-0.1900,0.0979,0.289
2.806824,-0.2167,-0.1771,0.0540,0.285
2.809340,-0.1721,-0.2073,0.0583,0.276
2.817369,-0.1141,-0.2087,0.0296,0.240
2.819860,-0.0666,-0.1913,0.0587,0.211
2.824052,-0.0434,-0.2074,0.0641,0.221
2.829137,0.0463,-0.1853,0.0126,0.191
2.834043,0.1073,-0.1775,-0.0484,0.213
2.839158,0.1303,-0.1602,-0.1138,0.236
2.844301,0.1297,-0.1047,-0.1367,0.216
2.849687,0.0913,-0.0875,-0.2127,0.247
2.854002,0.1247,-0.0035,-0.2656,0.293
2.859076,0.2061,0.0042,-0.3053,0.368
2.864143,0.2922,0.0171,-0.2939,0.415
2.869168,0.3596,0.0492,-0.2795,0.458
2.873984,0.4274,0.0578,-0.2000,0.475
2.878965,0.4529,0.0475,-0.0982,0.466
2.883774,0.3886,0.0851,0.0069,0.398
2.889228,0.2919,0.1175,0.1159,0.335
2.893926,0.2245,0.1307,0.1386,0.294
2.899006,0.1575,0.0534,0.1235,0.207
2.904698,0.1290,0.0004,0.1230,0.178
2.909002,0.0482,-0.0143,0.0897,0.103
2.913761,-0.0276,-0.0432,0.0856,0.100
2.918784,-0.0605,-0.0578,0.1201,0.146
2.923684,-0.0982,-0.0629,0.1264,0.172
2.932146,-0.1266,-0.0396,0.1379,0.191
2.933773,-0.1551,-0.0594,0.0879,0.188
2.942684,-0.1551,-0.1028,0.0528,0.193
2.943578,-0.1743,-0.0936,0.0514,0.204
2.948706,-0.1460,-0.0702,-0.0071,0.162
2.953658,-0.1038,-0.0423,-0.0558,0.125
2.958682,-0.1618,-0.0239,-0.1617,0.230
2.963685,-0.1811,-0.0055,-0.2008,0.270
2.968632,-0.1194,0.0177,-0.2118,0.244
2.973606,-0.1248,0.0598,-0.1899,0.235
2.978568,-0.1683,0.0826,-0.1209,0.223
2.983387,-0.1307,0.0958,-0.0764,0.179
2.988622,-0.0555,0.1183,-0.0036,0.131
2.993528,-0.0235,0.0930,0.0404,0.104
2.998586,0.0509,0.0916,0.0798,0.132
3.003712,0.1106,0.1424,0.1194,0.216
3.008309,0.1700,0.1546,0.0497,0.235
3.013342,0.2006,0.1619,0.0904,0.273
3.018426,0.2407,0.1784,0.1504,0.335
3.023496,0.2997,0.1900,0.0775,0.363
3.029210,0.2441,0.1205,0.0816,0.284
3.033440,0.1746,0.1229,0.1003,0.236
3.038297,0.1578,0.1346,0.0764,0.221
3.043216,0.1313,0.1795,0.0006,0.222
3.048532,0.1235,0.1765,-0.1030,0.239
3.056780,0.1442,0.1926,-0.2539,0.350
3.058213,0.1932,0.1993,-0.3188,0.423
3.063058,0.1230,0.1397,-0.2556,0.316
3.068180,0.0819,0.1329,-0.2124,0.264
3.073139,0.1267,0.1263,-0.2082,0.274
3.078654,0.1810,0.1151,-0.1663,0.271
3.083034,0.1690,0.0566,-0.1440,0.229
3.088097,0.1622,-0.0252,-0.0984,0.191
3.093073,0.1414,0.0221,0.0181,0.144
3.098117,0.1211,0.0119,0.2098,0.243
3.103644,0.1437,0.0348,0.4437,0.468
3.108343,0.1327,0.0429,0.6676,0.682
3.113133,0.1358,0.0838,0.7821,0.798
3.118007,0.1242,0.0954,0.7072,0.724
3.122906,0.0840,0.0117,0.5960,0.602
3.128181,0.0438,0.0237,0.4338,0.437
3.133105,0.0559,0.0737,0.1060,0.141
3.137995,0.0631,0.1236,-0.1590,0.211
3.143048,0.1178,0.1641,-0.2714,0.338
