0.001533,0.0636,0.3060,-0.8055,0.864
0.004186,0.1694,0.2586,-0.8554,0.910
0.009443,0.1994,0.2121,-0.7975,0.849
0.015194,0.2590,0.1714,-0.6848,0.752
0.019252,0.7543,-0.0733,-0.9668,1.228
0.024403,0.4144,0.1226,-0.9205,1.017
0.029311,0.1000,0.3512,-0.4072,0.547
0.035751,0.1542,0.2065,-0.0244,0.259
0.039211,0.1793,-0.0667,0.2243,0.295
0.044798,0.1852,-0.2150,0.2917,0.407
0.049283,0.1290,-0.2106,0.3555,0.433
0.054074,0.0346,-0.1783,0.4113,0.450
0.059057,-0.0312,-0.1373,0.4785,0.499
0.064161,0.0603,-0.1830,0.5281,0.562
0.069294,0.0891,-0.2242,0.6120,0.658
0.074199,-0.0827,-0.2082,0.7107,0.745
0.078935,-0.1210,-0.1352,0.6616,0.686
0.084187,-0.1075,-0.0819,0.5708,0.587
0.089257,-0.1473,-0.0339,0.5147,0.536
0.094171,-0.1543,-0.0914,0.5313,0.561
0.099085,-0.1576,-0.1251,0.5155,0.553
0.104390,-0.1856,-0.1160,0.5292,0.573
0.108907,-0.1762,-0.0977,0.5248,0.562
0.116084,-0.1812,-0.1128,0.5146,0.557
0.119006,-0.1680,-0.0901,0.5006,0.536
0.123991,-0.1602,-0.0916,0.4354,0.473
0.132961,-0.1437,-0.1124,0.3951,0.435
0.133970,-0.1420,-0.1095,0.3894,0.429
0.138686,-0.1360,-0.0451,0.3224,0.353
0.143860,-0.1399,-0.0432,0.2708,0.308
0.148949,-0.1442,-0.0652,0.2105,0.263
0.153693,-0.1203,-0.0680,0.1272,0.188
0.158747,-0.1110,-0.0897,0.0824,0.165
0.164275,-0.1161,-0.1065,-0.0142,0.158
0.169312,-0.1309,-0.0850,-0.0723,0.172
0.173745,-0.1077,-0.0778,-0.0686,0.150
0.178482,-0.1086,-0.0942,-0.0510,0.153
0.183573,-0.0858,-0.1104,-0.0528,0.149
0.189233,-0.0819,-0.0978,-0.0977,0.161
0.194359,-0.1159,-0.1090,-0.0947,0.185
0.198747,-0.1735,-0.1200,-0.1587,0.264
0.203603,-0.2022,-0.1119,-0.1985,0.305
0.208530,-0.2403,-0.1084,-0.1860,0.323
0.213965,-0.2402,-0.0907,-0.1785,0.313
0.219167,-0.2451,-0.0730,-0.1853,0.316
0.224184,-0.2931,-0.0651,-0.2250,0.375
0.228317,-0.3363,-0.0478,-0.2453,0.419
0.233525,-0.3417,-0.0353,-0.2701,0.437
0.238567,-0.3522,-0.0182,-0.2519,0.433
0.251919,-0.3820,0.0177,-0.2574,0.461
0.252303,-0.3979,0.0391,-0.2296,0.461
0.259929,-0.3621,0.0366,-0.2255,0.428
0.260198,-0.3367,0.0388,-0.1785,0.383
0.263431,-0.2833,0.0552,-0.1127,0.310
0.268729,-0.2400,0.0809,-0.1136,0.278
0.273319,-0.2067,0.1300,-0.0477,0.249
0.278161,-0.1923,0.1216,-0.0536,0.234
0.283897,-0.1495,0.1513,-0.0544,0.220
0.288283,-0.1305,0.1475,-0.0459,0.202
0.294081,-0.0780,0.1343,-0.0615,0.167
0.298314,-0.0969,0.0739,-0.0489,0.131
0.303126,-0.0771,0.0806,-0.0083,0.112
0.308035,-0.0619,0.0399,0.0364,0.082
0.313256,-0.0896,0.0186,0.0994,0.135
0.319060,-0.1981,0.0402,0.1954,0.281
0.323081,-0.1872,0.0425,0.2814,0.341
0.327941,-0.1959,0.0019,0.2720,0.335
0.333014,-0.1956,-0.0669,0.3250,0.385
0.337918,-0.1722,-0.0784,0.4400,0.479
0.344484,-0.1354,-0.0616,0.5123,0.533
0.348074,-0.1282,-0.0453,0.5996,0.615
0.353111,-0.1265,-0.0486,0.6686,0.682
0.357917,-0.0874,-0.0428,0.6958,0.703
0.362947,-0.1110,-0.0852,0.7007,0.715
0.369182,-0.1063,-0.0943,0.6689,0.684
0.373042,-0.1454,-0.0943,0.6343,0.658
0.377971,-0.1803,-0.0424,0.5871,0.616
0.383191,-0.2067,-0.0673,0.5701,0.610
0.388375,-0.2341,-0.0542,0.5828,0.630
0.393482,-0.2675,-0.0224,0.6538,0.707
0.399139,-0.2829,-0.0339,0.7160,0.771
0.403109,-0.2194,-0.0221,0.8467,0.875
0.407578,-0.1866,-0.0062,0.9550,0.973
0.412597,-0.1890,-0.0007,1.0227,1.040
0.417697,-0.2218,0.0183,1.1166,1.139
0.422629,-0.2468,0.0318,1.2179,1.243
0.427514,-0.2259,0.0066,1.2974,1.317
0.432584,-0.2408,0.0188,1.3282,1.350
0.437443,-0.2148,0.0255,1.3384,1.356
0.442696,-0.2435,-0.0061,1.2899,1.313
0.447594,-0.2649,-0.0759,1.2736,1.303
0.452499,-0.3128,-0.0930,1.3464,1.385
0.457499,-0.3678,-0.1099,1.3740,1.427
0.462809,-0.3888,-0.0986,1.4829,1.536
0.467473,-0.2996,-0.1161,1.5720,1.604
0.472532,-0.2390,-0.1810,1.5895,1.618
0.477411,-0.1638,-0.2263,1.6412,1.665
0.482407,-0.1219,-0.2474,1.6797,1.702
0.487467,-0.1212,-0.2252,1.7134,1.732
0.492409,-0.1202,-0.1697,1.7313,1.744
0.497522,-0.1037,-0.1093,1.8034,1.810
0.502898,-0.0235,-0.1105,1.8444,1.848
0.507395,0.1211,-0.1584,1.8876,1.898
0.512395,0.3066,-0.2003,1.8711,1.907
0.517354,0.4543,-0.1691,1.6925,1.761
0.522351,0.5963,-0.1893,1.4560,1.585
0.531064,0.7869,-0.2265,1.2250,1.474
0.532314,1.0261,-0.1998,0.9600,1.419
0.537197,1.1999,-0.1142,0.6407,1.365
0.542152,1.3493,-0.0415,0.3388,1.392
0.547156,1.6412,0.1000,0.0132,1.644
0.552109,2.0790,0.1666,-0.2813,2.105
0.557102,2.4919,0.2489,-0.6393,2.585
0.562079,2.9476,0.3319,-1.0188,3.136
0.567825,3.2700,0.3816,-1.3776,3.569
0.572080,3.5319,0.5695,-1.5774,3.910
0.577039,3.6578,0.8037,-1.6439,4.090
0.581988,3.7954,1.0218,-1.7418,4.299
0.587002,3.8495,1.1232,-1.8966,4.436
0.592090,3.8155,1.2177,-2.0513,4.500
0.596843,3.8515,1.2574,-2.2153,4.618
0.601913,3.8618,1.3615,-2.3312,4.712
0.606785,3.7888,1.3962,-2.3995,4.697
0.611865,3.7145,1.4234,-2.3710,4.631
0.616912,3.5810,1.3573,-2.3561,4.496
0.621759,3.4022,1.3370,-2.3119,4.325
0.629542,3.3353,1.2621,-2.3579,4.275
0.631843,3.2510,1.1138,-2.3746,4.177
0.639411,3.1676,0.9213,-2.3470,4.049
0.641946,3.1062,0.7990,-2.2799,3.935
0.646675,2.9897,0.7233,-2.1770,3.768
0.651899,2.8804,0.6654,-2.0713,3.610
0.656589,2.8259,0.5780,-1.9763,3.497
0.661909,2.7642,0.4231,-1.8580,3.357
0.666853,2.6602,0.2875,-1.7819,3.215
0.671939,2.5935,0.1756,-1.7294,3.122
0.677423,2.5102,0.0401,-1.7039,3.034
0.681752,2.4582,-0.1713,-1.6949,2.991
0.686636,2.2941,-0.3958,-1.7209,2.895
0.691775,2.0802,-0.6379,-1.8147,2.833
0.696831,1.8761,-0.8299,-1.9227,2.812
0.702178,1.6420,-0.7765,-1.8074,2.562
0.706620,1.3562,-0.8502,-1.9608,2.531
0.711571,1.1525,-1.2319,-2.2723,2.830
0.716502,1.0496,-1.6101,-2.3878,3.065
0.721723,0.8276,-1.8555,-2.4365,3.172
0.727107,0.4930,-1.9920,-2.4408,3.189
0.731565,0.2128,-2.1203,-2.4262,3.229
0.736361,-0.0737,-2.2496,-2.5205,3.379
0.741386,-0.3671,-2.4802,-2.7282,3.705
0.746704,-0.7018,-2.7590,-2.9439,4.095
0.753943,-1.0734,-3.0431,-3.1009,4.475
0.756409,-1.5384,-3.2370,-3.3223,4.887
0.761441,-2.1072,-3.4316,-3.6001,5.402
0.766355,-2.6739,-3.6559,-3.7754,5.897
0.771403,-3.2591,-3.8005,-3.8342,6.306
0.777326,-3.8981,-3.8708,-3.8911,6.732
0.781409,-4.3200,-3.9537,-3.8693,7.019
0.786160,-4.5762,-4.0931,-3.9116,7.280
0.791217,-4.7693,-4.2556,-3.8566,7.465
0.797378,-5.1131,-4.3895,-3.7131,7.694
0.801470,-5.5941,-4.4480,-3.5908,7.998
0.806241,-5.9551,-4.5564,-3.4273,8.244
0.811155,-6.3367,-4.6485,-3.3087,8.527
0.816083,-7.0192,-4.6972,-2.8758,8.922
0.821342,-7.6442,-4.7363,-2.7327,9.399
0.827183,-7.9853,-4.9536,-2.7966,9.804
0.831142,-8.7679,-5.2396,-2.7174,10.569
0.835998,-10.0135,-5.5236,-2.5565,11.718
0.841249,-11.3664,-6.0165,-2.1982,13.047
0.846038,-12.5076,-6.5457,-1.6316,14.211
0.851013,-13.3386,-7.0115,-0.9059,15.096
0.856025,-14.0140,-7.4940,-0.1878,15.893
0.861094,-14.9187,-8.2307,0.3857,17.043
0.865965,-15.6699,-9.3280,0.7832,18.253
0.871974,-16.1321,-10.6373,0.8071,19.340
0.876068,-16.3836,-11.9036,0.3476,20.254
0.882657,-16.2724,-13.3084,-0.4932,21.027
0.893238,-15.6712,-14.8477,-1.7914,21.662
0.893691,-14.6908,-16.3270,-3.4365,22.231
0.899754,-13.3398,-17.5725,-5.1341,22.652
0.901051,-11.6543,-18.5407,-6.7975,22.930
0.905794,-9.8459,-19.0443,-8.4108,23.030
0.910831,-8.3228,-19.0885,-10.1459,23.164
0.915692,-6.8351,-18.8484,-11.8512,23.290
0.920819,-5.0748,-18.3752,-13.4042,23.304
0.925721,-2.7810,-17.5741,-14.8557,23.179
0.930737,0.0489,-16.8692,-16.2819,23.445
0.939562,4.0439,-15.5249,-17.4011,23.668
0.940761,9.9490,-13.0632,-18.5811,24.797
0.945941,16.3834,-9.4644,-20.0679,27.581
0.950685,23.5920,-4.8754,-21.6591,32.396
0.955809,32.2693,-0.4742,-24.7268,40.656
0.960812,38.8758,3.0140,-28.2594,48.156
0.965571,42.9702,5.3286,-29.4379,52.359
0.970583,43.6801,6.7530,-26.8947,51.739
0.975623,40.4550,7.6964,-22.0888,46.731
0.980813,35.3952,7.6848,-16.6281,39.854
0.988970,30.6791,6.8560,-11.8381,33.591
0.990440,26.2984,6.1568,-8.2273,28.235
0.995666,22.2030,5.5100,-5.9112,23.628
1.000417,18.9834,4.5594,-4.7849,20.101
1.005808,16.3190,3.6516,-4.2263,17.248
1.011489,14.2365,3.0073,-3.5644,14.981
1.015316,12.4726,2.2098,-2.6636,12.944
1.020330,10.6483,0.9897,-1.8219,10.848
1.025950,8.5922,-0.0394,-0.8488,8.634
1.030624,6.5442,-0.9222,0.1083,6.610
1.035606,4.7761,-2.0281,0.6138,5.225
1.040352,2.9488,-3.1309,0.7444,4.365
1.045406,0.8863,-4.0343,0.6588,4.183
1.050220,-1.0034,-4.6486,0.4916,4.781
1.055234,-2.5616,-5.1086,-0.1991,5.718
1.060434,-4.0190,-5.5905,-1.2269,6.994
1.065552,-5.4659,-6.0565,-2.4053,8.505
1.070222,-6.8697,-6.5272,-3.4187,10.074
1.075285,-8.5906,-7.0668,-4.2964,11.925
1.080417,-10.8174,-7.6917,-4.7427,14.095
1.085527,-13.2134,-8.4429,-4.7570,16.386
1.090289,-16.1610,-8.5063,-4.4679,18.802
1.095066,-19.6612,-8.4852,-4.0007,21.785
1.100122,-22.9267,-8.8193,-3.4052,24.799
1.107722,-25.5660,-9.4023,-2.5157,27.356
1.117420,-27.6441,-10.0886,-1.3130,29.457
1.119125,-28.6850,-10.9653,-0.0201,30.709
1.119990,-28.5941,-12.0650,0.7611,31.045
1.125127,-27.6101,-13.5363,0.8304,30.761
1.130069,-26.0602,-15.1529,0.1868,30.146
1.137765,-24.2219,-16.6491,-1.0667,29.411
1.139903,-22.1949,-17.8261,-2.9596,28.621
1.144939,-19.8668,-18.7491,-5.3703,27.840
1.149906,-17.3650,-19.3359,-8.0017,27.193
1.155079,-15.0185,-19.5399,-10.3671,26.737
1.159912,-12.4438,-19.4459,-12.3115,26.164
1.164943,-9.5500,-19.1743,-13.7939,25.478
1.171874,-6.5243,-18.6034,-14.7339,24.612
1.175298,-3.4788,-17.8119,-15.1929,23.668
1.179964,-0.8167,-16.8385,-15.3612,22.807
1.185461,1.3765,-15.6528,-15.2261,21.880
1.189827,3.1431,-13.9975,-14.8511,20.649
1.194658,4.7095,-11.9175,-14.6753,19.483
1.199760,6.9157,-9.4739,-15.0122,19.051
1.204907,10.4826,-7.0593,-15.9838,20.376
1.214838,14.9971,-4.3176,-17.2842,23.287
1.215343,21.0149,-1.7844,-18.3372,27.947
1.223277,27.0814,0.4354,-18.9668,33.066
1.224572,31.9055,2.5969,-18.2592,36.852
1.230810,35.0849,4.4603,-16.0152,38.824
1.236627,36.1306,5.8224,-12.3374,38.620
1.239445,35.7529,6.7730,-8.5042,37.369
1.244909,34.5595,7.3750,-5.2941,35.732
1.249739,32.1989,7.5423,-3.0209,33.208
1.254633,28.7523,7.6524,-1.5929,29.796
1.262734,25.0822,7.7313,-0.7444,26.257
1.265066,21.6863,7.5721,-0.4776,22.975
1.274108,18.3161,7.1324,-0.5167,19.663
1.274444,15.0162,6.5399,-0.5380,16.387
1.281730,11.9891,5.8276,-0.5385,13.341
1.284735,9.4275,4.8990,-0.4051,10.632
1.289494,7.3321,3.8096,-0.3128,8.269
1.294343,5.4611,2.6601,-0.3722,6.086
1.299394,3.7206,1.4093,-0.5026,4.010
1.305170,2.1037,0.1617,-0.6818,2.217
1.309502,0.6399,-0.9717,-0.8380,1.434
1.315082,-0.5788,-2.0003,-0.9707,2.297
1.319433,-1.5802,-2.9001,-1.0798,3.475
1.324228,-2.2947,-3.6657,-1.2205,4.494
1.329589,-2.8805,-4.4247,-1.3489,5.449
1.335150,-3.5694,-5.0329,-1.5394,6.359
1.339283,-4.1580,-5.4055,-1.7686,7.045
1.344081,-4.4954,-5.7355,-1.9262,7.538
1.349352,-4.6461,-6.0241,-2.0261,7.873
1.354304,-5.0941,-6.0719,-2.1963,8.224
1.359114,-5.4375,-6.0151,-2.3199,8.434
1.364780,-5.6044,-5.9316,-2.3911,8.504
1.369153,-5.6970,-5.8039,-2.4110,8.483
1.373988,-5.8020,-5.6047,-2.4329,8.426
1.379223,-5.7908,-5.4167,-2.3910,8.282
1.383958,-5.5987,-5.2030,-2.3005,7.982
1.389153,-5.2500,-5.0120,-2.3022,7.615
1.394298,-4.8277,-4.8830,-2.2771,7.234
1.399049,-4.4554,-4.7112,-2.2357,6.859
1.403841,-4.0557,-4.4446,-2.2180,6.413
1.408993,-3.6276,-4.1934,-2.2401,5.980
1.413879,-3.1469,-3.9868,-2.2267,5.546
1.420578,-2.6344,-3.8004,-2.2554,5.145
1.424212,-2.1950,-3.6344,-2.2408,4.801
1.428911,-1.8032,-3.4552,-2.1069,4.430
1.434079,-1.4242,-3.2007,-1.8926,3.982
1.438867,-1.0329,-2.9090,-1.6987,3.523
1.443679,-0.6429,-2.6615,-1.5590,3.151
1.448819,-0.3193,-2.4243,-1.4834,2.860
1.453698,-0.0328,-2.2404,-1.3861,2.635
1.458566,0.1981,-2.0472,-1.3486,2.459
1.463615,0.3267,-1.9118,-1.2801,2.324
1.468546,0.4015,-1.7907,-1.1376,2.159
1.473535,0.4992,-1.6602,-0.9203,1.963
1.478661,0.5826,-1.5345,-0.6279,1.757
1.484368,0.6330,-1.3849,-0.2782,1.548
1.495115,0.5932,-1.1877,0.0533,1.329
1.495739,0.5017,-1.0243,0.3243,1.186
1.500816,0.3054,-0.8949,0.4251,1.037
1.503594,0.0569,-0.7660,0.5137,0.924
1.508512,-0.1725,-0.6424,0.4992,0.832
1.513503,-0.2300,-0.5145,0.4148,0.700
1.523395,-0.0960,-0.4061,0.3751,0.561
1.523971,0.0669,-0.2644,0.1504,0.311
1.534517,0.2024,-0.1177,-0.2025,0.310
1.534955,0.3109,0.0340,-0.4595,0.556
1.538241,0.4314,0.1433,-0.6599,0.801
1.543741,0.6171,0.2441,-0.9003,1.118
1.548254,0.8018,0.3844,-1.0947,1.410
1.553541,0.9567,0.4305,-1.2960,1.667
1.558208,0.9920,0.3779,-1.4277,1.779
1.563227,0.8549,0.3512,-1.4899,1.753
1.568970,0.6693,0.2785,-1.4490,1.620
1.573541,0.4777,0.1693,-1.3239,1.418
1.578277,0.2747,0.0713,-1.2145,1.247
1.583053,0.0639,-0.0160,-1.1199,1.122
1.588439,-0.2071,-0.1690,-1.0542,1.088
1.594015,-0.4439,-0.3402,-0.9643,1.115
1.598401,-0.6090,-0.5585,-0.8500,1.185
1.603728,-0.7559,-0.7429,-0.7826,1.317
1.608223,-0.9521,-0.8554,-0.7953,1.507
1.613481,-1.1224,-0.9923,-0.8351,1.715
1.618901,-1.3618,-1.1439,-0.8930,1.990
1.623172,-1.6094,-1.3105,-0.9404,2.279
1.628347,-1.7988,-1.4781,-1.0541,2.556
1.633405,-1.9735,-1.6277,-1.2007,2.826
1.638268,-2.1820,-1.7883,-1.2801,3.098
1.643648,-2.3820,-1.9364,-1.4455,3.393
1.648308,-2.5783,-2.1533,-1.5442,3.697
1.653201,-2.8199,-2.3963,-1.6242,4.041
1.658174,-3.0451,-2.6849,-1.6713,4.390
1.664073,-3.2451,-2.9091,-1.6907,4.675
1.675418,-3.4828,-3.1460,-1.8114,5.031
1.675846,-3.7447,-3.4150,-1.9762,5.440
1.677713,-4.2523,-3.7117,-2.0088,5.991
1.682827,-4.9917,-4.0266,-1.9858,6.714
1.687690,-5.8160,-4.2696,-1.8308,7.444
1.693476,-6.6169,-4.5512,-1.4904,8.168
1.697812,-7.4206,-5.0014,-0.8246,8.987
1.702624,-8.3389,-5.4529,0.1822,9.965
1.707623,-9.3533,-5.8693,1.3978,11.130
1.712583,-10.5521,-6.1505,2.5917,12.486
1.718384,-11.7569,-6.6705,3.7590,14.030
1.723005,-12.9478,-7.5199,4.8142,15.728
1.727547,-14.1476,-8.4341,5.6434,17.411
1.732498,-15.4035,-9.3721,6.1768,19.059
1.737596,-16.8618,-10.5478,6.1283,20.812
1.742503,-18.1522,-11.8546,5.7495,22.430
1.747745,-18.7617,-13.5481,4.5444,23.584
1.755634,-19.2465,-15.4991,2.8580,24.876
1.757558,-19.0019,-17.6012,0.5763,25.908
1.762466,-17.7935,-19.7338,-2.4898,26.688
1.768179,-15.9599,-21.5343,-5.9293,27.452
1.772510,-13.3590,-22.8154,-9.3750,28.052
1.777761,-10.1979,-23.1697,-12.6486,28.299
1.782750,-7.0911,-22.3477,-15.3739,28.037
1.788555,-4.3043,-20.8067,-17.5174,27.537
1.792458,-1.7043,-18.8411,-19.0902,26.876
1.797459,1.0144,-16.5233,-20.5639,26.399
1.803169,4.4088,-13.9697,-21.8191,26.280
1.807316,9.5515,-10.8724,-22.8860,27.078
1.812242,16.5721,-7.3013,-24.0077,30.072
1.817351,24.7805,-3.8690,-25.0605,35.455
1.822236,32.5797,-0.3641,-25.3096,41.257
1.828141,39.0713,2.9909,-24.2859,46.101
1.832266,43.5904,5.4764,-21.8117,49.050
1.837203,45.3860,6.6823,-18.1821,49.347
1.842300,44.7860,6.8994,-14.2883,47.514
1.847206,41.7753,6.5367,-10.8725,43.659
1.852995,36.6096,6.1266,-8.3383,38.044
1.857270,30.8535,5.6769,-6.5602,32.050
1.862053,25.5133,5.2288,-5.4051,26.599
1.867169,20.5516,4.7648,-4.6479,21.603
1.872288,16.0296,4.4366,-3.9135,17.086
1.882389,12.4386,4.1484,-2.9930,13.449
1.882781,9.8027,3.7040,-1.9731,10.663
1.886917,7.7810,2.9472,-0.9920,8.379
1.892033,6.1356,1.9721,-0.3551,6.455
1.897358,4.0333,1.2382,-0.0144,4.219
1.904859,1.9575,0.3053,0.0636,1.982
1.907310,-0.1970,-0.8985,-0.0915,0.924
1.913221,-2.6413,-1.8838,-0.0082,3.244
1.917139,-4.9215,-2.6966,0.2031,5.616
1.921871,-6.8181,-3.4757,0.2746,7.658
1.926881,-8.2708,-4.2803,0.2187,9.315
1.931847,-9.6399,-5.0167,0.1917,10.869
1.936805,-10.9169,-5.5677,0.2350,12.257
1.941773,-11.9218,-5.9217,0.3523,13.316
1.946858,-12.4951,-6.2063,0.4598,13.959
1.951710,-12.6023,-6.4431,0.5763,14.166
1.956893,-12.2912,-6.5958,0.6626,13.965
1.961678,-11.6941,-6.6664,0.7568,13.482
1.966751,-10.7791,-6.7277,0.7772,12.730
1.971700,-9.7391,-6.7372,0.7129,11.864
1.976885,-8.5982,-6.6568,0.4965,10.885
1.981602,-7.5009,-6.4528,-0.0424,9.895
1.986653,-6.4340,-6.2063,-0.7439,8.970
1.991632,-5.3649,-5.8784,-1.6643,8.131
1.996682,-4.5012,-5.5167,-2.6351,7.592
2.004553,-3.6771,-5.2451,-3.5462,7.322
2.006731,-2.9249,-4.9438,-4.5388,7.321
2.012962,-2.3767,-4.5602,-5.2298,7.334
2.022050,-1.7969,-4.1184,-5.6309,7.204
2.028101,-1.1554,-3.7144,-5.8249,7.004
2.028846,-0.5468,-3.3197,-5.7163,6.633
2.031587,-0.0607,-2.9010,-5.3953,6.126
2.036267,0.3759,-2.5495,-4.9950,5.621
2.041365,0.7539,-2.2078,-4.5428,5.107
2.046354,0.9113,-1.8281,-4.0856,4.568
2.051305,1.0151,-1.4345,-3.6230,4.027
2.056318,1.0553,-1.0174,-3.2018,3.521
2.061251,1.0701,-0.6006,-2.7260,2.989
2.066533,1.2170,-0.2081,-2.2720,2.586
2.071480,1.4339,0.0598,-1.8340,2.329
2.076780,1.6014,0.2559,-1.3920,2.137
2.081591,1.7383,0.4139,-0.9223,2.011
2.086151,1.8643,0.5386,-0.5341,2.013
2.091353,1.9509,0.5919,-0.1834,2.047
2.096287,2.0701,0.6359,0.0826,2.167
2.101856,2.1025,0.7138,0.4226,2.260
2.106249,2.0530,0.7489,0.6749,2.287
2.111116,1.9745,0.7797,0.8484,2.286
2.116367,1.9100,0.8061,0.9825,2.294
2.121418,1.8022,0.8185,1.0584,2.245
2.131432,1.6274,0.7885,1.0087,2.071
2.131890,1.4473,0.7688,0.8383,1.841
2.136028,1.2519,0.7737,0.7582,1.656
2.140966,1.0608,0.7222,0.6762,1.451
2.146338,0.9122,0.5953,0.5306,1.212
2.151760,0.7293,0.5222,0.3696,0.970
2.156090,0.5693,0.4792,0.1834,0.766
2.160921,0.3981,0.4327,0.0154,0.588
2.166019,0.2917,0.3254,-0.0668,0.442
2.170891,0.1879,0.2485,-0.0737,0.320
2.176832,0.0763,0.1442,0.0007,0.163
2.181025,-0.0439,0.0365,0.1047,0.119
2.185925,-0.1494,-0.0990,0.2344,0.295
2.190918,-0.3368,-0.2385,0.4099,0.582
2.195880,-0.5402,-0.3347,0.5943,0.870
2.200757,-0.7070,-0.4354,0.7629,1.128
2.205938,-0.8622,-0.5029,0.8738,1.327
2.212974,-1.0018,-0.5709,0.9752,1.510
2.216118,-1.1022,-0.6540,1.0385,1.650
2.222152,-1.1354,-0.6854,1.1117,1.731
2.225633,-1.1640,-0.6799,1.1042,1.743
2.230627,-1.1157,-0.7186,1.0868,1.715
2.235963,-1.0384,-0.7635,1.0696,1.675
2.240605,-0.9941,-0.7523,1.0282,1.616
2.245566,-0.8870,-0.7281,0.9432,1.485
2.250531,-0.7645,-0.7245,0.8381,1.346
2.255711,-0.6074,-0.7077,0.7558,1.200
2.260522,-0.4819,-0.7159,0.6714,1.093
2.265602,-0.3875,-0.7728,0.6329,1.071
2.270381,-0.2858,-0.7829,0.6256,1.042
2.275503,-0.2579,-0.7364,0.6017,0.985
2.280388,-0.2224,-0.6958,0.5992,0.945
2.285464,-0.2559,-0.7326,0.5943,0.977
2.290359,-0.2769,-0.7225,0.5770,0.965
2.295395,-0.2666,-0.6940,0.5810,0.944
2.300417,-0.2680,-0.6904,0.6108,0.960
2.305605,-0.2715,-0.6686,0.6379,0.963
2.310332,-0.2868,-0.6238,0.7005,0.981
2.315390,-0.2367,-0.5703,0.7078,0.939
2.320244,-0.1979,-0.5703,0.6499,0.887
2.325410,-0.1125,-0.5326,0.5647,0.784
2.330211,-0.0088,-0.4427,0.4376,0.622
2.335817,0.0464,-0.3626,0.3109,0.480
2.340101,0.1208,-0.2824,0.1649,0.349
2.345222,0.2484,-0.2257,-0.0586,0.341
2.350451,0.3434,-0.1541,-0.2451,0.449
2.355222,0.3966,-0.1536,-0.3662,0.561
2.364222,0.4178,-0.0852,-0.4272,0.604
2.365170,0.4261,0.0128,-0.4905,0.650
2.370023,0.3877,0.0542,-0.5415,0.668
2.375047,0.3650,0.0485,-0.5468,0.659
2.380063,0.3194,0.0485,-0.4633,0.565
2.385301,0.3034,0.0683,-0.3383,0.460
2.389948,0.2832,0.0453,-0.1999,0.350
2.394966,0.2395,0.0225,-0.0523,0.246
2.399949,0.1911,0.0331,0.1337,0.236
2.405468,0.1092,-0.0190,0.2680,0.290
2.410002,0.0845,-0.0905,0.3793,0.399
2.415046,0.0164,-0.1196,0.4683,0.484
2.419880,-0.0042,-0.1542,0.5352,0.557
2.425652,0.3739,-0.2478,1.0222,1.116
2.429910,1.2770,-0.4584,1.8974,2.333
2.436213,1.0374,-0.1638,2.1884,2.427
2.440307,-0.0843,0.3537,1.9471,1.981
2.445819,-0.2500,0.1226,1.8961,1.916
2.450082,0.2301,-0.3485,1.8003,1.848
2.454774,0.2987,-0.4179,1.4726,1.560
2.460360,0.1091,-0.1769,1.2857,1.302
2.465316,0.0250,0.0154,1.3926,1.393
2.470157,-0.0165,0.0871,1.4436,1.446
2.475354,-0.0729,0.0869,1.1841,1.189
2.480340,-0.2016,0.0390,0.8003,0.826
2.484932,-0.3069,0.0012,0.3872,0.494
2.490039,-0.5278,0.0551,-0.0177,0.531
2.495072,-0.6873,0.0764,-0.3573,0.778
2.499797,-0.7618,0.0844,-0.6706,1.018
2.505344,-0.7991,0.1176,-1.0012,1.286
2.515874,-0.8519,0.1712,-1.2678,1.537
2.516325,-0.8486,0.1973,-1.5040,1.738
2.519636,-0.7219,0.1383,-1.5706,1.734
2.524585,-0.5385,0.1569,-1.5247,1.625
2.529682,-0.3414,0.1569,-1.3418,1.393
2.535120,0.0520,0.0472,-1.1694,1.172
2.539653,0.2016,0.0333,-0.8871,0.910
2.544703,0.3041,0.0622,-0.5277,0.612
2.549720,0.4074,0.0520,-0.1860,0.451
2.554537,0.5070,-0.0020,0.1337,0.524
2.559953,0.5548,-0.0475,0.4129,0.693
2.565027,0.6083,-0.0462,0.5703,0.835
2.569454,0.6051,-0.0698,0.6825,0.915
2.574503,0.5069,-0.0177,0.7539,0.909
2.579439,0.4472,-0.0237,0.7266,0.854
2.585036,0.3448,-0.0061,0.5281,0.631
2.589497,0.2664,0.0066,0.3300,0.424
2.594373,0.1738,0.0148,0.1414,0.225
2.599730,0.1436,0.0233,0.0143,0.146
2.605176,0.1422,0.0465,-0.0850,0.172
2.610819,0.0545,0.0607,-0.2142,0.229
2.614407,0.0339,0.0035,-0.2631,0.265
2.619613,-0.0301,0.0042,-0.3274,0.329
2.625246,-0.0368,-0.0378,-0.3542,0.358
2.630709,-0.0436,-0.0268,-0.3674,0.371
2.641628,-0.1227,-0.0444,-0.3044,0.331
2.642028,-0.0632,-0.1003,-0.2558,0.282
2.644797,-0.1334,-0.0652,-0.1496,0.211
2.649246,-0.1037,-0.0926,-0.1004,0.171
2.654767,-0.0407,-0.1393,-0.0600,0.157
2.659870,-0.0402,-0.1384,-0.0234,0.146
2.664223,-0.0544,-0.1568,-0.0052,0.166
2.669072,-0.0353,-0.1324,-0.0535,0.147
2.674168,-0.0068,-0.0792,-0.0394,0.089
2.679084,-0.0312,-0.0406,-0.0441,0.068
2.685084,-0.0270,-0.0546,-0.0679,0.091
2.689372,0.0059,-0.0494,-0.0391,0.063
2.693976,0.0053,-0.0346,-0.0152,0.038
2.698931,0.0674,-0.0389,0.0038,0.078
2.704273,0.0917,0.0001,-0.0113,0.092
2.708973,0.0878,0.0632,-0.0700,0.129
2.714012,0.0366,0.0930,-0.1680,0.196
2.720922,0.0435,0.0754,-0.2050,0.223
2.724299,0.0270,0.0823,-0.2341,0.250
2.730088,-0.0031,0.0849,-0.2841,0.297
2.733960,-0.0518,0.0451,-0.3215,0.329
2.738677,-0.0712,0.0249,-0.2600,0.271
2.744230,-0.0996,0.0290,-0.1903,0.217
2.748874,-0.0700,0.0238,-0.1263,0.146
2.753923,-0.0593,0.0141,-0.0200,0.064
2.758744,-0.0673,0.0187,0.0670,0.097
2.764045,-0.0797,-0.0199,0.1495,0.171
2.769013,-0.0969,-0.0921,0.2421,0.277
2.773764,-0.1139,-0.0929,0.3262,0.358
2.778654,-0.1310,-0.1466,0.3684,0.418
2.783648,-0.1101,-0.1624,0.4071,0.452
2.788594,-0.1374,-0.1451,0.4279,0.472
2.793734,-0.1699,-0.1329,0.3684,0.427
2.798585,-0.1740,-0.0923,0.3147,0.371
2.804080,-0.2024,-0.0901,0.2376,0.325
2.808228,-0.1978,-0.0736,0.1129,0.239
2.813598,-0.1264,-0.0858,0.0840,0.174
2.818509,-0.0836,-0.0692,0.0359,0.114
2.823548,-0.0263,-0.0238,0.0498,0.061
2.828384,0.0505,0.0120,0.0540,0.075
2.833440,0.1182,0.0142,0.0006,0.119
2.838259,0.1195,0.0213,-0.0435,0.129
2.847471,0.1357,0.0668,-0.0927,0.177
2.848351,0.1431,0.0884,-0.1374,0.217
2.853350,0.0937,0.0671,-0.1921,0.224
2.858215,0.0255,0.0507,-0.2522,0.258
2.864142,-0.0280,0.0489,-0.2650,0.271
2.868294,-0.0672,0.0425,-0.2689,0.280
2.873468,-0.1018,0.0220,-0.2879,0.306
2.878308,-0.1075,0.0066,-0.3651,0.381
2.883384,-0.0406,-0.0224,-1.1291,1.130
2.888217,0.0700,-0.0121,-1.4508,1.453
2.893433,0.1039,0.0849,-0.7550,0.767
2.898179,0.0848,0.1628,-0.0699,0.196
2.903195,0.1423,0.1255,0.2036,0.278
2.908113,0.1807,-0.0268,0.2432,0.304
2.913387,0.2001,-0.0549,0.2837,0.351
2.918307,0.1429,-0.0161,0.3155,0.347
2.924020,0.0039,0.0558,0.2381,0.245
2.927974,-0.0494,0.0365,0.0945,0.113
2.933088,-0.0358,0.0317,-0.0872,0.099
2.937960,-0.0320,0.0749,-0.3222,0.332
2.946005,-0.0570,0.0754,-0.5149,0.523
2.948038,-0.0624,0.1043,-0.5853,0.598
2.956500,-0.0248,0.1193,-0.6759,0.687
