0.001641,0.1328,0.0896,0.0254,0.162
0.005608,0.1184,0.1551,0.1072,0.223
0.010432,0.1045,0.1298,0.1075,0.198
0.015676,0.0290,0.1618,-0.0733,0.180
0.022384,-0.0316,0.1463,-0.2110,0.259
0.025552,-0.0726,0.1311,-0.3251,0.358
0.030844,-0.0658,0.0926,-0.4014,0.417
0.035444,-0.0589,0.0784,-0.3642,0.377
0.040534,0.0195,-0.1161,-0.2236,0.253
0.046837,-0.0452,-0.1189,-0.1416,0.190
0.050710,-0.1667,0.0210,-0.1127,0.202
0.055599,-0.0494,-0.0636,0.0823,0.115
0.060400,0.1198,-0.1190,0.1187,0.206
0.065877,0.2360,-0.1074,0.0359,0.262
0.075793,0.1760,0.0132,0.1543,0.234
0.076113,0.1408,0.0802,0.2872,0.330
0.080166,0.1107,0.0752,0.3537,0.378
0.085176,0.0855,-0.0251,0.3827,0.393
0.090634,0.0560,-0.0676,0.2650,0.279
0.095143,-0.0354,0.0420,0.1919,0.200
0.100179,-0.0650,0.1174,0.1674,0.215
0.105245,-0.0853,0.0686,0.1672,0.200
0.110314,-0.0871,0.0344,0.1673,0.192
0.115200,-0.0751,-0.0091,0.1582,0.175
0.120155,-0.0353,-0.0332,0.1492,0.157
0.125570,-0.0200,-0.0143,0.1643,0.166
0.130117,0.0186,-0.0289,0.1842,0.187
0.135404,0.0236,-0.0387,0.1900,0.195
0.140144,0.0520,-0.0390,0.2103,0.220
0.145279,0.0753,-0.0679,0.1975,0.222
0.150696,0.1076,-0.0442,0.1468,0.187
0.155082,0.1444,-0.0777,0.1011,0.193
0.160260,0.1764,-0.0777,0.0555,0.201
0.164988,0.1846,-0.0491,0.0433,0.196
0.170093,0.1977,-0.0444,0.0358,0.206
0.175822,0.2062,-0.0492,0.0517,0.218
0.179926,0.2053,-0.0254,0.0339,0.210
0.184956,0.2140,-0.0493,0.0351,0.222
0.189961,0.2039,-0.0966,0.0218,0.227
0.194712,0.2225,-0.0961,0.0369,0.245
0.199780,0.1985,-0.1478,0.0469,0.252
0.204731,0.1701,-0.1562,0.0805,0.245
0.209622,0.1420,-0.1884,0.0805,0.249
0.214870,0.0904,-0.1870,0.0854,0.225
0.219782,0.0485,-0.1761,0.1044,0.210
0.224863,0.0259,-0.2034,0.0998,0.228
0.229871,0.0604,-0.1878,0.1146,0.228
0.234740,0.0758,-0.1866,0.1202,0.235
0.239734,0.0295,-0.1333,0.0977,0.168
0.244745,0.0599,-0.1043,0.0995,0.156
0.249733,0.0190,-0.0803,-0.0126,0.084
0.255072,-0.0068,-0.0281,-0.0904,0.095
0.259892,-0.0608,0.0143,-0.1914,0.201
0.264676,-0.0998,0.0564,-0.2920,0.314
0.269479,-0.0954,0.0935,-0.3735,0.397
0.276508,-0.1239,0.1115,-0.4313,0.462
0.279517,-0.1377,0.1010,-0.4373,0.469
0.284618,-0.1891,0.1335,-0.4297,0.488
0.289446,-0.2447,0.1564,-0.4421,0.529
0.294676,-0.2854,0.1365,-0.4122,0.520
0.299618,-0.2973,0.1311,-0.3594,0.484
0.304823,-0.3518,0.1210,-0.3073,0.482
0.309362,-0.3965,0.1301,-0.2272,0.475
0.314418,-0.3936,0.1201,-0.1619,0.442
0.319384,-0.4385,0.0768,-0.1110,0.459
0.324995,-0.4645,0.0955,-0.0741,0.480
0.329948,-0.4717,0.0238,-0.0371,0.474
0.334394,-0.4606,0.0047,0.0144,0.461
0.339308,-0.4263,0.0000,0.0185,0.427
0.344279,-0.3782,0.0237,0.0234,0.380
0.349407,-0.3214,0.0423,0.0289,0.325
0.354901,-0.2748,0.0274,0.0158,0.277
0.359353,-0.2523,0.0648,-0.0061,0.261
0.364137,-0.2206,0.0542,-0.0226,0.228
0.369148,-0.2177,0.0532,-0.0579,0.231
0.375466,-0.2101,0.0190,-0.0880,0.229
0.379693,-0.1787,0.0040,-0.1655,0.244
0.384259,-0.2140,0.0131,-0.2238,0.310
0.389980,-0.2397,0.0316,-0.2487,0.347
0.394142,-0.2273,0.0073,-0.2500,0.338
0.399720,-0.2675,0.0261,-0.2470,0.365
0.404078,-0.2791,0.0400,-0.1780,0.333
0.408868,-0.2386,0.0016,-0.1714,0.294
0.414042,-0.2082,-0.0127,-0.1508,0.257
0.418846,-0.2161,0.0016,-0.1020,0.239
0.424040,-0.2003,-0.0221,-0.1153,0.232
0.429344,-0.1802,0.0160,-0.0715,0.195
0.433896,-0.1510,0.0016,-0.0566,0.161
0.438880,-0.1031,-0.0411,-0.0608,0.127
0.443842,-0.0602,-0.0550,-0.0650,0.104
0.448944,-0.0176,-0.0451,-0.0739,0.088
0.454376,0.0058,-0.0447,-0.0210,0.050
0.458768,-0.0183,-0.0443,0.0266,0.055
0.463754,-0.0043,-0.0344,0.0025,0.035
0.468614,0.0049,-0.0769,0.0358,0.085
0.473867,0.0427,-0.0953,0.0737,0.128
0.480033,0.0612,-0.1183,0.0923,0.162
0.483668,0.0368,-0.1317,0.0778,0.157
0.488660,-0.0019,-0.1402,0.0160,0.141
0.493566,-0.0357,-0.1487,0.0309,0.156
0.499004,-0.0647,-0.1334,-0.0207,0.150
0.504523,-0.1129,-0.1182,-0.0814,0.183
0.508612,-0.1422,-0.1363,-0.1275,0.235
0.513579,-0.2006,-0.1495,-0.1782,0.307
0.518575,-0.2212,-0.1150,-0.2052,0.323
0.523904,-0.2237,-0.0949,-0.2276,0.333
0.528629,-0.2271,-0.0892,-0.1979,0.314
0.533658,-0.1791,-0.0644,-0.1832,0.264
0.538613,-0.1468,-0.0493,-0.1023,0.186
0.543596,-0.1395,-0.0295,-0.0841,0.166
0.548573,-0.1474,0.0424,-0.0137,0.154
0.553506,-0.1234,0.0805,0.1179,0.189
0.558671,-0.1533,0.1801,0.1915,0.304
0.563552,-0.1464,0.2597,0.3029,0.425
0.568409,-0.0983,0.2484,0.4900,0.558
0.573751,-0.0616,0.2750,0.6242,0.685
0.578427,-0.0213,0.3344,0.7729,0.842
0.583521,0.0121,0.3883,0.9649,1.040
0.588349,0.0628,0.4223,1.1621,1.238
0.593338,0.1021,0.5507,1.2843,1.401
0.598561,0.1871,0.6111,1.4125,1.550
0.604751,0.2987,0.5946,1.4755,1.619
0.608189,0.4089,0.6207,1.5210,1.693
0.613486,0.5313,0.6842,1.6021,1.821
0.618169,0.6758,0.8180,1.7326,2.032
0.623247,0.7184,0.9503,1.9124,2.253
0.628079,0.9070,1.0335,2.1748,2.573
0.633592,1.2080,1.1914,2.3483,2.897
0.638591,1.5888,1.3096,2.4518,3.202
0.643302,1.7929,1.3723,2.6016,3.445
0.648149,2.0036,1.4774,2.6543,3.639
0.653249,2.3789,1.6245,2.6721,3.929
0.658317,2.7813,1.7564,2.6929,4.251
0.663261,3.1593,1.8492,2.6064,4.494
0.668114,3.3798,1.9414,2.3968,4.576
0.674459,3.5674,2.0521,2.1796,4.657
0.678258,3.9331,2.0334,1.9143,4.824
0.683381,4.2242,2.1439,1.4898,4.966
0.687964,4.5608,2.2448,1.1393,5.209
0.693145,4.9724,2.2168,0.8231,5.506
0.698087,5.3016,2.1750,0.5060,5.753
0.703057,5.4115,1.9473,0.1745,5.754
0.708095,5.3451,1.7543,-0.0002,5.626
0.712864,5.2263,1.5815,0.0302,5.460
0.718105,5.0354,1.4099,0.1847,5.232
0.722932,4.8582,1.1343,0.2731,4.996
0.728226,4.7837,0.8890,0.4160,4.883
0.732923,4.6137,0.6116,0.4955,4.680
0.737848,4.4713,0.2306,0.4603,4.501
0.742870,4.3087,-0.1292,0.3067,4.322
0.747831,3.9964,-0.4247,0.1123,4.020
0.752989,3.6107,-0.7372,-0.1992,3.691
0.757920,3.1825,-0.9755,-0.5557,3.375
0.762911,2.8536,-1.2160,-0.7844,3.200
0.767658,2.6311,-1.5541,-1.0720,3.238
0.772685,2.2184,-1.9368,-1.6045,3.354
0.777917,1.6578,-2.3447,-2.2427,3.644
0.783618,1.0912,-2.7346,-2.6851,3.985
0.792933,0.2224,-2.9827,-3.0144,4.246
0.795178,-0.7170,-3.1324,-3.3253,4.624
0.797448,-1.6122,-3.2897,-3.6996,5.207
0.802458,-2.5421,-3.4217,-4.2523,6.021
0.808104,-3.3698,-3.6008,-4.7070,6.817
0.812849,-4.2216,-3.8227,-5.2467,7.744
0.817545,-5.0625,-3.8877,-5.7252,8.574
0.822588,-5.8436,-3.9540,-6.0954,9.324
0.827615,-6.4192,-3.9748,-6.2490,9.801
0.832746,-6.7952,-3.9987,-6.2782,10.079
0.837858,-7.0868,-4.0739,-6.1837,10.250
0.842514,-7.1694,-4.2148,-6.0280,10.271
0.847378,-7.1673,-4.4215,-5.7825,10.216
0.852481,-7.2666,-4.6699,-5.4848,10.232
0.857634,-7.4002,-4.8931,-5.1491,10.258
0.862705,-7.6072,-5.0390,-4.9613,10.386
0.867382,-8.0466,-5.2944,-4.9541,10.832
0.872954,-8.9496,-5.7551,-5.0981,11.799
0.877314,-10.0053,-6.2197,-5.1588,12.861
0.883246,-11.0609,-6.5505,-5.0074,13.796
0.889852,-11.9601,-6.7998,-4.7098,14.542
0.892316,-12.6861,-7.1155,-4.3593,15.185
0.897156,-13.2406,-7.5300,-4.0242,15.755
0.902352,-13.6489,-8.0656,-3.7917,16.301
0.908082,-13.9851,-8.7052,-3.6434,16.871
0.912248,-14.3138,-9.3233,-3.5693,17.451
0.917057,-14.5684,-9.9405,-3.5642,17.993
0.922227,-14.6806,-10.8497,-3.6510,18.616
0.927079,-14.6814,-11.6596,-3.8625,19.142
0.932576,-14.4714,-12.4568,-4.0452,19.518
0.937432,-13.8296,-13.4047,-4.1688,19.706
0.942199,-12.5457,-14.3259,-4.3971,19.544
0.947114,-10.8156,-15.1113,-4.6158,19.148
0.952213,-8.8158,-15.6335,-4.7772,18.573
0.957146,-6.5841,-15.7043,-5.0127,17.751
0.962860,-4.1646,-15.3809,-5.5675,16.879
0.967105,-1.0588,-14.6774,-6.8317,16.224
0.972063,3.1399,-13.4130,-8.8969,16.399
0.976910,8.3499,-11.6458,-11.3110,18.256
0.982041,14.5861,-8.7442,-14.1019,22.093
0.993999,21.6331,-5.8007,-16.1854,27.633
0.994766,28.4876,-3.0559,-18.5529,34.133
1.003861,35.0513,-0.0021,-20.0244,40.368
1.004362,40.6725,3.0272,-20.2991,45.557
1.009860,44.4544,5.4465,-19.7870,48.963
1.014671,45.9414,7.0374,-18.4007,49.987
1.016703,44.3622,8.0862,-16.1615,47.902
1.021874,41.1198,8.1487,-13.1270,43.927
1.026682,37.4195,7.1961,-10.5186,39.530
1.031917,31.9658,6.6308,-7.7006,33.542
1.037813,26.3086,6.1725,-5.1095,27.502
1.041772,21.7721,5.2050,-3.2765,22.624
1.046560,18.7112,2.9450,-1.8530,19.032
1.052462,15.8584,0.9445,-0.7397,15.904
1.057962,12.6582,-0.0233,-0.0132,12.658
1.064993,9.4983,-0.7605,0.2824,9.533
1.066694,6.8153,-1.7068,0.2208,7.029
1.071557,4.8386,-2.7649,-0.2400,5.578
1.076546,3.1475,-3.7281,-0.9893,4.978
1.081517,1.5133,-4.6245,-1.8689,5.212
1.086651,-0.0537,-5.5384,-2.7333,6.176
1.091570,-1.6430,-6.4342,-3.8277,7.665
1.096401,-3.2690,-7.2097,-5.0878,9.410
1.101460,-5.2237,-7.8696,-6.4193,11.420
1.107120,-7.0109,-8.4050,-7.6705,13.365
1.112687,-8.7373,-8.8411,-8.6419,15.139
1.116430,-10.4751,-9.0076,-9.1748,16.584
1.121480,-11.9955,-9.0465,-9.1953,17.615
1.126403,-13.5238,-8.9607,-8.8883,18.498
1.131327,-15.5265,-8.7153,-8.4113,19.692
1.136253,-17.9825,-8.3284,-7.6895,21.257
1.141394,-19.9541,-8.1716,-6.8695,22.630
1.149525,-21.1256,-8.0561,-5.9476,23.379
1.151342,-21.8228,-7.9933,-4.9382,23.759
1.160150,-22.4549,-8.1422,-4.0407,24.225
1.161312,-23.3332,-8.4599,-3.3149,25.040
1.166260,-23.3572,-9.3180,-3.1025,25.338
1.172269,-23.0897,-10.3453,-3.3235,25.519
1.176055,-22.5762,-11.3280,-4.0135,25.576
1.181064,-21.4877,-12.3679,-4.9569,25.284
1.186016,-20.3309,-13.4415,-6.0816,25.120
1.191227,-19.0606,-14.2432,-7.1240,24.838
1.197804,-17.5025,-14.7219,-8.1275,24.272
1.201061,-15.5776,-15.0709,-9.0502,23.488
1.206427,-13.3974,-15.1789,-9.7348,22.465
1.210830,-11.2034,-14.9380,-10.1284,21.243
1.216078,-8.9645,-14.4394,-10.3706,19.910
1.226091,-6.2489,-13.7603,-10.4983,18.401
1.226567,-3.1038,-12.9073,-10.6076,16.993
1.231578,0.5322,-11.6495,-10.8683,15.941
1.235652,4.8316,-9.9565,-11.2844,15.805
1.240993,9.6559,-7.9858,-12.0430,17.379
1.246128,14.1216,-5.7012,-12.9688,20.003
1.250838,18.8771,-3.6100,-13.3454,23.398
1.258158,23.7228,-1.8507,-13.6709,27.443
1.260878,27.4928,0.0134,-13.6226,30.683
1.265733,30.0459,1.9180,-13.1353,32.848
1.272362,31.2295,3.6951,-12.1199,33.702
1.275776,30.3070,5.4979,-10.4812,32.536
1.280937,30.3694,5.7988,-8.1560,31.976
1.285652,30.0297,5.2295,-6.4135,31.149
1.291459,27.6098,4.9201,-4.4205,28.391
1.295704,24.1566,5.1224,-2.2654,24.797
1.300785,20.8008,5.1707,-0.3306,21.436
1.305654,17.6568,4.8950,1.0711,18.354
1.310708,14.7046,4.4056,2.0725,15.490
1.315749,12.0281,3.9212,2.7084,12.938
1.320921,9.6150,3.4635,3.1177,10.685
1.325937,7.4896,2.9449,3.3687,8.724
1.330643,5.5327,2.4596,3.4401,6.964
1.335551,3.7830,1.9572,3.3555,5.422
1.340972,2.2999,1.4240,3.1403,4.145
1.346145,1.0618,0.8077,2.8096,3.110
1.351241,0.0707,0.1709,2.3779,2.385
1.355768,-0.7978,-0.3371,1.9470,2.131
1.360948,-1.5180,-0.8044,1.4846,2.271
1.365846,-2.1184,-1.1921,1.0250,2.638
1.373914,-2.5625,-1.6389,0.5483,3.091
1.375393,-2.8337,-2.0208,0.1153,3.482
1.383581,-3.0720,-2.3811,-0.3381,3.901
1.385304,-3.3571,-2.6195,-0.9424,4.361
1.390544,-3.5475,-2.7519,-1.4951,4.732
1.395333,-3.6889,-2.8455,-2.1034,5.112
1.400331,-3.7482,-2.9007,-2.5875,5.400
1.405259,-3.7450,-2.9372,-2.9346,5.591
1.410508,-3.6314,-2.9413,-3.0835,5.599
1.415278,-3.4801,-2.8605,-3.0776,5.456
1.420941,-3.2590,-2.7440,-2.9649,5.190
1.425211,-2.9877,-2.6540,-2.7021,4.824
1.430347,-2.6944,-2.5143,-2.4563,4.429
1.435281,-2.4597,-2.3493,-2.2126,4.058
1.440264,-2.2206,-2.2070,-2.0139,3.723
1.446270,-1.9776,-2.0588,-1.8123,3.381
1.450181,-1.8195,-1.8955,-1.7040,3.132
1.455090,-1.7849,-1.7603,-1.6842,3.020
1.460173,-1.6917,-1.6530,-1.6144,2.864
1.465212,-1.5350,-1.5499,-1.5719,2.689
1.471239,-1.4966,-1.4368,-1.6001,2.620
1.475007,-1.4766,-1.3518,-1.6326,2.583
1.482151,-1.3158,-1.2809,-1.6315,2.456
1.484910,-1.1775,-1.2382,-1.6501,2.375
1.492702,-0.9464,-1.1952,-1.5742,2.191
1.495604,-0.6222,-1.1806,-1.4758,1.990
1.499865,-0.3766,-1.1275,-1.2927,1.756
1.504965,-0.2191,-1.0503,-1.0438,1.497
1.509974,-0.0713,-0.9874,-0.8150,1.282
1.514791,0.0568,-0.8909,-0.5390,1.043
1.519919,0.1464,-0.7704,-0.3159,0.845
1.525144,0.1929,-0.6451,-0.1501,0.690
1.530045,0.2776,-0.6011,-0.0178,0.662
1.534829,0.3428,-0.5761,0.0045,0.670
1.539892,0.4089,-0.5031,-0.0788,0.653
1.546173,0.4275,-0.4970,-0.1195,0.666
1.555544,0.3986,-0.5193,-0.1610,0.674
1.561557,0.4232,-0.4744,-0.1317,0.649
1.562086,0.4100,-0.4485,-0.1372,0.623
1.564538,0.4645,-0.4320,-0.1006,0.642
1.569762,0.5198,-0.4152,0.0208,0.666
1.574772,0.6385,-0.4029,0.0933,0.761
1.582924,0.6959,-0.4094,0.1508,0.821
1.584686,0.7844,-0.4394,0.2412,0.931
1.591720,0.8704,-0.4690,0.3313,1.043
1.594398,0.9058,-0.5218,0.4119,1.124
1.599422,0.8957,-0.5310,0.4450,1.132
1.604386,0.8879,-0.5061,0.4787,1.129
1.609449,0.9393,-0.5429,0.4941,1.192
1.614650,0.9988,-0.6840,0.5103,1.314
1.619439,1.0804,-0.8240,0.5947,1.483
1.624497,1.1551,-0.9007,0.6328,1.596
1.629397,1.2230,-0.9189,0.5629,1.630
1.634460,1.2554,-0.9553,0.4234,1.633
1.639497,1.2128,-1.0432,0.2234,1.615
1.644255,1.1687,-1.1298,0.0205,1.626
1.649362,1.0932,-1.2246,-0.2001,1.654
1.654379,0.9333,-1.2704,-0.5058,1.656
1.659326,0.8758,-1.3388,-0.7770,1.779
1.664188,0.7147,-1.3534,-1.0619,1.863
1.669523,0.5783,-1.4290,-1.3176,2.028
1.674232,0.4638,-1.5843,-1.4866,2.222
1.682075,0.2841,-1.7141,-1.6461,2.393
1.684250,0.0960,-1.7802,-1.8629,2.579
1.689927,-0.0959,-1.8258,-2.0178,2.723
1.694204,-0.3689,-1.8654,-2.2780,2.967
1.699287,-0.7870,-1.8996,-2.6441,3.350
1.704187,-1.2146,-1.9616,-3.0352,3.813
1.709190,-1.6295,-2.0709,-3.3280,4.245
1.713969,-1.9171,-2.2181,-3.5329,4.591
1.718992,-2.1882,-2.3650,-3.7745,4.963
1.724011,-2.5394,-2.5265,-3.9766,5.352
1.729169,-2.9765,-2.7173,-4.1250,5.767
1.734103,-3.3167,-2.9851,-4.2541,6.165
1.739159,-3.7383,-3.2250,-4.3928,6.609
1.743951,-4.3711,-3.5283,-4.4695,7.179
1.749130,-5.1249,-3.7950,-4.5275,7.821
1.754339,-5.9773,-3.9254,-4.4959,8.447
1.759281,-6.9597,-3.9353,-4.3175,9.087
1.763884,-8.2277,-4.0078,-4.1228,10.038
1.769224,-9.6069,-4.1631,-3.7727,11.129
1.773962,-10.8889,-4.4353,-3.4210,12.245
1.781905,-12.1009,-4.7727,-3.1681,13.388
1.784080,-13.5478,-5.1233,-2.7414,14.741
1.791885,-15.2518,-5.5596,-2.2697,16.391
1.793679,-16.7799,-6.1020,-1.9692,17.963
1.798776,-18.2095,-6.7984,-1.8503,19.525
1.803879,-19.8094,-7.8537,-1.9662,21.400
1.808632,-21.1824,-9.0888,-2.0338,23.140
1.813551,-22.0985,-10.3571,-1.7678,24.469
1.818737,-22.3409,-11.8114,-1.2775,25.303
1.824199,-21.6346,-13.9734,-0.8059,25.767
1.834714,-20.9323,-15.8203,-0.6439,26.246
1.835356,-20.8733,-16.8667,-0.6854,26.845
1.841319,-20.1413,-18.6555,-1.4218,27.490
1.843449,-18.4496,-21.0902,-2.7851,28.159
1.848756,-16.0438,-23.3252,-4.9413,28.738
1.855207,-13.6094,-24.5541,-7.8271,29.144
1.858636,-11.4074,-24.6982,-11.2150,29.426
1.863503,-8.3826,-24.2036,-14.7169,29.541
1.868509,-3.6320,-22.9849,-18.1649,29.521
1.873449,3.4940,-20.5764,-21.2522,29.787
1.880502,12.7577,-17.5281,-23.8034,32.196
1.883557,22.7915,-14.5994,-26.0470,37.564
1.888961,31.7730,-11.0573,-27.0459,43.166
1.893432,38.6836,-6.6546,-26.5250,47.374
1.900475,42.1957,-1.6004,-24.6880,48.914
1.910438,44.3867,2.4863,-21.1859,49.246
1.911000,46.2970,4.5460,-18.0186,49.887
1.913610,45.7861,5.3948,-14.9675,48.472
1.918455,42.4111,5.5606,-11.8918,44.396
1.923145,37.2808,5.5929,-8.8589,38.725
1.928872,32.5781,5.3083,-6.2144,33.588
1.933256,28.2157,4.7649,-4.1516,28.915
1.941336,23.8321,4.2558,-2.3980,24.328
1.943334,19.9567,3.7742,-1.0278,20.336
1.950021,16.7003,3.2737,0.1446,17.019
1.956199,14.0637,2.8244,1.0361,14.382
1.958303,11.9438,2.2168,1.5435,12.245
1.963094,9.5534,1.9693,1.7595,9.912
1.968204,7.2224,1.9457,1.7353,7.679
1.973086,5.3406,1.6119,1.3805,5.747
1.981739,3.7698,1.1042,0.8312,4.015
1.983001,2.4171,0.5333,0.0620,2.476
1.990937,1.1374,-0.0816,-0.7373,1.358
1.992934,-0.0189,-0.6920,-1.4296,1.588
1.998199,-1.0900,-1.4159,-2.0773,2.740
2.002918,-1.9968,-2.2261,-2.6080,3.968
2.007939,-2.8501,-2.9822,-3.0458,5.128
2.012849,-3.6191,-3.6408,-3.3540,6.132
2.017819,-4.3259,-4.2595,-3.5621,7.039
2.022840,-4.8201,-4.8288,-3.6368,7.732
2.027907,-5.2503,-5.3104,-3.5725,8.278
2.032774,-5.7765,-5.6489,-3.4520,8.786
2.037871,-6.2640,-5.7871,-3.2064,9.111
2.042695,-6.4989,-5.6546,-2.8441,9.072
2.047729,-6.4439,-5.4156,-2.4308,8.761
2.052764,-6.1850,-5.1575,-2.0564,8.312
2.057913,-5.8088,-4.9196,-1.7383,7.808
2.062696,-5.4455,-4.6171,-1.4483,7.285
2.067820,-5.1432,-4.2601,-1.3199,6.808
2.072835,-4.8150,-3.9307,-1.3202,6.354
2.077755,-4.5413,-3.6148,-1.4168,5.975
2.082783,-4.3209,-3.3223,-1.6540,5.696
2.088727,-4.0767,-3.0582,-1.9427,5.454
2.092571,-3.6965,-2.8082,-2.2176,5.145
2.097642,-3.3613,-2.6538,-2.4708,4.944
2.102536,-3.1323,-2.4464,-2.7898,4.856
2.108015,-2.9224,-2.2582,-3.0610,4.797
2.112487,-2.6877,-2.0745,-3.2906,4.728
2.117549,-2.5479,-1.9482,-3.4510,4.711
2.122409,-2.3917,-1.8217,-3.5145,4.625
2.127470,-2.1951,-1.6473,-3.5248,4.467
2.132774,-1.9337,-1.4919,-3.5111,4.277
2.137403,-1.7411,-1.2789,-3.4693,4.087
2.142378,-1.5691,-1.1186,-3.3474,3.862
2.147389,-1.3603,-1.0298,-3.2322,3.655
2.152252,-1.2384,-1.0078,-3.0284,3.423
2.157424,-1.2657,-0.9756,-2.7647,3.193
2.162326,-1.2745,-0.9335,-2.4691,2.931
2.167444,-1.2218,-0.8478,-2.0452,2.529
2.172544,-1.1413,-0.7520,-1.5402,2.059
2.177403,-0.9948,-0.6464,-1.0245,1.568
2.182444,-0.8629,-0.5881,-0.6178,1.213
2.188646,-0.7169,-0.5581,-0.3136,0.961
2.192672,-0.5611,-0.5946,-0.0203,0.818
2.197303,-0.4480,-0.6066,0.2053,0.782
2.202219,-0.3151,-0.6134,0.4166,0.806
2.208197,-0.2104,-0.6821,0.5284,0.888
2.212495,-0.1428,-0.7120,0.6118,0.950
2.217242,-0.0309,-0.7271,0.6676,0.988
2.222231,0.0486,-0.7659,0.6480,1.004
2.227215,0.0671,-0.8042,0.5769,0.992
2.232216,0.1154,-0.7848,0.5069,0.941
2.237479,0.1597,-0.8655,0.4140,0.973
2.242229,0.2050,-0.9218,0.3070,0.993
2.247125,0.2463,-0.9441,0.2055,0.997
2.252500,0.2260,-0.9994,0.2095,1.046
2.257212,0.1392,-1.0639,0.2090,1.093
2.262525,-0.0000,-1.0609,0.2233,1.084
2.267360,-0.1109,-1.0672,0.2194,1.095
2.271960,-0.1885,-1.1020,0.2107,1.138
2.277113,-0.3628,-1.0742,0.2268,1.156
2.282242,-0.5479,-1.0368,0.2961,1.209
2.290413,-0.6580,-1.0521,0.3613,1.292
2.291800,-0.7415,-1.0482,0.4133,1.349
2.296846,-0.7987,-0.9967,0.4858,1.367
2.301938,-0.8153,-0.9215,0.5832,1.362
2.307462,-0.7724,-0.8466,0.6819,1.334
2.312377,-0.6745,-0.8105,0.7247,1.279
2.316703,-0.5358,-0.7892,0.7550,1.216
2.321733,-0.4422,-0.7827,0.7728,1.185
2.326888,-0.3742,-0.7145,0.8359,1.162
2.331908,-0.3126,-0.6420,0.8814,1.134
2.337263,-0.3147,-0.5797,0.9144,1.128
2.341949,-0.2896,-0.5371,0.9064,1.093
2.346669,-0.2755,-0.5429,0.8906,1.079
2.351583,-0.2627,-0.5109,0.8669,1.040
2.356661,-0.2415,-0.4028,0.8450,0.967
2.362093,-0.2022,-0.3574,0.7714,0.874
2.366502,-0.1687,-0.3411,0.7518,0.843
2.371890,-0.1647,-0.3250,0.7187,0.806
2.376422,-0.2092,-0.3236,0.7439,0.838
2.381566,-0.2495,-0.3033,0.7508,0.847
2.389838,-0.2713,-0.2594,0.7587,0.846
2.391475,-0.2123,-0.2301,0.7912,0.851
2.396435,-0.1488,-0.1771,0.7813,0.815
2.401354,-0.0855,-0.1482,0.7672,0.786
2.407210,0.0308,-0.1481,0.7106,0.726
2.412164,0.1092,-0.1433,0.6831,0.706
2.416397,0.1305,-0.1529,0.6803,0.709
2.421393,0.1665,-0.1100,0.7496,0.776
2.426463,0.2028,-0.0386,0.8342,0.859
2.431949,0.1771,-0.0011,0.9007,0.918
2.437181,0.1565,0.0168,0.9302,0.943
2.441363,0.1313,0.0391,0.9181,0.928
2.446352,0.1206,0.0322,0.8598,0.869
2.451198,0.1003,0.0919,0.7980,0.809
2.456601,0.0751,0.1561,0.6891,0.711
2.461676,0.0066,0.2200,0.5715,0.612
2.466396,-0.0288,0.1928,0.4974,0.534
2.471308,-0.0406,0.1655,0.4668,0.497
2.476322,-0.0816,0.2146,0.5035,0.553
2.481745,-0.1041,0.2252,0.4974,0.556
2.488582,-0.0888,0.2787,0.5109,0.589
2.491630,-0.0406,0.2937,0.5583,0.632
2.495984,0.0887,0.2319,0.5489,0.602
2.501170,0.1317,0.1843,0.5927,0.634
2.506708,0.1412,0.1653,0.6180,0.655
2.510870,0.2081,0.1748,0.6393,0.695
2.516097,0.2465,0.2223,0.6327,0.714
2.521003,0.2611,0.1739,0.6077,0.684
2.526311,0.4399,0.1251,0.6562,0.800
2.531063,1.4172,0.0369,1.6811,2.199
2.536172,1.8802,0.1008,2.4081,3.057
2.541034,1.5651,0.3266,2.2185,2.735
2.545978,1.1034,0.4849,1.8245,2.187
2.551442,0.7190,0.5854,1.1685,1.492
2.556119,0.3489,0.5567,0.5420,0.852
2.560771,0.1851,0.4468,0.0352,0.485
2.566015,0.1847,0.3138,-0.3242,0.488
2.571566,0.0552,0.2104,-0.5994,0.638
2.576107,-0.1461,0.2132,-0.8052,0.846
2.581031,-0.3335,0.2120,-0.9179,0.999
2.585991,-0.4690,0.2258,-0.8699,1.014
2.591021,-0.5432,0.1681,-0.7856,0.970
2.601553,-0.6184,0.0774,-0.6834,0.925
2.602066,-0.6853,0.0251,-0.5821,0.900
2.605949,-0.7778,-0.0463,-0.5294,0.942
2.611101,-0.8721,-0.1130,-0.5821,1.055
2.615717,-0.8870,-0.1462,-0.5441,1.051
2.620645,-0.9183,-0.1604,-0.5349,1.075
2.625733,-0.8703,-0.1749,-0.5496,1.044
2.630676,-0.8147,-0.1990,-0.5645,1.011
2.635563,-0.7224,-0.2518,-0.6323,0.993
2.640505,-0.6268,-0.2807,-0.6143,0.921
2.645514,-0.5755,-0.3048,-0.5824,0.874
2.650587,-0.4628,-0.3191,-0.5701,0.801
2.655604,-0.3987,-0.2951,-0.4528,0.672
2.660349,-0.3306,-0.2808,-0.3693,0.570
2.665408,-0.2342,-0.3334,-0.2957,0.503
2.670964,-0.1430,-0.2950,-0.2268,0.399
2.675519,-0.0472,-0.2615,-0.1628,0.312
2.681769,0.0344,-0.2423,-0.0941,0.262
2.685492,0.0875,-0.2662,-0.0492,0.285
2.691589,0.0978,-0.3379,0.0341,0.353
2.695290,0.0652,-0.3522,0.0841,0.368
2.700201,0.0472,-0.3667,0.1587,0.402
2.705354,0.0483,-0.3573,0.2577,0.443
2.710443,0.0734,-0.2813,0.4054,0.499
2.715215,0.0362,-0.2202,0.5881,0.629
2.720481,0.0467,-0.1980,0.7149,0.743
2.725278,0.0810,-0.2481,0.7621,0.806
2.730450,0.0912,-0.2557,0.7537,0.801
2.735399,0.1205,-0.2253,0.7037,0.749
2.740270,0.1405,-0.1906,0.5785,0.625
2.745475,0.1558,-0.1705,0.4639,0.518
2.750235,0.1189,-0.1409,0.3022,0.354
2.755217,0.1157,-0.1018,0.1408,0.209
2.760241,0.1175,-0.1296,-0.0303,0.178
2.765236,0.0812,-0.0950,-0.1300,0.180
2.770623,0.0691,-0.1223,-0.2734,0.307
2.775579,0.1196,-0.0919,-0.4032,0.430
2.780363,0.1994,-0.1138,-0.4619,0.516
2.785328,0.2800,-0.1257,-0.4739,0.565
2.790146,0.3133,-0.1467,-0.4584,0.574
2.798950,0.3571,-0.2009,-0.3819,0.560
2.799849,0.3778,-0.1924,-0.3734,0.565
2.805031,0.3754,-0.1980,-0.3467,0.548
2.809752,0.3977,-0.2128,-0.3113,0.548
2.814929,0.4111,-0.2418,-0.2573,0.542
2.820418,0.4060,-0.2658,-0.2518,0.547
2.824890,0.3826,-0.2608,-0.2755,0.539
2.829857,0.3839,-0.2748,-0.2138,0.518
2.834888,0.3233,-0.3031,-0.1474,0.467
2.839806,0.2295,-0.3362,0.0198,0.408
2.845227,0.1643,-0.3838,0.2449,0.484
2.849650,0.0703,-0.4557,0.4088,0.616
2.854784,0.0240,-0.4848,0.5020,0.698
2.859709,-0.0419,-0.5142,0.5724,0.771
2.865079,-0.1705,-0.4627,0.5340,0.727
2.870481,-0.2468,-0.4019,0.4871,0.678
2.874746,-0.2424,-0.3654,0.4124,0.602
2.879531,-0.2721,-0.3339,0.2374,0.492
2.884556,-0.2876,-0.3118,0.0816,0.432
2.889911,-0.3034,-0.2993,-0.0314,0.427
2.901256,-0.2475,-0.2339,-0.1546,0.374
2.901648,-0.2108,-0.1493,-0.1825,0.316
2.904580,-0.1645,-0.0645,-0.1921,0.261
2.909326,-0.1278,-0.0322,-0.1786,0.222
2.914481,-0.0429,-0.0285,-0.1468,0.156
2.919364,0.0039,-0.0389,-0.0918,0.100
2.924436,0.0416,-0.0682,-0.0325,0.086
2.929344,0.0751,-0.0305,0.0168,0.083
2.934547,0.0468,0.0216,0.0373,0.064
2.939432,-0.0050,0.0402,0.0291,0.050
2.944387,-0.0374,0.0970,-0.0078,0.104
2.949278,-0.1174,0.0964,-0.0541,0.161
2.954302,-0.1737,0.1244,-0.0765,0.227
2.959234,-0.2447,0.1667,-0.1226,0.320
2.964253,-0.2778,0.2040,-0.1059,0.361
2.969488,-0.3020,0.2267,0.0118,0.378
2.974309,-0.3221,0.2251,0.1595,0.424
2.981154,-0.3239,0.2613,0.1933,0.459
2.984399,-0.3361,0.3116,0.2045,0.502
2.989270,-0.2869,0.3326,0.2170,0.490
2.994275,-0.2194,0.3677,0.1302,0.448
2.999273,-0.2052,0.4504,0.0489,0.497
3.004257,-0.2059,0.4515,-0.0893,0.504
3.009077,-0.1734,0.5006,-0.2036,0.568
3.014397,-0.0837,0.5306,-0.3374,0.634
3.019091,-0.0517,0.5560,-0.4002,0.687
3.024122,-0.0294,0.5722,-0.4447,0.725
3.029042,0.0217,0.5551,-0.4806,0.735
3.034158,0.0773,0.5487,-0.4757,0.730
3.039099,0.0996,0.4618,-0.3717,0.601
3.044025,0.1076,0.3946,-0.1926,0.452
3.049073,0.1058,0.3185,-0.0195,0.336
3.054163,0.0945,0.2856,0.1433,0.333
3.059069,0.0548,0.2005,0.2963,0.362
3.063983,0.0339,0.1632,0.4066,0.439
3.068915,0.0365,0.0974,0.4606,0.472
3.074451,-0.0280,0.0175,0.5012,0.502
3.081464,-0.0164,-0.0193,0.5145,0.515
3.084041,0.0325,0.0009,0.4718,0.473
3.088923,0.0761,-0.0124,0.4065,0.414
3.093982,0.1003,-0.0257,0.3183,0.335
3.098821,0.1339,-0.0388,0.1643,0.215
3.103933,0.1915,0.0292,0.0441,0.199
3.108695,0.1921,0.0588,-0.1046,0.226
3.113802,0.2314,0.0744,-0.2533,0.351
3.118642,0.2952,0.0237,-0.3265,0.441
3.123832,0.3548,0.0262,-0.3532,0.501
3.128839,0.3725,0.0385,-0.3287,0.498
3.133845,0.3296,-0.0108,-0.2865,0.437
3.138668,0.2500,-0.0406,-0.1692,0.305
3.143782,0.1956,-0.0748,-0.0340,0.212
3.148868,0.1324,-0.1753,0.1383,0.260
3.153920,0.0891,-0.2133,0.1672,0.285
3.158690,0.0415,-0.1989,0.2012,0.286
3.163701,0.0181,-0.2133,0.2404,0.322
3.168507,-0.0432,-0.2135,0.2136,0.305
3.174185,-0.0759,-0.2518,0.1970,0.329
3.181526,-0.0846,-0.2470,0.0715,0.271
3.183657,-0.0841,-0.2329,-0.0101,0.248
3.189437,-0.0981,-0.2045,-0.0625,0.235
3.193477,-0.0548,-0.1240,-0.1577,0.208
3.199027,-0.0351,-0.0913,-0.6149,0.623
3.203500,0.0947,-0.1103,-1.6183,1.625
3.208117,0.1961,-0.0285,-1.6148,1.627
3.213518,0.1930,-0.0087,-0.8200,0.842
3.218254,0.1813,-0.0270,-0.0985,0.208
3.223416,0.1607,-0.0264,0.2284,0.281
3.228712,0.1505,-0.0973,0.3258,0.372
3.233297,0.1553,-0.1632,0.3665,0.430
3.238314,0.0843,-0.1718,0.4556,0.494
3.243330,-0.0527,-0.1045,0.4787,0.493
3.248433,-0.1844,-0.0476,0.3555,0.403
3.253818,-0.2728,-0.0483,0.2147,0.350
3.258381,-0.3183,-0.0394,0.0321,0.322
3.263184,-0.2880,-0.0256,-0.2545,0.385
3.268157,-0.2011,-0.0021,-0.5689,0.603
3.273550,-0.1384,0.0550,-0.7021,0.718
3.279347,-0.0806,0.0884,-0.7366,0.746
