0.002144,-0.0154,0.0964,-0.4075,0.419
0.005134,-0.0166,0.1102,-0.3598,0.377
0.010091,0.0915,0.1337,-0.2899,0.332
0.016924,0.1947,0.0240,-0.2027,0.282
0.020635,0.2078,-0.0181,-0.1263,0.244
0.025062,0.1643,0.1301,-0.0079,0.210
0.029952,0.1122,0.1535,0.1289,0.230
0.035019,0.0276,0.1576,0.1987,0.255
0.041533,-0.1182,0.1187,0.2500,0.301
0.045567,-0.1965,0.0609,0.1972,0.285
0.050034,-0.2794,0.1081,0.1836,0.351
0.059529,-0.3767,0.0883,0.1278,0.407
0.059962,-0.4222,0.0734,0.1204,0.445
0.065280,-0.4445,0.0872,0.1040,0.465
0.070588,-0.4010,0.0675,0.1355,0.429
0.074947,-0.2777,0.0195,0.2194,0.354
0.080023,0.0063,0.0572,0.3510,0.356
0.090518,0.0647,0.1182,0.3634,0.388
0.096150,-0.0150,0.2308,0.4146,0.475
0.096618,-0.0611,0.2188,0.4423,0.497
0.099787,-0.0500,0.1783,0.4513,0.488
0.105133,-0.0108,0.1714,0.4604,0.491
0.109719,-0.0484,0.2025,0.4842,0.527
0.114834,-0.0527,0.2047,0.5084,0.551
0.120903,-0.0050,0.1926,0.5472,0.580
0.124707,0.0042,0.1804,0.6008,0.627
0.129644,0.0655,0.1396,0.5980,0.618
0.134635,0.0739,0.1037,0.6153,0.628
0.142614,0.0963,0.0679,0.6001,0.612
0.145528,0.1568,0.0466,0.5286,0.553
0.149652,0.1791,0.0490,0.4490,0.486
0.157599,0.1967,0.0847,0.3848,0.440
0.159359,0.1718,0.0249,0.3214,0.365
0.164655,0.1429,-0.0059,0.2348,0.275
0.169387,0.0812,-0.0174,0.1013,0.131
0.174524,-0.0227,-0.0240,0.0253,0.042
0.179379,-0.1593,-0.0019,-0.0122,0.160
0.184501,-0.2716,0.0106,-0.0548,0.277
0.189452,-0.3410,0.0090,-0.1025,0.356
0.195572,-0.3872,0.0076,-0.1270,0.408
0.199566,-0.4245,-0.0222,-0.1328,0.445
0.204579,-0.4434,-0.0088,-0.0679,0.449
0.209343,-0.4155,-0.0667,0.0299,0.422
0.214665,-0.3221,-0.0529,0.1603,0.364
0.219544,-0.3014,-0.0203,0.2333,0.382
0.224510,-0.3005,-0.0165,0.2922,0.419
0.233496,-0.2763,-0.0130,0.3136,0.418
0.234304,-0.2765,-0.0475,0.3356,0.437
0.239297,-0.2586,-0.0249,0.3205,0.413
0.244261,-0.2750,-0.0169,0.3208,0.423
0.249159,-0.2063,0.0101,0.3028,0.367
0.254243,-0.1293,0.0272,0.2666,0.297
0.259174,-0.0247,0.0537,0.2025,0.211
0.264209,0.0366,0.1133,0.0771,0.142
0.269092,0.0734,0.1723,0.0243,0.189
0.274332,0.1005,0.1740,0.0143,0.201
0.279095,0.1657,0.1662,-0.0198,0.236
0.284583,0.1975,0.1443,0.0221,0.246
0.289085,0.2203,0.1748,0.0254,0.282
0.294264,0.2055,0.2195,0.0517,0.305
0.299129,0.1625,0.2210,0.0206,0.275
0.304110,0.1439,0.2606,0.0654,0.305
0.309203,0.1161,0.2715,0.0999,0.312
0.314027,0.0601,0.2870,0.1623,0.335
0.319044,-0.0434,0.3263,0.2530,0.415
0.324022,-0.1703,0.3652,0.4047,0.571
0.333654,-0.2976,0.3753,0.5940,0.763
0.334211,-0.3635,0.3377,0.7498,0.899
0.339003,-0.4021,0.3145,0.9253,1.057
0.344073,-0.4377,0.3104,1.1019,1.226
0.348866,-0.4800,0.3298,1.2323,1.363
0.353804,-0.4570,0.3346,1.3215,1.438
0.358741,-0.4174,0.3010,1.3285,1.425
0.363769,-0.3750,0.2769,1.1915,1.279
0.368768,-0.3200,0.2957,1.0964,1.180
0.374105,-0.2475,0.2905,1.0234,1.092
0.378793,-0.1955,0.3090,0.9200,0.990
0.383705,-0.1819,0.3940,0.7990,0.909
0.388729,-0.1462,0.4783,0.6100,0.789
0.393685,-0.0971,0.4862,0.4709,0.684
0.398792,0.1176,0.5655,0.4327,0.722
0.403736,0.3597,0.5731,0.4182,0.795
0.408709,0.5724,0.5903,0.4510,0.938
0.413628,0.8285,0.5932,0.4919,1.132
0.418515,1.0931,0.6199,0.4719,1.342
0.423616,1.2867,0.6748,0.4377,1.517
0.431408,1.4199,0.6294,0.4749,1.624
0.433642,1.4789,0.6127,0.4312,1.658
0.440793,1.4739,0.6388,0.4447,1.667
0.443511,1.4431,0.6076,0.4043,1.617
0.448592,1.4291,0.6003,0.2510,1.570
0.453575,1.3701,0.5835,0.1315,1.495
0.458373,1.2955,0.4881,0.1076,1.389
0.463388,1.1372,0.4503,0.0160,1.223
0.468380,1.0146,0.4509,-0.1003,1.115
0.473594,0.9558,0.4563,-0.1469,1.069
0.478590,0.9753,0.5428,-0.1700,1.129
0.483357,1.0634,0.5955,-0.2712,1.249
0.488261,1.1579,0.5430,-0.3934,1.338
0.493343,1.2978,0.4572,-0.4509,1.448
0.498494,1.4164,0.4002,-0.5063,1.556
0.503712,1.4706,0.4196,-0.4981,1.608
0.508338,1.5619,0.4291,-0.4683,1.686
0.513291,1.6282,0.4096,-0.4414,1.736
0.518141,1.6408,0.3661,-0.4220,1.733
0.523200,1.5952,0.3320,-0.4289,1.685
0.531307,1.5393,0.3025,-0.3996,1.619
0.533495,1.5245,0.3065,-0.2913,1.582
0.539231,1.5006,0.2767,-0.1846,1.537
0.543251,1.4283,0.2468,-0.1748,1.460
0.548196,1.2644,0.2551,-0.2615,1.316
0.553907,1.1903,0.1632,-0.3201,1.243
0.558125,1.1482,-0.0190,-0.2936,1.185
0.563083,1.0694,-0.1574,-0.2680,1.114
0.567969,0.9810,-0.2045,-0.2142,1.025
0.573249,0.8333,-0.1986,-0.1559,0.871
0.578692,0.6067,-0.1877,-0.1405,0.650
0.582893,0.4536,-0.2481,-0.1345,0.534
0.587897,0.3978,-0.3890,-0.2144,0.596
0.593133,0.3940,-0.5527,-0.2320,0.717
0.597975,0.4030,-0.6009,-0.2683,0.772
0.603627,0.3465,-0.6675,-0.3087,0.813
0.607803,0.1819,-0.6761,-0.3293,0.774
0.612887,0.0860,-0.7128,-0.4305,0.837
0.617764,0.0345,-0.8108,-0.6218,1.022
0.623104,-0.0751,-0.8887,-0.8272,1.216
0.627814,-0.2011,-0.9323,-0.9277,1.331
0.633009,-0.2690,-0.9083,-1.1059,1.456
0.639058,-0.2983,-0.9457,-1.2661,1.608
0.642782,-0.2938,-1.0348,-1.3801,1.750
0.647733,-0.2505,-1.0846,-1.4240,1.807
0.653599,-0.1751,-1.1241,-1.2307,1.676
0.657700,0.0218,-1.1388,-0.9300,1.470
0.662724,0.1856,-1.1097,-0.7839,1.371
0.667663,0.2211,-1.0560,-0.6624,1.266
0.672881,0.2673,-1.0494,-0.5744,1.226
0.677857,0.3292,-1.1565,-0.5051,1.304
0.682849,0.3331,-1.2292,-0.4351,1.346
0.687598,0.1972,-1.2909,-0.3213,1.345
0.692719,0.1536,-1.2703,-0.2877,1.312
0.697659,0.0300,-1.1725,-0.4056,1.241
0.702709,-0.1453,-1.1552,-0.7274,1.373
0.707993,-0.2913,-1.2803,-1.0957,1.710
0.712810,-0.4916,-1.4522,-1.4112,2.084
0.717648,-0.6945,-1.5459,-1.7657,2.447
0.722815,-0.8453,-1.5718,-2.0594,2.725
0.727493,-0.9782,-1.5681,-2.3838,3.016
0.732667,-1.1505,-1.6355,-2.5907,3.273
0.740094,-1.3475,-1.8071,-2.6474,3.477
0.742507,-1.5807,-2.0209,-2.7495,3.761
0.747456,-1.9568,-2.2140,-2.8691,4.119
0.752772,-2.4828,-2.3682,-3.0918,4.619
0.757861,-2.9589,-2.5649,-3.3128,5.129
0.762416,-3.4723,-2.7997,-3.4941,5.666
0.767443,-4.0002,-3.0968,-3.5309,6.169
0.772371,-4.4923,-3.4376,-3.4509,6.626
0.777248,-4.9761,-3.7500,-3.2077,7.008
0.782332,-5.4155,-4.1211,-2.9337,7.411
0.787248,-5.7257,-4.4937,-2.5087,7.699
0.792412,-6.1714,-4.7683,-2.0418,8.062
0.797296,-7.0219,-5.0750,-1.5461,8.801
0.802149,-8.0294,-5.3955,-1.0343,9.729
0.807179,-8.9962,-5.6830,-0.6366,10.660
0.815309,-10.0108,-5.9430,-0.3886,11.648
0.817169,-10.9848,-6.2958,-0.0503,12.661
0.826898,-11.7679,-6.8655,0.4509,13.632
0.827266,-12.5541,-7.4511,0.8872,14.626
0.833427,-13.1406,-8.0701,1.2094,15.468
0.837258,-13.6041,-8.5088,1.4500,16.111
0.842060,-14.0434,-8.9854,1.4883,16.738
0.846967,-14.2498,-9.6458,1.3623,17.261
0.852171,-14.3436,-10.5439,1.0906,17.835
0.857110,-14.3472,-11.4030,0.6736,18.339
0.861887,-14.0052,-12.2032,0.0027,18.576
0.866793,-13.2393,-12.9133,-0.7592,18.510
0.871901,-12.2124,-13.6082,-1.7422,18.367
0.876919,-10.7351,-14.3113,-2.6878,18.091
0.881978,-8.8234,-14.9943,-3.5587,17.758
0.887279,-6.8130,-15.3528,-4.4624,17.379
0.891813,-4.7965,-15.1204,-5.3583,16.743
0.896849,-2.3630,-14.3419,-6.5530,15.944
0.901911,0.6210,-13.1944,-8.3708,15.638
0.906816,4.3251,-11.6315,-10.7251,16.402
0.912086,8.8967,-9.7106,-13.3647,18.763
0.916843,14.3334,-7.3970,-15.7899,22.572
0.922614,20.5250,-4.5624,-17.9416,27.640
0.926595,26.9027,-1.4147,-19.4618,33.234
0.932044,32.5716,1.7937,-20.2193,38.379
0.948614,36.6132,4.9419,-20.0830,42.051
0.949169,38.5045,7.9475,-19.2325,43.768
0.949497,38.1950,10.2565,-16.9768,43.038
0.951486,39.6894,9.5642,-15.4452,43.649
0.956636,38.6701,8.8418,-13.9639,42.054
0.961965,34.8216,8.8885,-11.2777,37.666
0.966554,30.4814,8.4478,-8.3310,32.709
0.971591,26.6595,6.9958,-6.1035,28.230
0.976869,22.9733,5.2124,-4.3494,23.955
0.981610,19.3505,3.7170,-2.6839,19.886
0.990305,15.8053,2.4924,-1.1849,16.044
0.991539,12.6698,1.3661,-0.0345,12.743
1.002604,9.7961,0.3033,0.4340,9.810
1.003105,7.0362,-0.7796,0.2110,7.082
1.006839,4.4578,-1.8663,-0.4899,4.857
1.011681,2.1872,-2.9577,-1.4981,3.972
1.016257,0.0001,-4.0777,-2.6293,4.852
1.021757,-2.2108,-5.2132,-3.7814,6.809
1.026607,-4.6741,-6.2206,-4.8195,9.153
1.031206,-7.3807,-7.1242,-5.5562,11.666
1.038552,-10.0746,-7.9632,-5.9623,14.158
1.041291,-12.6852,-8.6817,-5.9811,16.494
1.046174,-14.9439,-9.5318,-5.8215,18.656
1.051237,-18.2358,-9.9570,-5.2825,21.438
1.056272,-21.8860,-10.0870,-3.8379,24.402
1.065422,-24.2968,-10.3385,-1.9141,26.474
1.067210,-26.2681,-10.4535,0.0799,28.272
1.074419,-27.7259,-10.5322,1.8607,29.717
1.076191,-28.0402,-11.0884,3.3244,30.336
1.081136,-27.3416,-12.2460,4.4483,30.287
1.085932,-26.4701,-13.5294,5.0279,30.149
1.091263,-25.0995,-15.1021,4.8137,29.686
1.096039,-24.0884,-15.9886,3.9918,29.186
1.101319,-22.4893,-17.0494,2.4818,28.330
1.106007,-19.5263,-19.1767,0.7772,27.379
1.115132,-16.4781,-20.3543,-1.1782,26.215
1.116185,-13.8550,-20.0497,-2.9148,24.545
1.123930,-11.7094,-18.8704,-4.7449,22.709
1.126601,-9.7134,-17.5574,-6.9260,21.227
1.131306,-7.5310,-16.3618,-9.3317,20.286
1.135864,-4.8749,-15.1004,-11.6646,19.694
1.140965,-1.3410,-13.4880,-13.8525,19.381
1.147146,2.9555,-11.4512,-16.0229,19.915
1.150923,7.6700,-9.0285,-17.5035,21.136
1.155953,12.5296,-6.5691,-18.1549,23.016
1.161686,17.0215,-4.1508,-18.0002,25.119
1.165675,20.5751,-1.5694,-16.9018,26.673
1.172761,23.4155,0.9343,-15.1054,27.881
1.175689,25.0464,3.4402,-12.8328,28.352
1.181983,27.3838,4.7522,-10.5004,29.710
1.188708,28.8753,5.5938,-8.8925,30.727
1.190813,28.8523,6.5404,-6.9534,30.390
1.199233,28.1335,7.2878,-5.2165,29.527
1.200674,26.8800,7.7339,-3.7846,28.225
1.205655,24.9874,7.8012,-2.7145,26.317
1.210566,22.6947,7.6277,-1.8871,24.016
1.215584,20.2300,7.2987,-1.2560,21.543
1.223719,17.8005,6.8338,-0.6868,19.080
1.225900,15.3926,6.2662,-0.3077,16.622
1.230471,13.0745,5.6097,-0.0566,14.227
1.235458,10.8874,4.9530,0.0540,11.961
1.240941,8.9349,4.2692,0.0976,9.903
1.250945,7.2342,3.5311,0.2003,8.052
1.251534,5.8577,2.7611,0.3382,6.485
1.255628,4.6616,2.0042,0.4168,5.091
1.260386,3.6661,1.2485,0.5126,3.907
1.265318,2.7501,0.5903,0.4594,2.850
1.270533,1.9128,-0.0370,0.2198,1.926
1.275381,1.1527,-0.6332,-0.0913,1.318
1.280482,0.5309,-1.1821,-0.6255,1.439
1.285315,-0.0800,-1.7486,-1.1154,2.076
1.290355,-0.5807,-2.2925,-1.5362,2.820
1.295287,-1.0926,-2.7658,-2.0044,3.586
1.300362,-1.5793,-3.1590,-2.5500,4.356
1.306005,-1.9669,-3.5150,-2.8915,4.958
1.310329,-2.2663,-3.9718,-2.9424,5.438
1.315176,-2.5763,-4.3350,-2.8309,5.783
1.320234,-2.7821,-4.5136,-2.5979,5.904
1.325154,-2.9321,-4.5372,-2.2952,5.870
1.330199,-2.9072,-4.5644,-1.9077,5.738
1.335094,-2.8080,-4.4765,-1.5638,5.511
1.340174,-2.7912,-4.3075,-1.2470,5.282
1.346615,-2.8025,-4.1636,-0.8876,5.097
1.350024,-2.8888,-3.9639,-0.5469,4.935
1.355063,-2.9736,-3.7425,-0.2440,4.786
1.360128,-2.9424,-3.6338,0.0021,4.676
1.365482,-2.8430,-3.5760,0.2441,4.575
1.370060,-2.7394,-3.4977,0.4447,4.465
1.375005,-2.5978,-3.3705,0.6311,4.302
1.380090,-2.4726,-3.2425,0.8325,4.162
1.385007,-2.2726,-3.0950,1.0053,3.969
1.390191,-2.1649,-2.8757,1.0586,3.752
1.395104,-2.0821,-2.6612,1.0927,3.551
1.399938,-1.9918,-2.5095,1.0741,3.379
1.404880,-1.9144,-2.3864,1.0160,3.224
1.409893,-1.8176,-2.3017,0.9565,3.085
1.415097,-1.7874,-2.1646,0.8759,2.941
1.420030,-1.6702,-2.0325,0.7687,2.741
1.424917,-1.5041,-1.9054,0.5966,2.500
1.429697,-1.4289,-1.7024,0.3346,2.248
1.434740,-1.4989,-1.5712,0.0162,2.172
1.439849,-1.5527,-1.4927,-0.1830,2.162
1.450766,-1.5184,-1.4764,-0.2927,2.138
1.452632,-1.4677,-1.4171,-0.3371,2.068
1.454862,-1.4533,-1.4153,-0.2823,2.048
1.459794,-1.4713,-1.3612,-0.2191,2.016
1.464766,-1.4620,-1.2928,-0.1518,1.958
1.470179,-1.4502,-1.2773,-0.1045,1.935
1.474609,-1.4311,-1.3431,-0.0002,1.963
1.479553,-1.3707,-1.3707,0.0940,1.941
1.484709,-1.3504,-1.3458,0.1786,1.915
1.489651,-1.3422,-1.2975,0.2348,1.882
1.495229,-1.3156,-1.2826,0.3393,1.868
1.499578,-1.2806,-1.2727,0.4684,1.865
1.504482,-1.2803,-1.2869,0.5364,1.893
1.509847,-1.3194,-1.3107,0.5963,1.953
1.514406,-1.4459,-1.2345,0.5815,1.988
1.520077,-1.5648,-1.2117,0.4582,2.031
1.524401,-1.6363,-1.2416,0.3412,2.082
1.529374,-1.6901,-1.2717,0.1489,2.120
1.534295,-1.7119,-1.2353,-0.0519,2.112
1.539512,-1.7495,-1.2375,-0.1994,2.152
1.547168,-1.8315,-1.2545,-0.3942,2.255
1.549399,-1.9205,-1.2720,-0.5270,2.363
1.554208,-1.9818,-1.3184,-0.5594,2.445
1.559529,-1.9922,-1.3079,-0.6160,2.462
1.564372,-2.0427,-1.3554,-0.6486,2.536
1.570103,-2.0616,-1.4273,-0.6762,2.597
1.574248,-2.0822,-1.5523,-0.7706,2.709
1.579222,-2.1193,-1.6586,-0.9223,2.845
1.584161,-2.1051,-1.7508,-1.1454,2.968
1.589223,-2.1450,-1.9055,-1.3639,3.177
1.594297,-2.2201,-2.0413,-1.5445,3.388
1.599295,-2.3205,-2.2253,-1.7210,3.647
1.604018,-2.4992,-2.3521,-1.9462,3.945
1.609085,-2.7759,-2.5276,-2.1482,4.325
1.615397,-3.1317,-2.7566,-2.2986,4.763
1.625968,-3.5530,-2.9820,-2.5083,5.273
1.626628,-3.9976,-3.1372,-2.6772,5.744
1.631272,-4.4328,-3.2945,-2.8586,6.219
1.633944,-4.9025,-3.4351,-3.0004,6.696
1.640128,-5.4649,-3.6551,-3.0361,7.242
1.643957,-6.0779,-3.9019,-2.9570,7.804
1.649175,-6.5558,-4.3530,-2.8112,8.356
1.653916,-7.2587,-4.6305,-2.4396,8.949
1.658898,-8.4339,-4.7698,-1.8662,9.867
1.663889,-9.5180,-5.1638,-1.2674,10.902
1.668814,-10.4753,-5.7170,-0.7855,11.960
1.673776,-11.5541,-6.1672,-0.3951,13.103
1.678884,-12.8894,-6.6501,-0.2372,14.506
1.683732,-14.4997,-7.4005,-0.3240,16.282
1.688925,-16.2777,-8.3246,-0.5448,18.291
1.693779,-18.0975,-9.2000,-0.7491,20.315
1.698787,-19.3607,-10.2726,-0.7708,21.931
1.703785,-19.7077,-11.7001,-0.2564,22.921
1.708656,-19.3024,-13.6188,0.6839,23.633
1.714084,-18.2263,-16.0097,2.0565,24.346
1.718781,-16.6361,-18.4454,3.7968,25.128
1.723512,-13.8784,-21.0930,5.6038,25.864
1.729327,-10.1296,-23.5382,7.5094,26.703
1.733496,-6.8887,-24.2307,8.8619,26.704
1.738700,-5.3591,-23.4122,8.4058,25.446
1.743485,-4.7811,-22.4880,5.3956,23.615
1.748496,-4.1325,-21.8436,0.5257,22.237
1.754916,-2.7880,-21.1649,-5.6281,22.077
1.758547,-0.1080,-19.9145,-12.0455,23.274
1.763709,3.6128,-18.0216,-17.9704,25.705
1.768782,8.9863,-14.9015,-23.0146,28.853
1.773618,15.0567,-11.9758,-27.2425,33.351
1.780391,19.6217,-8.4157,-29.2880,36.244
1.783450,24.9728,-5.0643,-29.1330,38.704
1.789126,29.0208,-1.6025,-27.2900,39.869
1.793502,32.0934,0.9865,-24.3061,40.271
1.798431,35.3843,2.0398,-22.0821,41.759
1.808901,35.9763,3.1289,-19.7616,41.166
1.809570,34.4703,4.0032,-17.1586,38.712
1.813258,32.5397,4.0912,-14.7640,35.966
1.818251,30.7200,3.4630,-12.6987,33.421
1.823313,28.5850,2.8628,-10.6677,30.645
1.831019,25.7989,2.5996,-8.7777,27.375
1.833261,22.4029,2.2669,-7.2470,23.655
1.840401,18.8106,1.8714,-6.1567,19.881
1.843110,15.3324,1.6419,-5.2437,16.287
1.848800,12.3014,1.5353,-4.4270,13.164
1.853599,9.8596,1.3825,-3.6448,10.602
1.858137,8.0443,1.2434,-2.8259,8.616
1.863162,6.6132,1.0211,-2.1838,7.039
1.868178,5.2965,0.7878,-1.7808,5.643
1.873189,4.0285,0.4945,-1.6123,4.367
1.878275,2.8600,0.0940,-1.7983,3.380
1.883151,1.7555,-0.4082,-2.1969,2.842
1.888143,0.7317,-0.9874,-2.6233,2.897
1.893076,-0.3226,-1.6498,-3.0624,3.493
1.898112,-1.4659,-2.2456,-3.3205,4.268
1.903498,-2.4213,-2.8100,-3.3045,4.968
1.908093,-3.1775,-3.4236,-3.1724,5.646
1.913125,-3.7519,-3.9660,-2.8619,6.164
1.918018,-4.4293,-4.5090,-2.5498,6.816
1.923000,-4.8268,-5.0518,-2.1843,7.321
1.930738,-5.4908,-5.1425,-1.5682,7.685
1.933021,-6.0865,-4.9439,-0.8396,7.886
1.938598,-6.2609,-4.8881,-0.2354,7.947
1.942919,-6.2356,-4.8038,0.2370,7.875
1.947887,-6.0592,-4.7547,0.6079,7.726
1.953302,-5.8251,-4.6463,0.8513,7.500
1.957824,-5.5765,-4.4949,0.9543,7.226
1.962747,-5.3681,-4.2918,0.9333,6.936
1.967937,-5.2237,-3.9951,0.8736,6.634
1.973007,-5.0758,-3.7012,0.6880,6.319
1.978198,-4.9388,-3.4680,0.3270,6.044
1.982669,-4.7799,-3.2577,-0.0764,5.785
1.987680,-4.5959,-3.0178,-0.4924,5.520
1.992760,-4.3251,-2.7916,-0.8887,5.224
1.997812,-4.0144,-2.6700,-1.3102,4.996
2.003136,-3.7299,-2.5428,-1.6244,4.798
2.007781,-3.4660,-2.3911,-1.8756,4.610
2.012659,-3.2420,-2.3058,-2.0834,4.491
2.017752,-3.0463,-2.2388,-2.1921,4.370
2.022965,-2.8893,-2.1711,-2.1534,4.207
2.028410,-2.7707,-2.1459,-2.0439,4.057
2.032544,-2.6810,-2.1679,-1.9114,3.942
2.037521,-2.6348,-2.1225,-1.7315,3.801
2.042411,-2.6324,-2.0434,-1.5511,3.676
2.047600,-2.5443,-1.9736,-1.2851,3.467
2.055978,-2.4286,-1.8368,-0.9851,3.200
2.057553,-2.2656,-1.6716,-0.6698,2.894
2.062319,-2.0070,-1.5595,-0.3337,2.563
2.067429,-1.7721,-1.4384,-0.0434,2.283
2.072534,-1.6420,-1.3324,0.1926,2.123
2.078149,-1.5639,-1.1840,0.4454,2.011
2.082264,-1.4704,-1.0413,0.5958,1.898
2.087510,-1.2848,-0.9041,0.6963,1.718
2.092431,-1.0401,-0.7772,0.7608,1.505
2.097378,-0.7500,-0.7130,0.7221,1.262
2.102217,-0.5280,-0.6398,0.6328,1.043
2.107254,-0.3596,-0.5332,0.5059,0.818
2.112179,-0.1532,-0.4649,0.3982,0.631
2.117215,0.0057,-0.4444,0.3235,0.550
2.122652,0.0981,-0.5096,0.2621,0.581
2.127134,0.2394,-0.5552,0.3097,0.679
2.132104,0.3197,-0.6005,0.3563,0.768
2.138897,0.3867,-0.6692,0.3730,0.858
2.142067,0.4455,-0.6898,0.5086,0.966
2.148004,0.4479,-0.6480,0.6389,1.014
2.151835,0.4609,-0.6253,0.8307,1.137
2.157114,0.4555,-0.5450,0.9791,1.210
2.161994,0.5130,-0.5177,1.1184,1.335
2.167075,0.5711,-0.5334,1.2243,1.452
2.171976,0.5679,-0.4920,1.3023,1.504
2.177047,0.6231,-0.4319,1.4153,1.606
2.182039,0.6025,-0.3388,1.5155,1.666
2.186950,0.6065,-0.3038,1.6080,1.745
2.192000,0.6399,-0.1788,1.6743,1.801
2.197050,0.7075,-0.1073,1.6617,1.809
2.201866,0.7043,-0.0317,1.6082,1.756
2.207204,0.7070,0.0622,1.4470,1.612
2.211764,0.6822,0.1268,1.2686,1.446
2.216953,0.5819,0.1621,1.0392,1.202
2.223019,0.4442,0.1589,0.7822,0.913
2.226758,0.2829,0.1509,0.5018,0.595
2.231727,0.1266,0.1717,0.2742,0.347
2.238842,0.0466,0.1736,0.0653,0.191
2.241739,-0.0195,0.1998,-0.1301,0.239
2.249434,-0.0190,0.1595,-0.2503,0.297
2.251659,0.0578,0.1533,-0.3434,0.380
2.256965,0.1586,0.0856,-0.4241,0.461
2.261595,0.3370,-0.0536,-0.1418,0.370
2.267317,0.7954,-0.1693,0.8978,1.211
2.271547,1.1504,-0.1469,1.2300,1.691
2.276532,1.0048,-0.0580,1.1278,1.512
2.281977,1.0052,0.0012,1.6838,1.961
2.286595,0.9456,0.1164,2.0179,2.232
2.291543,0.6331,0.2114,1.7899,1.910
2.296900,0.4163,0.2246,1.4441,1.520
2.301431,0.1892,0.2090,0.9077,0.950
2.306505,-0.0534,0.1890,0.4193,0.463
2.311304,-0.1918,0.2554,0.0599,0.325
2.316768,-0.2307,0.3317,-0.1424,0.428
2.321679,-0.1845,0.3222,-0.2882,0.470
2.327000,-0.1197,0.2510,-0.4112,0.496
2.331383,0.0217,0.1803,-0.5113,0.543
2.339990,0.1728,0.1674,-0.4734,0.531
2.341688,0.2238,0.1928,-0.4742,0.559
2.348635,0.2613,0.1944,-0.4131,0.526
2.351115,0.3570,0.1435,-0.4479,0.590
2.356359,0.4633,0.0687,-0.5595,0.730
2.361709,0.4174,0.1186,-0.5468,0.698
2.366292,0.3864,0.1733,-0.5250,0.675
2.371299,0.4951,0.0845,-0.4796,0.694
2.376552,0.6528,-0.0183,-0.4349,0.785
2.381412,0.7113,-0.0060,-0.3666,0.800
2.386856,0.7805,0.1450,-0.2410,0.830
2.391097,0.8556,0.2241,-0.1492,0.897
2.396255,0.8983,0.2457,-0.0047,0.931
2.401113,0.8987,0.2958,0.1065,0.952
2.406092,0.7851,0.2598,0.1507,0.841
2.411324,0.6240,0.2189,0.1905,0.688
2.416111,0.4722,0.1876,0.2929,0.587
2.421564,0.3532,0.1322,0.4006,0.550
2.426156,0.2332,0.0719,0.5233,0.577
2.431193,0.1310,0.0351,0.6475,0.662
2.439473,0.0375,-0.0164,0.7203,0.721
2.441033,0.0192,-0.0588,0.6843,0.687
2.451316,-0.0102,-0.0489,0.6497,0.652
2.451662,-0.0791,-0.0633,0.6163,0.625
2.456066,-0.1685,-0.0876,0.5839,0.614
2.461217,-0.1541,-0.1169,0.5765,0.608
2.465995,-0.1410,-0.0987,0.5700,0.595
2.470904,-0.1674,-0.0857,0.5407,0.572
2.475907,-0.1469,-0.1210,0.5125,0.547
2.481104,-0.1129,-0.1374,0.5431,0.571
2.486361,-0.1279,-0.1399,0.5460,0.578
2.490771,-0.1675,-0.1762,0.5117,0.567
2.495816,-0.1839,-0.1888,0.4305,0.505
2.500712,-0.2009,-0.1587,0.3600,0.442
2.506441,-0.1899,-0.2053,0.1943,0.341
2.511429,-0.2083,-0.2184,0.0340,0.304
2.515845,-0.2464,-0.2506,-0.1120,0.369
2.521114,-0.3281,-0.2347,-0.1865,0.444
2.525661,-0.3625,-0.2284,-0.2419,0.492
2.531122,-0.3590,-0.2602,-0.3073,0.539
2.535778,-0.3129,-0.2870,-0.3441,0.547
2.540857,-0.3005,-0.2563,-0.2857,0.487
2.548632,-0.2789,-0.1968,-0.2374,0.416
2.550461,-0.2285,-0.1610,-0.2185,0.355
2.555633,-0.1732,-0.1060,-0.2004,0.285
2.561667,-0.1414,-0.1320,-0.1403,0.239
2.566402,-0.1426,-0.1146,-0.0382,0.187
2.570505,-0.1577,-0.0874,0.0245,0.182
2.575588,-0.1820,-0.0456,0.1296,0.228
2.580428,-0.2488,-0.0563,0.2003,0.324
2.585517,-0.2626,-0.0190,0.2897,0.391
2.590406,-0.3625,-0.0583,0.3549,0.511
2.595449,-0.4768,-0.0640,0.3910,0.620
2.600384,-0.5867,-0.0792,0.4080,0.719
2.605506,-0.7070,-0.1568,0.3872,0.821
2.610452,-0.7852,-0.2249,0.4196,0.918
2.615386,-0.8553,-0.1976,0.4292,0.977
2.620421,-0.8647,-0.2234,0.3923,0.975
2.625947,-0.8565,-0.2640,0.3426,0.960
2.630321,-0.7779,-0.2238,0.3665,0.889
2.635295,-0.6815,-0.1696,0.2721,0.753
2.640804,-0.5093,-0.1062,0.0541,0.523
2.650792,-0.2946,-0.0477,-0.1392,0.329
2.651145,-0.0655,-0.0132,-0.2464,0.255
2.655196,0.0731,-0.0216,-0.2867,0.297
2.660082,0.1744,-0.0012,-0.3033,0.350
2.665446,0.2480,0.0433,-0.3249,0.411
2.670178,0.2700,0.0352,-0.3519,0.445
2.675295,0.2787,0.0416,-0.3504,0.450
2.680005,0.2306,0.0290,-0.3733,0.440
2.686192,0.2215,0.0071,-0.3727,0.434
2.690011,0.2271,0.0140,-0.3534,0.420
2.695077,0.2282,-0.0029,-0.2769,0.359
2.699867,0.2057,-0.0533,-0.2197,0.306
2.705018,0.1832,-0.0320,-0.2339,0.299
2.709772,0.1848,-0.0633,-0.1762,0.263
2.714982,0.2437,-0.0134,-0.1806,0.304
2.719836,0.1688,-0.0209,-0.1801,0.248
2.725033,0.1559,-0.0187,-0.2228,0.273
2.729928,0.1958,-0.0117,-0.2419,0.311
2.734821,0.1927,0.0577,-0.2090,0.290
2.739804,0.1037,0.0650,-0.2104,0.243
2.747171,0.0338,0.0583,-0.2128,0.223
2.749715,0.1511,0.0949,-0.2309,0.292
2.754785,0.2018,0.1176,-0.1546,0.280
2.759981,0.2054,0.1166,-0.0700,0.246
2.765091,0.2288,0.1158,-0.0006,0.256
2.769849,0.2291,0.1296,0.1205,0.289
2.774717,0.1759,0.1425,0.2059,0.306
2.779690,0.1093,0.1032,0.2475,0.290
2.784826,0.0578,0.0785,0.2884,0.304
2.789976,0.0066,0.0968,0.3717,0.384
2.794519,-0.0442,0.0342,0.4212,0.425
2.799703,-0.0711,-0.0138,0.5136,0.519
2.804855,-0.1123,-0.0379,0.5395,0.552
2.809505,-0.1440,-0.0526,0.6089,0.628
2.814631,-0.1331,-0.0389,0.6075,0.623
2.819707,-0.1511,-0.0113,0.5547,0.575
2.824698,-0.1551,-0.0269,0.4698,0.496
2.829385,-0.1834,-0.0045,0.4005,0.441
2.834402,-0.1645,0.0034,0.2894,0.333
2.839542,-0.1509,0.0016,0.2269,0.272
2.847802,-0.0996,0.0379,0.1268,0.166
2.849432,-0.1060,0.0501,0.0226,0.119
2.854551,-0.0556,0.0291,-0.0762,0.099
2.859327,-0.0626,0.0226,-0.1127,0.131
2.864997,-0.2461,-0.0314,-0.0870,0.263
2.869675,-0.2577,-0.1325,-0.0568,0.295
2.874372,-0.1505,-0.1566,-0.1838,0.285
2.879367,-0.1200,-0.0473,-0.5483,0.563
2.884501,-0.1275,-0.0381,-1.1633,1.171
2.889364,-0.0400,0.0046,-0.9863,0.987
2.894558,0.1136,-0.0384,-0.4023,0.420
2.899319,0.2284,-0.0671,-0.0076,0.238
2.904270,0.2384,-0.0626,0.1049,0.268
2.909171,0.2392,-0.0870,0.0514,0.260
2.914732,0.1690,-0.0780,-0.1058,0.214
2.919520,0.0758,-0.0928,-0.3331,0.354
2.924091,-0.0070,-0.0550,-0.5689,0.572
2.929084,-0.0655,-0.0124,-0.7423,0.745
2.934208,-0.0045,-0.0410,-0.7163,0.717
2.939116,0.0180,-0.0120,-0.6539,0.654
