0.001171,0.3519,0.0991,-0.5825,0.688
0.003298,0.2489,0.2069,-0.6461,0.723
0.008335,0.2424,0.2525,-0.7540,0.831
0.013317,0.3035,0.2317,-0.7920,0.879
0.018926,0.3367,0.2020,-0.8129,0.903
0.023291,0.3469,0.1778,-0.7833,0.875
0.028294,0.3393,0.1636,-0.7132,0.807
0.033213,0.3233,0.2258,-0.5310,0.661
0.038474,0.2891,0.2355,-0.3560,0.516
0.043307,0.2511,0.2214,-0.2020,0.391
0.048193,0.2757,0.2169,-0.0825,0.360
0.053174,0.2291,0.1696,0.0175,0.286
0.058124,0.1692,0.1416,0.0932,0.240
0.063173,0.1480,0.0425,0.1405,0.208
0.068483,0.0793,0.0912,0.1788,0.216
0.073208,-0.0037,0.2106,0.2749,0.346
0.078218,-0.0582,0.1529,0.2954,0.338
0.083159,-0.0701,0.0764,0.3027,0.320
0.088977,-0.0300,0.0194,0.2728,0.275
0.093409,-0.0286,0.0150,0.1680,0.171
0.098184,-0.0610,0.0247,0.1169,0.134
0.103207,-0.0698,0.0200,0.0620,0.095
0.108163,-0.0740,-0.0180,0.0126,0.077
0.113155,-0.0738,-0.0082,-0.0551,0.092
0.118716,-0.1022,0.0015,-0.0938,0.139
0.123004,-0.1544,0.0064,-0.1321,0.203
0.127903,-0.1778,0.0446,-0.2134,0.281
0.132897,-0.1775,0.0590,-0.2853,0.341
0.138109,-0.1820,0.0164,-0.3480,0.393
0.143577,-0.1769,-0.0255,-0.3494,0.393
0.148062,-0.1814,-0.0004,-0.3377,0.383
0.152897,-0.2333,-0.0132,-0.3173,0.394
0.157980,-0.2470,-0.0068,-0.2455,0.348
0.163156,-0.2465,-0.0193,-0.1413,0.285
0.168557,-0.2226,-0.0602,-0.0286,0.232
0.172882,-0.2182,-0.0818,0.0929,0.251
0.177813,-0.1854,-0.0510,0.2090,0.284
0.183035,-0.2198,-0.0682,0.3011,0.379
0.191109,-0.2735,-0.0664,0.4028,0.491
0.193077,-0.2561,-0.0363,0.4620,0.529
0.197735,-0.2154,-0.0401,0.5313,0.575
0.202781,-0.2088,-0.0440,0.5487,0.589
0.207673,-0.1787,-0.0814,0.5432,0.578
0.212896,-0.1443,-0.0380,0.5339,0.554
0.218347,-0.1578,-0.0521,0.4828,0.511
0.222710,-0.1522,-0.0663,0.4280,0.459
0.227636,-0.1513,-0.0568,0.4218,0.452
0.232700,-0.1646,-0.0664,0.3828,0.422
0.237682,-0.2444,-0.0666,0.3446,0.428
0.243632,-0.2906,0.0138,0.2359,0.375
0.247602,-0.3080,0.0461,0.1282,0.337
0.252495,-0.3252,0.0021,0.0259,0.326
0.257563,-0.3187,-0.0129,-0.0473,0.322
0.262590,-0.3504,-0.0514,-0.1251,0.376
0.268524,-0.3915,-0.0752,-0.1553,0.428
0.272509,-0.4423,-0.0845,-0.0761,0.457
0.277492,-0.4602,-0.0130,0.0643,0.465
0.282591,-0.4311,-0.0894,0.1799,0.476
0.289300,-0.3509,-0.1843,0.2525,0.470
0.293257,-0.2814,-0.2168,0.3251,0.482
0.297680,-0.2371,-0.1637,0.4171,0.507
0.302342,-0.2177,-0.1351,0.5617,0.617
0.307374,-0.1992,-0.1450,0.5543,0.607
0.312449,-0.1440,-0.1313,0.5669,0.599
0.322946,-0.1094,-0.1655,0.5524,0.587
0.329783,-0.1045,-0.1428,0.4682,0.501
0.330663,-0.1100,-0.1538,0.4004,0.443
0.332684,-0.1160,-0.2268,0.4152,0.487
0.337165,-0.1516,-0.2139,0.4028,0.481
0.342155,-0.2550,-0.1967,0.4539,0.557
0.347405,-0.3447,-0.1799,0.4441,0.590
0.352306,-0.1938,-0.5386,0.1690,0.597
0.357453,-0.3497,-0.3716,-0.1322,0.527
0.362055,-0.7048,0.2973,0.3216,0.830
0.367200,-0.6469,0.5186,0.6451,1.050
0.371995,-0.5601,0.4386,0.5208,0.882
0.377048,-0.5236,0.4020,0.4321,0.789
0.382020,-0.3089,0.3559,0.5602,0.732
0.388807,0.0215,0.3908,0.6507,0.759
0.391987,0.2196,0.4778,0.6846,0.863
0.397343,0.3345,0.6685,0.7669,1.071
0.401791,0.5670,0.8101,0.9307,1.358
0.406916,0.9554,0.9457,1.1889,1.795
0.412040,1.2600,1.0372,1.4523,2.185
0.418104,1.4826,1.1086,1.7252,2.530
0.421856,1.6812,1.2123,1.9317,2.833
0.426963,1.8943,1.3211,2.0252,3.072
0.432134,2.1522,1.3910,2.0537,3.284
0.436706,2.4035,1.4271,1.9683,3.419
0.441587,2.6335,1.4292,1.7850,3.488
0.446696,2.7669,1.4597,1.5409,3.487
0.451584,2.8281,1.5138,1.3834,3.493
0.456671,2.9126,1.6536,1.3026,3.594
0.461528,3.0015,1.7736,1.3129,3.725
0.466809,3.1475,1.9026,1.3413,3.915
0.471688,3.2650,1.9017,1.3234,4.003
0.477260,3.2874,1.8909,1.2154,3.982
0.481493,3.1720,1.8702,1.1656,3.862
0.487352,2.9707,1.7730,1.0733,3.622
0.491754,2.7646,1.6618,0.9382,3.359
0.496620,2.5570,1.5464,0.7256,3.075
0.501740,2.3298,1.4553,0.3993,2.776
0.506908,2.1538,1.3647,0.0921,2.551
0.511537,2.1000,1.2605,-0.0958,2.451
0.516536,2.1108,1.2046,-0.1842,2.437
0.521595,2.1816,1.1828,-0.3072,2.501
0.526689,2.2925,1.0612,-0.5375,2.583
0.531845,2.4650,0.9402,-0.6771,2.724
0.537513,2.6843,0.7912,-0.7946,2.909
0.541306,2.7739,0.6623,-0.9096,2.993
0.546680,2.7438,0.6345,-1.0607,3.009
0.551540,2.7043,0.5836,-1.3297,3.070
0.556614,2.6968,0.4572,-1.6217,3.180
0.561626,2.7391,0.3701,-1.9075,3.358
0.566204,2.7340,0.2555,-2.2214,3.532
0.571343,2.7015,0.1470,-2.4344,3.639
0.576467,2.5031,-0.0173,-2.6038,3.612
0.581245,2.2298,-0.1751,-2.6385,3.459
0.587384,2.0034,-0.3407,-2.5478,3.259
0.591352,1.7466,-0.5617,-2.4890,3.092
0.597341,1.4090,-0.7565,-2.5087,2.975
0.601148,1.0331,-1.0352,-2.4914,2.889
0.606151,0.6896,-1.3781,-2.4846,2.924
0.611071,0.4589,-1.7232,-2.4018,2.991
0.616084,0.2368,-2.0227,-2.3764,3.130
0.621089,0.0475,-2.2573,-2.5474,3.404
0.626397,-0.1889,-2.6041,-2.8904,3.895
0.631568,-0.7309,-2.8049,-3.1089,4.251
0.636031,-1.3874,-2.9510,-3.1939,4.564
0.640828,-1.7482,-3.2099,-3.4278,5.011
0.645956,-2.2089,-3.4910,-3.7150,5.556
0.651394,-2.8935,-3.7935,-3.9800,6.213
0.656662,-3.8146,-4.0608,-4.2087,6.982
0.660735,-4.8013,-4.2933,-4.3251,7.758
0.665869,-5.7648,-4.4871,-4.2777,8.466
0.670948,-6.6979,-4.7766,-4.1479,9.213
0.676044,-7.5896,-5.1581,-3.8966,9.970
0.680943,-8.6160,-5.4642,-3.4195,10.760
0.686119,-9.5711,-5.7828,-2.8055,11.529
0.691019,-10.4059,-6.1296,-2.2398,12.283
0.695844,-11.4764,-6.4865,-1.5812,13.277
0.707256,-12.6085,-6.9312,-1.1718,14.436
0.707825,-13.8289,-7.4740,-0.8426,15.742
0.710775,-14.8522,-8.1876,-0.5263,16.968
0.716363,-15.7953,-8.7562,-0.2206,18.061
0.720676,-16.3932,-9.2180,-0.0424,18.807
0.726311,-16.7242,-9.8395,-0.1787,19.405
0.731134,-16.9802,-10.7279,-0.5445,20.093
0.738051,-16.9349,-11.7779,-1.0577,20.655
0.740719,-16.3800,-13.0404,-1.4930,20.990
0.748561,-15.6553,-14.2126,-1.7438,21.216
0.752524,-14.5776,-14.8410,-1.8403,20.884
0.755738,-13.3837,-14.9080,-1.9322,20.127
0.760390,-11.7993,-14.9891,-2.2520,19.209
0.765409,-9.5028,-15.1909,-2.9261,18.156
0.770796,-6.9264,-15.0176,-3.9051,16.993
0.776189,-3.7624,-14.0104,-5.1768,15.403
0.780456,0.2968,-12.7604,-6.8891,14.504
0.785532,4.7348,-10.9418,-8.7521,14.790
0.790746,9.2439,-8.5522,-10.3098,16.275
0.795703,14.1972,-6.0342,-11.4126,19.189
0.803384,19.2486,-3.1563,-11.9210,22.860
0.805500,23.8399,0.2700,-11.7428,26.576
0.811061,27.9842,2.9511,-10.8747,30.168
0.815372,32.0282,4.4508,-10.4794,33.992
0.822468,34.7878,5.7736,-10.1382,36.692
0.825524,35.6404,7.8005,-9.3723,37.669
0.830133,35.0692,9.5227,-8.1994,37.253
0.837527,33.8687,10.4159,-6.9392,36.107
0.840060,32.5578,10.8385,-5.7001,34.785
0.851215,30.7939,10.6857,-4.2688,32.874
0.851637,28.0519,10.0405,-2.9007,29.935
0.856473,24.7128,9.1408,-1.8716,26.416
0.860519,21.6410,8.0213,-1.2055,23.111
0.865110,18.7272,6.8844,-0.8262,19.970
0.870023,16.0595,5.7623,-0.7156,17.077
0.876288,13.6307,4.4477,-0.8180,14.361
0.880092,11.2804,3.0393,-1.2605,11.750
0.885271,8.9245,1.4701,-2.1003,9.285
0.890103,6.5883,-0.0845,-3.2396,7.342
0.895665,4.2873,-1.4815,-4.3497,6.285
0.900161,2.1809,-2.8198,-5.3397,6.420
0.906006,0.1747,-4.2177,-6.1941,7.496
0.909836,-1.8681,-5.7124,-6.9258,9.170
0.914923,-4.3209,-7.0632,-7.1843,10.962
0.919877,-7.1542,-8.0140,-6.9306,12.784
0.924978,-10.2384,-8.7041,-6.3778,14.875
0.929885,-13.9042,-9.0356,-5.5224,17.478
0.935024,-17.5156,-9.3087,-4.3338,20.303
0.939911,-20.7139,-9.6515,-2.9253,23.039
0.947106,-23.5599,-9.7195,-1.1699,25.513
0.949711,-26.0383,-9.7083,0.5823,27.795
0.956712,-27.7519,-9.9032,2.0748,29.539
0.959652,-28.0962,-10.9075,2.8025,30.269
0.964695,-29.3344,-11.2283,3.7273,31.630
0.969607,-29.4298,-12.1225,3.6046,32.032
0.974684,-28.0811,-13.7514,2.2429,31.348
0.979582,-25.8710,-15.4638,0.6237,30.147
0.986677,-23.3169,-16.6945,-0.6931,28.686
0.989591,-20.3851,-17.5257,-1.9506,26.954
0.994861,-17.3006,-17.8301,-3.2402,25.054
0.999482,-14.2130,-17.6201,-4.5205,23.085
1.004586,-11.1621,-16.8827,-5.7953,21.052
1.010865,-7.9817,-15.8460,-7.1767,19.139
1.014675,-4.5707,-14.4899,-8.7274,17.522
1.019403,-1.1894,-12.7468,-10.2991,16.431
1.024476,2.3124,-10.6277,-11.7012,15.975
1.029405,5.9930,-8.3930,-12.7510,16.400
1.038064,9.7856,-6.2722,-13.1383,17.542
1.039658,13.4968,-4.0038,-13.0332,19.185
1.046030,16.7835,-1.7352,-12.3641,20.918
1.049421,18.7721,0.6920,-11.3266,21.935
1.054391,20.8189,2.2995,-10.0326,23.224
1.060714,22.4907,3.5121,-9.0091,24.481
1.064508,23.4948,4.4866,-7.7437,25.142
1.069258,24.3171,5.2729,-6.2818,25.663
1.074454,24.4285,5.7807,-4.8735,25.572
1.079213,23.7245,6.0601,-3.6876,24.762
1.085676,22.3285,6.3297,-2.6449,23.359
1.089324,20.5212,6.5161,-1.6618,21.595
1.095797,18.7065,6.4425,-0.8058,19.801
1.099254,17.1812,6.1142,-0.1119,18.237
1.104612,15.5850,5.7551,0.3680,16.618
1.109026,13.8124,5.4201,0.8001,14.859
1.114199,12.0736,5.0774,1.1207,13.146
1.119093,10.3776,4.7527,1.3085,11.489
1.124314,8.8405,4.3248,1.3686,9.936
1.129235,7.5097,3.7673,1.3841,8.515
1.134402,6.3290,3.0929,1.3302,7.169
1.139204,5.2016,2.4126,1.0883,5.836
1.144041,4.1405,1.6844,0.8123,4.543
1.149095,3.1635,0.9856,0.4879,3.349
1.154475,2.2699,0.3899,0.1401,2.307
1.159459,1.3071,-0.2248,-0.6718,1.487
1.164122,0.4891,-0.8564,-1.6177,1.895
1.169008,-0.1240,-1.5570,-2.4897,2.939
1.174071,-0.7214,-2.2258,-3.1847,3.952
1.179009,-1.2758,-2.8100,-3.6274,4.763
1.187215,-1.6731,-3.3327,-3.8311,5.346
1.188987,-1.9025,-3.7529,-3.8707,5.717
1.196145,-2.1074,-4.0653,-3.7107,5.894
1.198957,-2.3075,-4.2223,-3.3593,5.868
1.203819,-2.4651,-4.3013,-2.9537,5.771
1.209213,-2.5567,-4.3123,-2.5639,5.631
1.213882,-2.5475,-4.3225,-2.1775,5.469
1.218847,-2.4981,-4.3379,-1.8201,5.326
1.223907,-2.5458,-4.2821,-1.4651,5.193
1.228754,-2.6521,-4.0794,-1.1265,4.994
1.234252,-2.7602,-3.8451,-0.8711,4.813
1.238733,-2.8128,-3.6373,-0.6414,4.643
1.243649,-2.8080,-3.4659,-0.5568,4.495
1.248658,-2.7930,-3.2929,-0.4994,4.347
1.253764,-2.7515,-3.1903,-0.5028,4.243
1.260289,-2.7838,-3.0628,-0.6441,4.189
1.263640,-2.7326,-2.9728,-0.7714,4.111
1.268502,-2.6359,-2.9061,-0.9244,4.031
1.273669,-2.5242,-2.8058,-1.1518,3.946
1.278532,-2.4319,-2.6525,-1.4117,3.866
1.286907,-2.3990,-2.5185,-1.5516,3.809
1.288542,-2.3391,-2.4230,-1.5436,3.705
1.295668,-2.2710,-2.3278,-1.4071,3.543
1.298518,-2.1801,-2.1852,-1.2668,3.337
1.303607,-2.0288,-2.0721,-1.1273,3.111
1.308963,-1.8382,-1.9114,-1.0268,2.844
1.313560,-1.5467,-1.7608,-0.8694,2.500
1.318519,-1.2730,-1.7159,-0.6406,2.231
1.323646,-1.0836,-1.6712,-0.4021,2.032
1.328502,-0.9873,-1.5692,-0.1627,1.861
1.334389,-0.9322,-1.5061,0.0636,1.772
1.338408,-0.9448,-1.3378,0.1907,1.649
1.344700,-0.9923,-1.1700,0.2765,1.559
1.354079,-0.9312,-1.0648,0.3544,1.458
1.359678,-0.7610,-1.0171,0.4146,1.336
1.360323,-0.5149,-0.9934,0.3906,1.185
1.363345,-0.3312,-0.9933,0.3589,1.107
1.368117,-0.2954,-0.9355,0.3198,1.032
1.373368,-0.3022,-0.8774,0.2490,0.961
1.378129,-0.3287,-0.8099,0.1121,0.881
1.383416,-0.3735,-0.7802,-0.0913,0.870
1.388023,-0.3609,-0.7741,-0.2707,0.896
1.399159,-0.2621,-0.7343,-0.4789,0.915
1.400383,-0.1537,-0.7467,-0.7399,1.062
1.403057,-0.0258,-0.8208,-0.9342,1.244
1.408032,-0.0274,-0.8896,-1.0907,1.408
1.413050,-0.1184,-0.9336,-1.2189,1.540
1.417888,-0.2999,-0.9483,-1.3811,1.702
1.423137,-0.4717,-1.0249,-1.5247,1.897
1.427910,-0.6964,-1.2160,-1.7121,2.212
1.432845,-1.0034,-1.3924,-1.9384,2.589
1.438141,-1.3508,-1.6647,-2.1849,3.061
1.442913,-1.6953,-1.9562,-2.4472,3.562
1.447869,-2.1389,-2.2386,-2.7019,4.109
1.453013,-2.6250,-2.5794,-2.8585,4.660
1.457774,-3.1933,-2.8882,-2.9410,5.214
1.462964,-3.8925,-3.2134,-2.8011,5.773
1.467818,-4.6955,-3.5510,-2.5771,6.426
1.472948,-5.6373,-3.7725,-2.3219,7.170
1.477850,-6.7155,-3.9558,-2.1172,8.076
1.482840,-8.0528,-4.2503,-2.0971,9.344
1.487882,-9.6136,-4.6474,-2.2280,10.908
1.497143,-11.1569,-5.2671,-2.2761,12.546
1.497747,-12.5938,-5.9896,-2.1360,14.108
1.504140,-13.9703,-6.5776,-1.8227,15.548
1.507704,-15.2844,-7.1599,-1.5822,16.952
1.512665,-16.5923,-7.9033,-1.4250,18.434
1.517510,-17.9648,-8.6964,-1.4198,20.009
1.522956,-18.7778,-10.0050,-2.0722,21.378
1.527622,-19.4300,-11.2212,-2.7377,22.604
1.532663,-20.8318,-11.6313,-1.8501,23.931
1.538005,-21.0829,-12.5935,-1.3281,24.594
1.554860,-20.0403,-14.2002,-1.6057,24.614
1.555581,-17.9819,-16.3037,-1.9366,24.350
1.556021,-15.5178,-18.2840,-2.4297,24.104
1.559319,-13.2497,-19.7574,-3.4416,24.037
1.566226,-11.0018,-20.4848,-4.6757,23.718
1.572418,-8.2184,-20.3064,-6.1288,22.748
1.572893,-4.7067,-19.5200,-8.2301,21.701
1.577595,-0.5783,-18.2113,-11.1360,21.354
1.582407,4.3050,-16.1504,-14.3703,22.043
1.587285,10.3725,-13.1688,-17.7143,24.389
1.592950,17.5103,-9.7946,-20.7108,28.835
1.597446,25.0550,-6.2848,-22.5959,34.319
1.602507,31.9994,-2.6045,-23.1308,39.570
1.607206,36.8694,1.3092,-22.4673,43.195
1.612663,39.8035,4.3717,-20.6976,45.076
1.618195,41.4051,6.0500,-18.7926,45.871
1.622721,40.9929,6.6413,-16.7491,44.778
1.627117,39.0155,6.4972,-14.3538,42.077
1.632415,35.9759,5.8425,-12.0884,38.400
1.637320,31.7104,5.2662,-9.9173,33.640
1.642194,26.4875,4.9705,-7.6854,28.024
1.647345,21.3768,4.5901,-5.5619,22.560
1.652241,16.8803,4.0278,-3.9935,17.808
1.657103,13.2937,3.3971,-2.8147,14.007
1.662413,10.5263,2.7208,-1.8905,11.035
1.668529,8.2104,2.0441,-1.1644,8.541
1.672074,6.0029,1.3778,-0.5807,6.186
1.677233,3.8114,0.7726,-0.0859,3.890
1.682034,1.7630,0.2590,0.2722,1.803
1.687386,-0.2497,-0.2134,0.4885,0.589
1.695433,-2.1928,-0.7541,0.5925,2.393
1.696938,-3.8840,-1.2004,0.6219,4.113
1.701997,-5.3855,-1.6434,0.5278,5.655
1.707069,-6.5562,-2.0014,0.3240,6.863
1.712055,-7.2880,-2.3730,0.1058,7.665
1.717230,-7.7540,-2.7915,-0.0601,8.241
1.721917,-7.9563,-3.0860,-0.2233,8.537
1.726905,-7.8527,-3.2960,-0.3857,8.525
1.732600,-7.4919,-3.4753,-0.5871,8.280
1.737177,-6.8995,-3.6344,-0.9050,7.851
1.742205,-6.2957,-3.8514,-1.3233,7.498
1.746864,-5.7195,-3.9640,-1.6804,7.159
1.751762,-5.2222,-3.9827,-2.0355,6.876
1.756574,-4.7450,-3.8795,-2.2697,6.536
1.761988,-4.2677,-3.8175,-2.4173,6.215
1.767024,-3.8573,-3.7205,-2.3874,5.867
1.771612,-3.4481,-3.6463,-2.2337,5.493
1.776424,-3.1172,-3.5138,-2.0368,5.120
1.781501,-2.8830,-3.3806,-1.8008,4.794
1.786776,-2.6779,-3.2995,-1.6017,4.541
1.795105,-2.5306,-3.1893,-1.3673,4.295
1.796963,-2.4416,-3.0644,-1.1589,4.086
1.801427,-2.4141,-2.8821,-0.9818,3.886
1.806347,-2.4635,-2.6520,-0.8548,3.719
1.811547,-2.5755,-2.3695,-0.8116,3.593
1.817110,-2.6644,-2.0778,-0.7999,3.472
1.821506,-2.6823,-1.7769,-0.8584,3.330
1.826410,-2.5962,-1.5148,-0.8969,3.137
1.831955,-2.4723,-1.2768,-0.9691,2.946
1.836225,-2.3008,-1.1061,-1.0086,2.745
1.841864,-1.9904,-0.9977,-0.9872,2.436
1.846349,-1.5883,-0.9420,-0.8906,2.050
1.851580,-1.0983,-0.9867,-0.7862,1.673
1.856830,-0.6916,-1.0072,-0.6545,1.386
1.861308,-0.3579,-0.9318,-0.5250,1.128
1.867163,-0.0771,-0.7703,-0.4021,0.872
1.871328,0.1944,-0.6328,-0.2858,0.721
1.876176,0.4619,-0.5862,-0.1763,0.767
1.881213,0.6976,-0.5872,-0.0781,0.915
1.886584,0.8157,-0.6025,0.0187,1.014
1.896464,0.9842,-0.5169,0.1137,1.118
1.896807,1.0838,-0.3883,0.1404,1.160
1.901143,1.1290,-0.2644,0.1132,1.165
1.906052,1.0576,-0.1691,0.1135,1.077
1.911111,0.9411,-0.1071,0.0931,0.952
1.916885,0.7553,-0.0019,0.0764,0.759
1.921129,0.6196,0.0415,0.1249,0.633
1.925974,0.4953,0.0995,0.2154,0.549
1.931794,0.3774,0.1482,0.3338,0.525
1.935982,0.2943,0.1350,0.3752,0.496
1.941085,0.2457,0.1269,0.4693,0.545
1.945939,0.2067,0.0807,0.5783,0.619
1.950947,0.1919,0.0157,0.6440,0.672
1.955845,0.1433,-0.0872,0.6577,0.679
1.960954,0.0608,-0.1659,0.7010,0.723
1.965822,0.0018,-0.2253,0.7070,0.742
1.971434,0.0474,-0.2749,0.7286,0.780
1.976341,0.0682,-0.3341,0.7472,0.821
1.981001,0.0361,-0.4076,0.7380,0.844
1.986572,-0.0584,-0.4475,0.6778,0.814
1.995985,-0.1820,-0.4252,0.5997,0.757
1.996349,-0.2873,-0.4221,0.5373,0.741
2.000627,-0.5087,-0.4145,0.5721,0.871
2.005561,-0.6170,-0.3832,0.5752,0.926
2.010972,-0.6934,-0.3617,0.6227,1.000
2.015603,-0.7528,-0.3120,0.6722,1.056
2.020814,-0.7380,-0.3203,0.7093,1.072
2.025611,-0.7349,-0.2763,0.6954,1.049
2.031227,-0.7295,-0.2710,0.6354,1.005
2.036362,-0.6788,-0.2184,0.5723,0.914
2.040496,-0.5873,-0.1566,0.5200,0.800
2.045752,-0.4405,-0.1575,0.4692,0.663
2.050550,-0.3433,-0.1444,0.4677,0.598
2.055371,-0.2139,-0.1172,0.4769,0.536
2.060499,-0.0857,-0.0952,0.4539,0.472
2.065332,0.0180,-0.0783,0.4416,0.449
2.070551,0.1596,-0.1093,0.4061,0.450
2.075330,0.2534,-0.1118,0.3714,0.463
2.080268,0.2517,-0.1048,0.3324,0.430
2.085518,0.2648,-0.0978,0.2989,0.411
2.090380,0.2353,-0.0431,0.2897,0.376
2.095865,0.2348,0.0306,0.2761,0.364
2.100305,0.2395,0.1091,0.1809,0.319
2.105145,0.2589,0.1014,0.1049,0.297
2.110223,0.2020,0.1177,0.0046,0.234
2.115172,0.1646,0.0960,-0.1153,0.223
2.120250,0.1705,0.1079,-0.0970,0.224
2.125065,0.1572,0.1726,-0.0697,0.244
2.130371,0.1536,0.2470,-0.0002,0.291
2.135186,0.1978,0.2687,0.0211,0.334
2.140168,0.4342,0.2138,0.2868,0.563
2.145268,0.6377,0.1683,0.5340,0.849
2.150355,0.5161,0.2136,0.6432,0.852
2.155666,0.3995,0.2538,0.7201,0.862
2.160145,0.3408,0.2410,0.6976,0.813
2.165007,0.2968,0.2327,0.6189,0.725
2.170368,0.4163,0.1571,0.7908,0.907
2.175165,0.5795,0.0812,1.1658,1.304
2.180396,0.5903,0.1339,1.2653,1.403
2.185003,0.5058,0.1861,1.1895,1.306
2.190753,0.4078,0.1949,1.0101,1.107
2.196980,0.4538,0.1413,0.7698,0.905
2.204300,0.5244,0.1403,0.4778,0.723
2.204894,0.4472,0.2065,0.0852,0.500
2.209943,0.1549,0.3016,-0.2794,0.439
2.215242,-0.1330,0.3394,-0.5541,0.663
2.220046,-0.3786,0.3011,-0.7441,0.887
2.225209,-0.4910,0.1675,-0.8495,0.995
2.229949,-0.5519,0.0870,-0.8513,1.018
2.234866,-0.5663,0.0452,-0.7970,0.979
2.239832,-0.6062,0.0370,-0.6956,0.923
2.244765,-0.6955,0.0142,-0.3021,0.758
2.250008,-0.6044,-0.1096,0.1928,0.644
2.254763,-0.4910,-0.2386,0.5939,0.807
2.259740,-0.4027,-0.3108,0.8392,0.981
2.264677,-0.4161,-0.3741,0.8766,1.040
2.269775,-0.4305,-0.3710,0.8304,1.006
2.275473,-0.4124,-0.3590,0.6859,0.877
2.279744,-0.4526,-0.3138,0.4376,0.703
2.284672,-0.3738,-0.2927,0.1851,0.510
2.289633,-0.2908,-0.2764,-0.0239,0.402
2.294970,-0.1554,-0.2266,-0.1465,0.311
2.303706,0.0326,-0.2150,-0.1211,0.249
2.304534,0.1157,-0.2225,-0.0961,0.269
2.309545,0.2707,-0.2155,-0.0855,0.356
2.315215,0.3305,-0.1463,-0.0655,0.367
2.319799,0.4340,-0.1057,-0.0650,0.451
2.325259,0.5190,-0.0986,-0.1077,0.539
2.329483,0.5858,-0.0195,-0.1172,0.598
2.334351,0.6007,0.0548,-0.1560,0.623
2.339529,0.5638,0.1341,-0.2435,0.629
2.344415,0.5227,0.1562,-0.2986,0.622
2.349935,0.5446,0.1738,-0.3405,0.665
2.354308,0.5288,0.2156,-0.3932,0.693
2.359366,0.4850,0.2291,-0.4570,0.705
2.364269,0.4419,0.2237,-0.4073,0.641
2.369375,0.3796,0.2426,-0.2919,0.537
2.375152,0.3317,0.2233,-0.2207,0.457
2.379671,0.2599,0.2186,-0.1933,0.391
2.384137,0.2695,0.1901,-0.1618,0.367
2.389584,0.2985,0.0948,-0.1930,0.368
2.395197,0.2254,0.0139,-0.1135,0.253
2.403953,0.2148,0.0003,-0.0634,0.224
2.404213,0.1708,-0.0037,-0.0279,0.173
2.409194,0.1366,-0.0267,-0.0071,0.139
2.414139,0.0738,-0.0353,0.0136,0.083
2.419127,0.0160,-0.1103,0.0247,0.114
2.424522,-0.0130,-0.0946,0.0836,0.127
2.429045,-0.1040,-0.0791,0.1188,0.177
2.433897,-0.1994,-0.1209,0.1256,0.265
2.438985,-0.2280,-0.1007,0.1565,0.294
2.443938,-0.2713,-0.1283,0.1588,0.340
2.449481,-0.3197,-0.1320,0.1950,0.397
2.453916,-0.3399,-0.1502,0.1839,0.415
2.459060,-0.3272,-0.1493,0.1972,0.410
2.464032,-0.3245,-0.1011,0.1920,0.390
2.469261,-0.3366,-0.0962,0.1112,0.367
2.473918,-0.3679,-0.0915,0.0220,0.380
2.479048,-0.3949,-0.0251,-0.0331,0.397
2.485634,-0.5220,-0.0637,-0.0689,0.530
2.488936,-0.6871,-0.1355,-0.0613,0.703
2.494424,-0.5714,-0.0689,-0.0534,0.578
2.499828,-0.4474,0.0208,-0.1026,0.460
2.503751,-0.3627,0.0765,-0.1373,0.395
2.508838,-0.2926,0.0843,-0.1242,0.329
2.513862,-0.1657,0.1254,-0.1068,0.234
2.518978,-0.0728,0.2185,-0.1516,0.276
2.523696,0.0152,0.2730,-0.1633,0.318
2.529122,0.1129,0.3509,-0.1040,0.383
2.533573,0.1775,0.3571,-0.0267,0.400
2.538828,0.1997,0.3871,0.0306,0.437
2.544508,0.1941,0.4169,0.1157,0.474
2.548612,0.1699,0.3848,0.1858,0.460
2.553586,0.1511,0.4052,0.2411,0.495
2.558764,0.0707,0.3874,0.3342,0.517
2.563523,-0.0042,0.3126,0.3700,0.484
2.568604,-0.0978,0.2859,0.3870,0.491
2.573435,-0.1436,0.2544,0.3902,0.487
2.578866,-0.1803,0.1993,0.3321,0.427
2.585880,-0.2124,0.1968,0.2465,0.380
2.588553,-0.1926,0.1799,0.1478,0.302
2.596967,-0.1494,0.1536,0.0930,0.234
2.598536,-0.1305,0.1038,0.0575,0.176
2.603375,-0.0974,0.0876,-0.0014,0.131
2.608467,-0.0121,0.0479,0.0161,0.052
2.613416,0.0301,-0.0153,0.0812,0.088
2.618513,0.0246,-0.0067,0.1316,0.134
2.623335,0.0528,-0.0315,0.2010,0.210
2.628471,0.1192,-0.1037,0.2419,0.289
2.633180,0.1285,-0.1898,0.2738,0.357
2.638186,0.0856,-0.1659,0.3062,0.359
2.643323,0.0384,-0.2185,0.3342,0.401
2.648208,-0.0563,-0.2328,0.3485,0.423
2.653120,-0.1172,-0.2328,0.2635,0.371
2.658257,-0.1449,-0.2188,0.1942,0.326
2.663212,-0.2061,-0.2192,0.1355,0.330
2.668351,-0.1676,-0.2008,0.0586,0.268
2.673464,-0.1537,-0.1730,-0.0509,0.237
2.678386,-0.0927,-0.1739,-0.2166,0.293
2.686550,-0.0417,-0.1556,-0.3293,0.367
2.688051,0.0138,-0.1943,-0.3847,0.431
2.698502,0.0312,-0.1422,-0.4122,0.437
2.698906,0.0772,-0.1236,-0.4451,0.468
2.703134,0.1380,-0.1523,-0.6933,0.723
2.708197,0.2664,-0.1513,-1.6082,1.637
2.713049,0.3569,-0.0831,-1.5643,1.607
2.718049,0.3049,-0.0482,-0.6960,0.761
2.722880,0.3300,-0.0801,0.0701,0.347
2.728193,0.3509,-0.0977,0.2701,0.453
2.733021,0.3203,-0.2056,0.2508,0.456
2.737997,0.2334,-0.2509,0.2608,0.431
2.742886,0.1237,-0.2152,0.3141,0.400
2.747916,0.0289,-0.1562,0.3773,0.409
2.752997,0.0014,-0.0741,0.3838,0.391
2.757998,0.0453,-0.0309,0.4434,0.447
2.763043,0.0270,-0.0310,0.5367,0.538
2.768273,0.0230,-0.0076,0.6637,0.664
2.772707,0.0188,0.1009,0.6243,0.633
2.777935,-0.1093,0.0563,0.4672,0.483
2.785888,-0.2416,0.0216,0.2304,0.335
2.787801,-0.2782,0.0396,-0.2290,0.362
2.797235,-0.2482,0.0485,-0.6057,0.656
2.797739,-0.2043,0.0102,-0.8059,0.831
