0.002484,-0.0602,0.0654,-0.0945,0.130
0.002820,-0.0283,0.0751,-0.3142,0.324
0.007748,0.0465,0.0473,-0.4962,0.501
0.015923,0.0166,-0.0224,-0.4745,0.475
0.017228,0.1014,0.0514,-0.3545,0.372
0.022524,0.2100,0.1392,-0.3176,0.405
0.027208,0.2281,0.1885,-0.2057,0.360
0.032505,0.2992,0.0996,-0.1426,0.346
0.037168,0.3516,0.0684,-0.1133,0.376
0.042364,0.3237,0.0088,0.0064,0.324
0.047175,0.3060,-0.0222,0.1355,0.335
0.052213,0.3465,-0.0246,0.2545,0.431
0.057421,0.7924,-0.0607,0.4642,0.920
0.062240,0.4372,0.1358,0.4926,0.673
0.067018,0.2320,0.2497,0.4266,0.546
0.072075,0.2516,0.2248,0.3709,0.501
0.077008,0.1993,0.1572,0.3066,0.398
0.082409,0.1285,0.1188,0.2333,0.292
0.087286,0.1007,0.1328,0.2465,0.298
0.092499,0.0868,0.1799,0.3501,0.403
0.096841,0.0342,0.1267,0.4298,0.449
0.102414,0.0241,0.1022,0.4957,0.507
0.108972,0.0656,0.0870,0.5479,0.559
0.112087,0.0638,0.0574,0.5769,0.583
0.117131,0.0663,0.0420,0.5594,0.565
0.122225,0.0921,0.0026,0.5384,0.546
0.126735,0.0790,0.0013,0.5042,0.510
0.131953,0.0467,-0.0240,0.4474,0.450
0.137269,0.0475,-0.0112,0.4103,0.413
0.142056,0.0527,-0.0175,0.2836,0.289
0.146818,0.0292,0.0047,0.1771,0.180
0.151805,0.0437,-0.0161,0.1143,0.123
0.156761,0.0531,-0.0224,0.0805,0.099
0.162539,0.0337,-0.0190,0.0372,0.054
0.166752,0.0335,-0.0109,0.0035,0.035
0.171694,0.0381,-0.0218,-0.0060,0.044
0.176570,0.0331,-0.0041,-0.0061,0.034
0.181669,0.0472,-0.0246,-0.0109,0.054
0.187110,0.0519,-0.0117,-0.0155,0.055
0.192184,0.0378,0.0105,-0.0058,0.040
0.196535,-0.0046,-0.0149,-0.0153,0.022
0.201636,-0.0083,-0.0164,-0.0531,0.056
0.210588,-0.0497,-0.0463,-0.0671,0.095
0.211895,-0.1335,-0.0568,-0.1145,0.185
0.216609,-0.2023,-0.0530,-0.1665,0.267
0.223179,-0.2183,-0.0633,-0.1948,0.299
0.226580,-0.2723,-0.0591,-0.1805,0.332
0.231671,-0.3402,-0.0738,-0.1524,0.380
0.236844,-0.3983,-0.0693,-0.1437,0.429
0.241872,-0.4276,-0.0459,-0.0971,0.441
0.246438,-0.4663,-0.0226,-0.0271,0.468
0.251478,-0.4669,-0.0375,0.0043,0.468
0.256409,-0.4819,-0.0238,0.0638,0.487
0.262380,-0.5015,-0.0387,0.1088,0.515
0.267013,-0.5165,-0.0156,0.1585,0.541
0.271417,-0.5601,-0.0308,0.2985,0.635
0.276622,-0.5895,-0.0272,0.4337,0.732
0.282070,-0.6239,-0.0477,0.5880,0.859
0.287394,-0.6823,-0.0732,0.6902,0.973
0.292259,-0.6694,-0.0753,0.7601,1.016
0.296265,-0.6092,-0.1064,0.7691,0.987
0.301458,-0.5401,-0.1422,0.6747,0.876
0.310470,-0.4855,-0.1306,0.5725,0.762
0.311848,-0.5068,-0.1382,0.4144,0.669
0.316362,-0.4847,-0.1551,0.2572,0.570
0.323544,-0.4669,-0.1480,0.1342,0.508
0.326354,-0.4676,-0.1407,0.0495,0.491
0.331142,-0.4679,-0.1760,-0.0118,0.500
0.337002,-0.4156,-0.1870,-0.0497,0.458
0.342022,-0.4204,-0.2214,-0.0500,0.478
0.346113,-0.4154,-0.2601,-0.0464,0.492
0.351098,-0.4343,-0.2698,-0.0193,0.512
0.356051,-0.4388,-0.2984,-0.0162,0.531
0.362112,-0.4531,-0.3268,0.0249,0.559
0.366184,-0.4869,-0.3075,0.0661,0.580
0.370996,-0.4880,-0.3075,0.0313,0.578
0.375938,-0.4710,-0.3360,0.0067,0.579
0.381199,-0.4790,-0.3454,0.0163,0.591
0.387069,-0.4833,-0.4024,0.0028,0.629
0.391355,-0.5269,-0.4069,0.0237,0.666
0.395806,-0.6100,-0.4449,0.1410,0.768
0.401367,-0.6186,-0.4592,0.2305,0.804
0.406339,-0.6196,-0.4785,0.2736,0.829
0.416807,-0.6328,-0.4934,0.2950,0.855
0.417177,-0.6342,-0.5135,0.3187,0.876
0.420781,-0.6333,-0.5195,0.3113,0.876
0.425740,-0.6253,-0.5355,0.3492,0.894
0.430963,-0.6153,-0.5565,0.3082,0.885
0.435815,-0.6123,-0.5489,0.3027,0.876
0.440837,-0.6173,-0.5324,0.3048,0.870
0.445876,-0.6249,-0.5257,0.2806,0.863
0.451009,-0.6591,-0.5239,0.3064,0.896
0.455720,-0.6485,-0.4748,0.3484,0.876
0.461848,-0.5555,-0.4688,0.4255,0.842
0.465784,-0.4414,-0.4199,0.4271,0.744
0.470706,-0.3367,-0.3001,0.4601,0.644
0.475545,-0.2116,-0.2476,0.4899,0.588
0.481298,-0.0946,-0.2095,0.5168,0.566
0.485433,0.0096,-0.1192,0.6167,0.628
0.490808,0.1342,-0.0246,0.7182,0.731
0.496049,0.2992,0.0458,0.8161,0.870
0.500568,0.5250,0.1206,1.0036,1.139
0.505496,0.7458,0.2378,1.1702,1.408
0.510370,0.9528,0.3306,1.2929,1.640
0.515981,1.1606,0.3706,1.3584,1.825
0.527946,1.3842,0.4344,1.3290,1.967
0.528329,1.6161,0.4839,1.2845,2.120
0.530302,1.7591,0.6094,1.1853,2.207
0.535359,1.8007,0.7192,1.0295,2.195
0.540441,1.8385,0.8201,0.8435,2.183
0.545222,1.8439,0.9551,0.7173,2.197
0.550502,1.8172,1.0384,0.7216,2.214
0.555345,1.8225,1.0748,0.7053,2.230
0.560263,1.8435,1.1503,0.6102,2.257
0.565505,1.8769,1.2742,0.6107,2.349
0.570409,1.9996,1.3698,0.6056,2.498
0.575196,2.0922,1.4324,0.6375,2.614
0.580804,2.3033,1.4284,0.6774,2.794
0.585193,2.5100,1.4340,0.7325,2.982
0.590311,2.6727,1.4300,0.8498,3.148
0.595197,2.7499,1.4449,0.9412,3.246
0.600225,2.8275,1.4499,0.9825,3.326
0.605099,2.9584,1.4399,1.0216,3.445
0.610056,3.1429,1.4388,1.1157,3.632
0.614981,3.3673,1.4509,0.9376,3.785
0.622915,3.5553,1.4186,0.7914,3.909
0.625298,3.6691,1.4517,0.5790,3.988
0.630116,3.6512,1.4498,0.2900,3.939
0.634999,3.6547,1.4319,-0.0147,3.925
0.640753,3.7037,1.4218,-0.2977,3.978
0.645102,3.7977,1.4241,-0.5750,4.096
0.649987,3.8427,1.4287,-0.8406,4.185
0.654844,3.7712,1.3786,-1.0672,4.155
0.659929,3.6404,1.3026,-1.1933,4.046
0.664795,3.5893,1.1817,-1.3576,4.015
0.670127,3.6657,1.0018,-1.5314,4.097
0.674764,3.6722,0.8542,-1.5704,4.084
0.679771,3.5835,0.7338,-1.5988,3.992
0.684825,3.5419,0.5406,-1.5487,3.903
0.690028,3.4467,0.3517,-1.6207,3.825
0.695477,3.3122,0.1627,-1.8284,3.787
0.700372,3.1433,-0.0929,-2.1090,3.786
0.704648,2.9949,-0.3806,-2.2365,3.757
0.709604,2.8190,-0.6577,-2.3365,3.720
0.714940,2.4741,-0.8851,-2.3878,3.551
0.721168,2.1129,-1.1102,-2.4132,3.394
0.724449,1.7537,-1.2704,-2.5075,3.313
0.729506,1.4629,-1.4612,-2.6168,3.335
0.734541,1.1606,-1.6961,-2.7676,3.447
0.739767,0.8569,-1.9659,-2.9423,3.641
0.744814,0.5059,-2.2841,-3.0810,3.869
0.749527,0.1788,-2.5694,-3.0443,3.988
0.754468,-0.1968,-2.5827,-3.0514,4.003
0.759642,-0.6748,-2.7882,-3.3406,4.403
0.764510,-1.1538,-3.1519,-3.5612,4.894
0.769774,-1.6053,-3.4917,-3.7534,5.372
0.774359,-2.2160,-3.6838,-3.9450,5.835
0.779307,-2.7628,-3.8389,-4.1266,6.277
0.784268,-3.2909,-3.9813,-4.4561,6.822
0.789521,-3.9074,-4.1022,-4.7570,7.398
0.794881,-4.3969,-4.2409,-5.0874,7.950
0.799317,-4.7656,-4.4068,-5.3396,8.405
0.804236,-5.2331,-4.5008,-5.5235,8.840
0.809279,-5.7191,-4.5667,-5.5540,9.187
0.814524,-6.0575,-4.5625,-5.3981,9.309
0.823650,-6.2638,-4.5321,-5.1422,9.285
0.824317,-6.4790,-4.5196,-4.8718,9.281
0.829185,-6.7359,-4.6398,-4.6350,9.401
0.834445,-7.3052,-4.7646,-4.4116,9.774
0.839481,-8.1978,-4.8851,-4.1103,10.390
0.848429,-8.9900,-5.1740,-3.9173,11.088
0.849149,-9.8129,-5.4592,-3.6788,11.817
0.860167,-10.6337,-5.7407,-3.2019,12.501
0.860738,-11.4909,-6.1240,-2.5700,13.272
0.866334,-12.3649,-6.4981,-1.7500,14.078
0.869343,-12.9313,-6.9334,-1.1241,14.716
0.874071,-13.3246,-7.5905,-0.9595,15.365
0.878979,-13.7401,-8.3513,-1.3708,16.137
0.883877,-14.0518,-9.2643,-2.2224,16.977
0.888959,-14.2530,-10.2932,-3.2497,17.879
0.893906,-14.2107,-11.2654,-4.1612,18.606
0.898993,-13.7103,-12.1815,-4.9513,18.997
0.905923,-12.6699,-13.1182,-5.4422,19.032
0.908984,-11.1595,-13.9805,-5.8010,18.805
0.914219,-9.3995,-14.5275,-6.0338,18.325
0.918846,-7.4561,-14.6737,-6.2417,17.603
0.923839,-5.4672,-14.4337,-6.7198,16.834
0.928849,-3.5593,-13.9520,-7.6368,16.299
0.934006,-1.5692,-13.3840,-8.9583,16.182
0.938791,0.6719,-12.4615,-10.4514,16.278
0.943803,3.6620,-10.8572,-12.0509,16.629
0.948924,7.9610,-8.7088,-13.8938,18.228
0.953813,13.7549,-6.2548,-15.6486,21.753
0.958972,20.5652,-3.4541,-17.0093,26.910
0.963727,27.3213,-0.3138,-17.9985,32.719
0.968680,32.9994,3.2892,-18.6886,38.066
0.974851,37.3149,6.2222,-18.9004,42.289
0.986474,39.6732,8.1106,-18.5972,44.560
0.987054,39.3575,9.1574,-17.2402,43.933
0.988560,36.8284,9.5542,-14.9550,40.881
0.993359,32.8942,9.3388,-12.1164,36.277
0.998609,28.8467,8.5113,-9.0880,31.419
1.007256,25.1190,7.4333,-6.5159,26.994
1.008722,21.5440,6.0219,-4.8078,22.881
1.019204,18.2479,4.3663,-3.9356,19.171
1.019630,15.2604,2.8799,-3.3296,15.883
1.023745,12.6299,1.5248,-2.7323,13.012
1.028385,10.1139,0.2051,-2.0914,10.330
1.033496,7.6523,-0.9720,-1.6917,7.897
1.038493,5.3990,-2.0538,-1.3831,5.940
1.043513,3.3712,-3.0784,-1.2867,4.743
1.048534,1.4653,-3.9874,-1.3670,4.463
1.053823,-0.4510,-4.6711,-1.3974,4.896
1.058784,-2.1188,-5.2307,-1.7083,5.896
1.063369,-3.4205,-5.9150,-2.4306,7.252
1.068767,-5.3932,-6.2969,-3.2564,8.907
1.073254,-7.1218,-6.7881,-4.1815,10.690
1.081517,-8.6475,-7.2900,-5.0687,12.394
1.083385,-10.5273,-7.5997,-5.6559,14.162
1.092599,-13.1632,-7.5343,-5.7434,16.218
1.092975,-16.3940,-7.5339,-5.7542,18.938
1.099421,-19.4305,-7.9798,-5.4469,21.700
1.103292,-22.0667,-8.3310,-4.4498,24.003
1.108282,-24.5033,-8.6351,-2.7973,26.130
1.114215,-26.6604,-9.1779,-0.7991,28.207
1.118595,-27.6984,-10.1468,0.9850,29.515
1.123714,-27.6053,-11.5113,2.2986,29.997
1.128092,-27.0718,-13.0052,2.8182,30.166
1.133062,-26.2993,-14.5939,2.1571,30.154
1.138048,-25.3031,-16.1935,0.3910,30.044
1.143180,-23.8679,-17.6667,-2.0932,29.769
1.148304,-21.5576,-18.9771,-5.0136,29.155
1.154648,-18.7288,-19.9040,-7.8906,28.446
1.158066,-15.5835,-20.2519,-10.5862,27.660
1.165251,-12.1917,-20.2117,-12.8813,26.890
1.168008,-8.5390,-19.8950,-14.4606,26.035
1.173446,-4.9568,-19.0185,-15.3939,24.965
1.178379,-1.6669,-17.6073,-15.8935,23.778
1.182959,1.2310,-15.9199,-16.1265,22.694
1.187828,3.7244,-14.0246,-16.0091,21.607
1.193580,5.7674,-11.6869,-15.7498,20.443
1.198441,8.3214,-9.1254,-15.5536,19.860
1.207381,11.7268,-6.3457,-15.9596,20.797
1.208282,15.7854,-3.3027,-16.6770,23.199
1.216943,20.8279,-0.3800,-17.5053,27.210
1.218123,26.0094,1.9662,-18.0162,31.701
1.222723,30.1902,3.3730,-17.7619,35.190
1.228035,32.5875,4.3903,-16.2161,36.663
1.232768,33.1557,5.2812,-13.2299,36.086
1.238934,32.3984,5.8577,-9.6828,34.318
1.242683,30.5108,6.1179,-5.9924,31.690
1.248016,28.2374,5.9778,-2.7686,28.996
1.254418,25.5526,5.5637,-0.2569,26.153
1.257620,22.4095,5.2805,1.7440,23.089
1.262521,18.9259,5.2153,3.0311,19.864
1.267457,15.5990,5.1853,3.5562,16.819
1.272617,12.7212,5.1144,3.5782,14.170
1.281837,10.1153,4.8661,3.3321,11.709
1.282906,7.7620,4.5112,2.8042,9.405
1.287402,5.6722,4.0747,2.1525,7.308
1.293067,3.8953,3.5624,1.5494,5.501
1.297683,2.4187,2.9224,0.9994,3.923
1.304999,1.1409,2.2956,0.5391,2.620
1.307550,0.2197,1.5496,0.2061,1.579
1.313584,-0.5132,0.7298,-0.1980,0.914
1.317223,-1.1322,-0.0395,-0.6647,1.314
1.322338,-1.6783,-0.9157,-1.1188,2.215
1.327837,-2.0296,-1.8272,-1.5854,3.158
1.332325,-2.6237,-2.5769,-2.0787,4.224
1.337201,-3.4137,-3.1622,-2.4364,5.252
1.342417,-3.8421,-3.7263,-2.7248,6.006
1.347305,-4.2180,-4.1267,-2.8682,6.561
1.353070,-4.5626,-4.3265,-2.8760,6.914
1.357333,-4.7578,-4.4656,-2.7718,7.089
1.362384,-4.8024,-4.4737,-2.5347,7.036
1.367256,-4.6960,-4.3810,-2.2097,6.792
1.372183,-4.5562,-4.3035,-1.9533,6.565
1.378378,-4.3444,-4.1893,-1.7029,6.271
1.382421,-3.9260,-4.0826,-1.4633,5.850
1.387158,-3.4823,-3.9170,-1.2683,5.392
1.392448,-3.0852,-3.7746,-1.2087,5.023
1.397132,-2.7160,-3.6507,-1.2385,4.716
1.402151,-2.4089,-3.5075,-1.3726,4.471
1.407327,-2.1344,-3.3690,-1.4975,4.260
1.416006,-1.8916,-3.1876,-1.5759,4.028
1.417232,-1.6753,-2.9826,-1.6426,3.795
1.422524,-1.3948,-2.7640,-1.7370,3.550
1.434379,-1.0520,-2.5743,-1.8319,3.330
1.435326,-0.6328,-2.4519,-1.9086,3.171
1.439806,-0.3474,-2.3489,-2.0058,3.108
1.441918,-0.1607,-2.3176,-2.0902,3.125
1.446943,-0.0491,-2.1764,-2.0282,2.975
1.451755,-0.0409,-2.0545,-1.8822,2.787
1.456849,-0.0447,-1.9233,-1.7483,2.600
1.461835,0.0059,-1.7924,-1.5205,2.350
1.466904,0.1462,-1.6568,-1.2802,2.099
1.471943,0.2660,-1.5547,-1.1320,1.941
1.476865,0.3755,-1.3999,-0.8983,1.705
1.482318,0.4897,-1.3647,-0.6982,1.609
1.486717,0.5661,-1.3481,-0.5361,1.557
1.492191,0.5374,-1.2499,-0.4251,1.425
1.496715,0.5204,-1.1226,-0.3129,1.276
1.501568,0.5526,-0.9853,-0.2470,1.156
1.506860,0.6199,-0.9479,-0.2752,1.166
1.519387,0.6031,-0.9672,-0.3833,1.203
1.519769,0.6126,-0.9950,-0.5330,1.284
1.521643,0.6476,-1.0220,-0.6521,1.374
1.526770,0.5902,-1.1001,-0.8272,1.498
1.531597,0.3483,-1.1723,-1.0725,1.627
1.536547,-0.0882,-1.2914,-1.1967,1.763
1.542028,-0.4516,-1.4047,-1.3437,1.996
1.546699,-0.7766,-1.4745,-1.5423,2.271
1.551504,-1.1559,-1.5347,-1.6730,2.548
1.556745,-1.6076,-1.6473,-1.7554,2.895
1.561476,-2.0526,-1.7938,-1.8853,3.314
1.566530,-2.5066,-2.0417,-1.9819,3.792
1.571427,-3.0233,-2.3530,-1.8966,4.275
1.576409,-3.6228,-2.6563,-1.7973,4.839
1.581616,-4.2543,-2.8761,-1.6694,5.400
1.586572,-5.0617,-3.0847,-1.4029,6.091
1.591973,-6.1099,-3.3885,-1.0693,7.068
1.596348,-7.4355,-3.7170,-0.7166,8.344
1.601919,-9.0031,-4.0956,-0.4405,9.901
1.606278,-10.9423,-4.4926,-0.1499,11.830
1.616033,-13.1818,-5.0437,0.0491,14.114
1.616493,-15.2508,-5.7123,0.2043,16.287
1.621125,-16.9237,-6.5032,0.5723,18.139
1.631810,-18.1757,-7.3629,0.8956,19.631
1.637924,-18.9925,-8.4096,1.2917,20.811
1.638753,-19.5487,-9.5921,1.6629,21.839
1.640980,-19.8762,-11.1013,1.7496,22.833
1.648321,-19.6998,-12.7008,1.3070,23.476
1.651320,-19.0576,-14.3591,0.4540,23.866
1.658658,-18.0453,-15.8329,-0.8304,24.021
1.662684,-16.8673,-17.1015,-2.9829,24.205
1.666646,-15.6546,-17.9842,-5.9612,24.577
1.670966,-14.1806,-18.3992,-9.2939,25.020
1.675992,-12.3390,-18.4730,-12.7378,25.608
1.680915,-10.1053,-18.1435,-15.5814,25.963
1.686538,-6.9131,-17.5743,-17.3862,25.670
1.691278,-2.8415,-16.8284,-18.3213,25.039
1.696112,1.1428,-15.6183,-18.5424,24.271
1.700839,4.8976,-14.0056,-18.2899,23.551
1.706644,8.2675,-12.0713,-17.6953,22.961
1.715697,12.2218,-9.3973,-17.4925,23.317
1.716225,17.7760,-6.1664,-18.0904,26.101
1.721545,23.7149,-2.8495,-19.3496,30.740
1.726105,29.2110,0.4789,-20.5837,35.738
1.731564,34.5370,3.3005,-21.7788,40.964
1.739634,38.3379,4.9690,-22.5817,44.771
1.740660,39.3217,5.3791,-22.1248,45.438
1.745637,37.0532,5.1978,-20.0901,42.468
1.750728,32.3728,4.8116,-16.7485,36.765
1.755671,27.3965,4.0917,-13.1812,30.677
1.761499,22.8063,2.9735,-9.9464,25.058
1.765657,18.6199,2.0064,-6.9133,19.963
1.773491,14.8529,1.5643,-4.4952,15.597
1.775619,11.4816,1.3649,-3.0374,11.955
1.785029,8.6898,1.2048,-2.6296,9.159
1.785539,6.6144,0.8636,-2.8904,7.270
1.790443,4.9390,0.3235,-3.1926,5.890
1.795421,3.4011,-0.1374,-3.0815,4.591
1.800359,1.9448,-0.4898,-2.5421,3.238
1.805920,0.6214,-0.8277,-1.7356,2.021
1.816011,-0.4224,-1.1403,-0.8410,1.479
1.816409,-1.2311,-1.5841,0.1248,2.010
1.820303,-1.9850,-2.0878,0.7469,2.976
1.825300,-2.7502,-2.5089,1.2372,3.923
1.830431,-3.5348,-2.8772,1.6201,4.837
1.835444,-4.2211,-3.1460,1.8260,5.572
1.840801,-4.8052,-3.3894,1.8146,6.154
1.845364,-5.0676,-3.6850,1.5014,6.443
1.850515,-5.6085,-3.5845,1.3162,6.785
1.855351,-5.6490,-3.5873,0.9702,6.762
1.860377,-5.4628,-3.7041,0.5151,6.620
1.865306,-5.3688,-3.8212,0.0129,6.590
1.870165,-5.3044,-3.8772,-0.4350,6.585
1.875255,-5.1432,-3.7920,-0.6843,6.426
1.880241,-5.0387,-3.6433,-0.7357,6.261
1.885481,-4.9046,-3.5371,-0.8583,6.108
1.890631,-4.7073,-3.4309,-0.9949,5.909
1.895132,-4.5633,-3.3352,-1.0741,5.753
1.900643,-4.4744,-3.1972,-1.1987,5.628
1.905213,-4.3606,-3.0654,-1.4218,5.517
1.910002,-4.1353,-2.9205,-1.6732,5.332
1.915377,-3.8794,-2.8296,-1.9500,5.183
1.919886,-3.6446,-2.7445,-2.2343,5.080
1.924981,-3.4066,-2.7227,-2.3927,4.974
1.930019,-3.1108,-2.6969,-2.5418,4.839
1.935104,-2.8526,-2.6429,-2.5958,4.676
1.940044,-2.6214,-2.5657,-2.4738,4.424
1.945091,-2.3539,-2.4938,-2.2427,4.098
1.950279,-1.9770,-2.3747,-2.0461,3.706
1.955070,-1.5280,-2.1604,-1.8258,3.215
1.960383,-1.1347,-1.9611,-1.5775,2.761
1.964921,-0.7480,-1.7432,-1.3097,2.305
1.969868,-0.5395,-1.5306,-1.0656,1.941
1.974955,-0.4079,-1.2994,-0.7828,1.571
1.979852,-0.3340,-1.0831,-0.5764,1.272
1.984882,-0.3366,-0.9581,-0.4318,1.104
1.989866,-0.3729,-0.8333,-0.3356,0.973
1.994779,-0.3711,-0.7038,-0.2445,0.832
2.001019,-0.4030,-0.6606,-0.1729,0.793
2.010519,-0.3920,-0.5838,-0.0781,0.707
2.016614,-0.3812,-0.5404,0.0446,0.663
2.016856,-0.3563,-0.4969,0.1617,0.632
2.019932,-0.3606,-0.4869,0.2735,0.665
2.024689,-0.3843,-0.5343,0.4236,0.783
2.029775,-0.4277,-0.5052,0.6457,0.925
2.034754,-0.5195,-0.4861,0.8832,1.134
2.039722,-0.5305,-0.4674,1.0402,1.258
2.044563,-0.4032,-0.4299,1.1126,1.259
2.049804,-0.2901,-0.4168,1.1290,1.238
2.054768,-0.2103,-0.3849,1.0701,1.157
2.059475,-0.1729,-0.3148,0.9836,1.047
2.064685,-0.2253,-0.2498,0.9125,0.973
2.069673,-0.2339,-0.1897,0.9087,0.957
2.074614,-0.2178,-0.1057,0.8671,0.900
2.079585,-0.1960,-0.0649,0.8737,0.898
2.084431,-0.2259,-0.0433,0.8807,0.910
2.089435,-0.1925,-0.0075,0.7972,0.820
2.094803,-0.1723,0.0045,0.6089,0.633
2.099255,-0.2420,0.0071,0.5160,0.570
2.104302,-0.3015,0.0434,0.4755,0.565
2.109264,-0.3127,0.0895,0.3624,0.487
2.114603,-0.3049,0.1358,0.3060,0.453
2.127242,-0.2108,0.1393,0.2916,0.386
2.127595,-0.1356,0.0952,0.2239,0.279
2.129300,-0.0937,0.0754,0.2318,0.261
2.134357,-0.0563,0.0703,0.2677,0.282
2.139241,-0.0525,0.0415,0.3175,0.324
2.144473,-0.0729,0.0462,0.3910,0.400
2.149083,-0.1368,0.0173,0.4646,0.485
2.154237,-0.1054,-0.0023,0.5774,0.587
2.159065,-0.1371,-0.0031,0.6673,0.681
2.164201,-0.1219,-0.0283,0.7254,0.736
2.169661,-0.1700,-0.0255,0.7229,0.743
2.174428,-0.2385,-0.0472,0.7079,0.749
2.178953,-0.2988,-0.0742,0.6802,0.747
2.184191,-0.3031,-0.0636,0.6543,0.724
2.189315,-0.3140,-0.0776,0.6349,0.713
2.194607,-0.2643,-0.1017,0.5932,0.657
2.198962,-0.0913,-0.1406,0.4908,0.519
2.203952,0.0809,-0.1415,0.4234,0.454
2.209340,0.1859,-0.1571,0.2947,0.382
2.214192,0.2769,-0.1105,0.1809,0.349
2.223712,0.3297,-0.0687,0.0628,0.343
2.224084,0.4117,0.0018,-0.0556,0.415
2.228817,0.4514,0.0439,-0.1459,0.476
2.233861,0.5017,0.0385,-0.2516,0.563
2.239624,0.5626,0.0192,-0.2962,0.636
2.244474,0.5434,0.0004,-0.2892,0.616
2.248647,0.5207,-0.0276,-0.2591,0.582
2.253646,0.4797,-0.0936,-0.2343,0.542
2.258725,0.4394,-0.0542,-0.2050,0.488
2.263755,0.4140,-0.0387,-0.1758,0.451
2.268648,0.3938,-0.0806,-0.1610,0.433
2.273999,0.3547,-0.0890,-0.2226,0.428
2.278583,0.2580,-0.0591,-0.2363,0.355
2.283684,0.1131,-0.0675,-0.3120,0.339
2.288933,0.0631,-0.0761,-0.3111,0.326
2.293586,-0.0121,-0.0990,-0.2764,0.294
2.298599,-0.0645,-0.0936,-0.1885,0.220
2.305752,0.2516,-0.1893,0.1598,0.353
2.308605,0.5677,-0.2667,0.6832,0.927
2.318612,0.4380,-0.1775,0.9218,1.036
2.319059,0.0481,0.0735,0.7890,0.794
2.323473,-0.2139,0.1082,0.6197,0.664
2.328312,0.0885,-0.0971,0.9317,0.941
2.333483,0.9863,-0.3033,1.7501,2.032
2.338616,1.2157,-0.1466,2.1741,2.495
2.344659,0.5748,0.4019,1.4691,1.628
2.348458,0.5187,0.5051,0.9652,1.207
2.353415,0.5495,0.3983,0.3645,0.770
2.358518,0.4380,0.3789,-0.1814,0.607
2.363444,0.3567,0.4328,-0.7408,0.929
2.368320,0.3964,0.4163,-0.9696,1.127
2.373507,0.2406,0.4205,-1.0068,1.117
2.378325,-0.0490,0.3827,-0.8707,0.952
2.383369,-0.1423,0.2644,-0.6753,0.739
2.388287,-0.1831,0.0894,-0.5250,0.563
2.393365,-0.2437,-0.0086,-0.3898,0.460
2.398492,-0.3724,-0.0014,-0.3023,0.480
2.404040,-0.5504,0.0150,-0.2569,0.608
2.408131,-0.6202,-0.0409,-0.2534,0.671
2.413147,-0.6634,-0.0972,-0.2723,0.724
2.418032,-0.6705,-0.1874,-0.2993,0.758
2.423150,-0.6940,-0.2013,-0.2866,0.777
2.427995,-0.6048,-0.2158,-0.2916,0.705
2.433177,-0.4742,-0.2354,-0.2379,0.580
2.438223,-0.3737,-0.2601,-0.1399,0.476
2.443210,-0.3173,-0.3044,-0.0023,0.440
2.448292,-0.2375,-0.3298,0.1606,0.437
2.453047,-0.1625,-0.3461,0.3485,0.517
2.458179,-0.0401,-0.3676,0.5763,0.685
2.463176,0.0349,-0.3655,0.6619,0.757
2.467885,0.1390,-0.3159,0.6479,0.734
2.473002,0.1672,-0.2186,0.5531,0.618
2.478013,0.1483,-0.1356,0.4389,0.483
2.483066,0.1771,-0.0473,0.2648,0.322
2.487788,0.1778,0.0263,0.1769,0.252
2.493325,0.1841,0.0189,0.1741,0.254
2.498012,0.2150,0.0736,0.1943,0.299
2.507648,0.2369,0.0900,0.2660,0.367
2.508196,0.2025,0.1016,0.3513,0.418
2.520483,0.1740,0.0845,0.4314,0.473
2.520834,0.1363,0.0815,0.5070,0.531
2.522852,0.1134,0.0784,0.5115,0.530
2.527577,0.1244,0.0846,0.4598,0.484
2.532753,0.1643,0.1571,0.3901,0.452
2.537631,0.2187,0.2005,0.2832,0.410
2.542652,0.2592,0.2436,0.0866,0.366
2.547576,0.3099,0.2629,-0.0855,0.415
2.552679,0.3614,0.2729,-0.2386,0.512
2.557642,0.3855,0.2738,-0.3162,0.569
2.562801,0.4061,0.2847,-0.3760,0.622
2.567474,0.4279,0.2342,-0.3657,0.610
2.572627,0.4224,0.1941,-0.3476,0.580
2.577743,0.3709,0.1641,-0.3122,0.512
2.582682,0.3164,0.0920,-0.2402,0.408
2.587382,0.2538,-0.0221,-0.1838,0.314
2.592816,0.1497,-0.0686,-0.1378,0.215
2.597375,0.0803,-0.0957,-0.0829,0.150
2.604905,-0.0217,-0.1083,-0.0428,0.118
2.607435,-0.1230,-0.1350,-0.0267,0.185
2.613413,-0.2050,-0.1569,-0.0057,0.258
2.617356,-0.3107,-0.1928,-0.0322,0.367
2.622623,-0.3498,-0.1857,-0.0965,0.408
2.627211,-0.3705,-0.1406,-0.1175,0.413
2.632364,-0.3775,-0.1197,-0.1242,0.415
2.637258,-0.3853,-0.1225,-0.1024,0.417
2.642280,-0.3510,-0.0589,-0.0762,0.364
2.647145,-0.2413,-0.0384,-0.0266,0.246
2.652470,-0.1470,0.0294,-0.0014,0.150
2.657126,-0.1200,0.0398,0.0567,0.139
2.662264,-0.0741,-0.0260,0.1666,0.184
2.667079,-0.0236,-0.0201,0.2235,0.226
2.672226,-0.0257,0.0047,0.3374,0.338
2.677421,-0.0276,-0.0136,0.4271,0.428
2.682379,-0.0198,0.0252,0.3786,0.380
2.687002,-0.0213,0.0445,0.3452,0.349
2.692403,0.0012,0.0731,0.2980,0.307
2.697084,0.0047,0.0729,0.2608,0.271
2.704915,-0.0058,0.0870,0.2192,0.236
2.707167,-0.0017,0.0866,0.1592,0.181
2.713212,-0.0165,0.0720,0.1234,0.144
2.716900,-0.0024,0.0718,0.0878,0.113
2.722035,-0.0120,0.0478,0.0383,0.062
2.727653,-0.0500,0.0620,-0.0773,0.111
2.731997,-0.0351,0.0239,-0.0876,0.097
2.736781,-0.0534,-0.0188,-0.0833,0.101
2.742350,-0.0765,-0.0279,-0.0455,0.093
2.746794,-0.1140,-0.0702,-0.0028,0.134
2.752310,-0.1516,-0.0982,-0.0075,0.181
2.756807,-0.2182,-0.0832,-0.0117,0.234
2.761924,-0.2613,-0.0970,-0.0345,0.281
2.766680,-0.2857,-0.1012,-0.0475,0.307
2.771775,-0.2868,-0.0435,-0.0414,0.293
2.777419,-0.2267,-0.0529,-0.0448,0.237
2.781964,-0.1483,-0.0575,-0.0481,0.166
2.786651,-0.1324,-0.0620,0.0011,0.146
2.792232,-0.1120,-0.0429,0.0644,0.136
2.796607,-0.0775,-0.0478,0.0613,0.110
2.806313,-0.1099,-0.0148,0.0443,0.119
2.807139,-0.0994,-0.0249,0.0276,0.106
2.815733,-0.0845,0.0079,-0.0316,0.091
2.816788,-0.0459,-0.0117,-0.2763,0.280
2.821564,0.0312,-0.0303,-1.1393,1.140
2.826590,0.2035,0.0615,-1.4859,1.501
2.831654,0.3133,0.1200,-0.7914,0.860
2.836454,0.3610,0.0877,-0.0839,0.381
2.841525,0.4377,0.0079,0.2435,0.501
2.846594,0.4576,-0.0526,0.3416,0.573
2.852386,0.4163,-0.0513,0.4020,0.581
2.856460,0.2948,-0.0502,0.4438,0.535
2.861948,0.1884,0.0076,0.4151,0.456
2.866364,0.1493,0.1073,0.3353,0.382
2.871455,0.2011,0.0161,0.2901,0.353
2.876300,0.1765,0.0538,0.1407,0.232
2.881497,0.1093,0.1342,-0.0363,0.177
2.886371,0.0475,0.1571,-0.1988,0.258
2.891979,0.0861,0.2041,-0.2521,0.336
