0.002100,-0.0289,0.1052,-0.7252,0.733
0.004849,-0.0075,0.0946,-0.7282,0.734
0.010016,0.0472,0.0656,-0.6951,0.700
0.017314,0.1257,0.0801,-0.6641,0.681
0.021445,0.1758,0.0759,-0.6303,0.659
0.024922,0.2454,0.0912,-0.5554,0.614
0.029621,0.3252,0.0878,-0.5684,0.661
0.035088,0.2528,-0.0289,-0.6309,0.680
0.039830,0.0957,-0.1773,-0.8661,0.889
0.044716,0.0880,0.0798,-0.6254,0.637
0.049731,0.1240,0.0782,-0.3442,0.374
0.054728,0.1983,-0.0045,-0.1026,0.223
0.059705,0.2730,-0.0485,0.0659,0.285
0.065427,0.2955,-0.0830,0.1960,0.364
0.069629,0.3185,-0.0559,0.2834,0.430
0.074877,0.2466,-0.0483,0.3379,0.421
0.080059,0.1947,-0.0508,0.4361,0.480
0.084921,0.1334,0.0033,0.4495,0.469
0.089466,0.0488,-0.0241,0.4828,0.486
0.094507,0.0023,-0.0991,0.4456,0.457
0.099605,-0.0970,-0.0408,0.5003,0.511
0.108858,-0.1347,0.0833,0.6127,0.633
0.109645,-0.1874,0.0112,0.5162,0.549
0.114522,-0.1883,-0.0607,0.5121,0.549
0.119747,-0.1900,-0.0849,0.5999,0.635
0.125337,-0.1782,-0.0429,0.6409,0.667
0.129338,-0.1483,-0.0063,0.5973,0.616
0.134365,-0.1238,-0.0132,0.5222,0.537
0.139959,-0.0715,-0.0441,0.4724,0.480
0.144385,-0.0959,-0.0702,0.3951,0.413
0.149279,-0.1157,-0.0820,0.3049,0.336
0.154338,-0.1262,-0.0558,0.2635,0.297
0.159225,-0.1273,-0.0632,0.1894,0.237
0.164278,-0.1526,-0.0799,0.1443,0.225
0.169344,-0.1112,-0.0680,0.1376,0.190
0.174347,-0.1181,-0.0893,0.1116,0.185
0.179301,-0.1347,-0.0962,0.1240,0.207
0.184438,-0.1276,-0.1127,0.1937,0.258
0.189124,-0.1350,-0.1196,0.2203,0.285
0.194069,-0.1333,-0.1265,0.2568,0.316
0.199666,-0.1413,-0.1432,0.2652,0.333
0.204139,-0.1779,-0.1218,0.2928,0.364
0.209181,-0.2002,-0.1626,0.2927,0.390
0.213965,-0.1988,-0.2080,0.1983,0.349
0.218893,-0.2834,-0.1582,0.1482,0.357
0.224411,-0.3490,-0.1564,0.1178,0.400
0.229395,-0.3624,-0.1499,0.0405,0.394
0.234024,-0.4145,-0.1196,-0.0412,0.433
0.238809,-0.4671,-0.1418,-0.1028,0.499
0.243896,-0.4964,-0.1971,-0.0878,0.541
0.250787,-0.5219,-0.1806,-0.0916,0.560
0.254255,-0.5436,-0.1690,-0.0571,0.572
0.259624,-0.5138,-0.1624,0.0204,0.539
0.267356,-0.4899,-0.1320,0.0023,0.507
0.268899,-0.5009,-0.1543,0.0424,0.526
0.273849,-0.5227,-0.2003,0.0830,0.566
0.278981,-0.5409,-0.2223,0.1574,0.606
0.283948,-0.5557,-0.2253,0.2417,0.647
0.288850,-0.5624,-0.2143,0.3408,0.692
0.293686,-0.4989,-0.1891,0.3779,0.654
0.298640,-0.5045,-0.1217,0.4687,0.699
0.304136,-0.5352,-0.0788,0.4982,0.735
0.308734,-0.5720,-0.0839,0.4383,0.725
0.313638,-0.5484,-0.0463,0.4654,0.721
0.319139,-0.4743,-0.0090,0.4219,0.635
0.323841,-0.4440,0.0045,0.4216,0.612
0.329702,-0.3875,0.0223,0.5560,0.678
0.333688,-0.2945,0.0303,0.6670,0.730
0.338492,-0.1602,0.0333,0.7694,0.787
0.343965,-0.0655,0.0264,0.9301,0.933
0.351347,-0.0096,0.0667,1.1249,1.127
0.354335,0.0038,0.1301,1.3102,1.317
0.358783,-0.0030,0.1401,1.4550,1.462
0.364002,0.0565,0.1637,1.6161,1.625
0.368465,-0.0182,0.1722,1.8365,1.845
0.373801,-0.1699,0.2135,2.0544,2.072
0.379360,-0.2988,0.2443,2.2086,2.242
0.383496,-0.4240,0.2272,2.3462,2.395
0.388321,-0.5285,0.2047,2.3753,2.442
0.393361,-0.5073,0.1965,2.3527,2.415
0.398248,-0.5088,0.2641,2.2791,2.350
0.404159,-0.4992,0.2646,2.1597,2.232
0.408311,-0.4737,0.2890,2.0089,2.084
0.413331,-0.3404,0.3233,1.7862,1.847
0.418235,-0.0829,0.3958,1.4908,1.545
0.423338,0.2577,0.4400,1.0395,1.158
0.428244,0.5581,0.4849,0.6789,1.004
0.433550,0.8523,0.5571,0.3567,1.079
0.438149,1.1384,0.6254,0.0682,1.301
0.443545,1.3847,0.7043,-0.1564,1.561
0.448177,1.6087,0.7934,-0.3178,1.822
0.454197,1.8167,0.8497,-0.3904,2.043
0.458216,2.0137,0.9782,-0.3701,2.269
0.463103,2.2622,1.0448,-0.3912,2.522
0.468033,2.4910,1.0733,-0.4109,2.743
0.474466,2.7060,1.0733,-0.4744,2.950
0.478143,2.9115,1.1065,-0.4821,3.152
0.483238,3.1034,1.1965,-0.4986,3.363
0.490116,3.2391,1.2858,-0.5910,3.535
0.493159,3.3430,1.3216,-0.7456,3.671
0.501274,3.5014,1.3231,-1.0159,3.879
0.502939,3.6186,1.2713,-1.3558,4.068
0.507831,3.7575,1.1898,-1.7063,4.295
0.513189,3.7604,1.1361,-1.9019,4.365
0.517823,3.7473,1.0861,-2.0623,4.413
0.522885,3.6896,1.1113,-2.0913,4.384
0.527967,3.6546,1.1448,-2.1131,4.374
0.533152,3.6170,1.1723,-2.1898,4.388
0.537656,3.5650,1.1411,-2.3498,4.420
0.542806,3.5498,0.9802,-2.5841,4.499
0.547630,3.5760,0.8095,-2.9265,4.691
0.552800,3.5527,0.6532,-3.2007,4.826
0.557772,3.5326,0.4733,-3.4549,4.964
0.562675,3.4033,0.3612,-3.5878,4.958
0.567537,3.3893,0.3356,-3.6157,4.967
0.572749,3.4981,0.2248,-3.6238,5.042
0.577567,3.6439,0.0152,-3.5496,5.087
0.582851,3.8179,-0.2113,-3.4976,5.182
0.589943,3.9440,-0.5498,-3.5335,5.324
0.592815,3.9616,-0.9419,-3.3243,5.257
0.600970,3.6243,-1.1438,-3.0589,4.879
0.602493,3.1050,-1.3224,-2.8580,4.422
0.607468,2.6514,-1.5395,-2.5288,3.974
0.612471,2.1807,-1.7853,-2.3136,3.646
0.617422,1.7059,-2.0021,-2.1483,3.396
0.622470,1.2310,-2.2383,-2.1348,3.329
0.627506,0.7156,-2.4646,-1.9499,3.223
0.632810,0.1731,-2.7387,-1.7348,3.247
0.637617,-0.3259,-2.9176,-1.9337,3.515
0.642450,-0.7302,-3.0113,-2.2494,3.829
0.647393,-1.2230,-3.1160,-2.5385,4.201
0.652279,-1.8526,-3.2328,-2.8870,4.714
0.657412,-2.5114,-3.3654,-3.2692,5.322
0.662400,-3.0666,-3.5151,-3.6277,5.909
0.667309,-3.5485,-3.6871,-3.9206,6.447
0.672430,-4.1215,-3.8917,-4.1301,7.014
0.677391,-4.8491,-4.1680,-4.2377,7.671
0.682239,-5.6107,-4.4078,-4.0570,8.208
0.687078,-6.1301,-4.5962,-3.7335,8.523
0.691954,-6.7177,-4.7737,-3.2994,8.877
0.697477,-7.3945,-4.9991,-2.6776,9.319
0.702167,-8.1621,-5.1303,-1.8007,9.807
0.707170,-9.0749,-5.2982,-1.0356,10.559
0.712559,-10.0351,-5.4136,-0.4429,11.411
0.717294,-11.0645,-5.6259,0.0019,12.413
0.722073,-12.1378,-5.9936,0.2573,13.539
0.727002,-13.3834,-6.5269,0.4445,14.897
0.732104,-14.9096,-7.0732,0.4985,16.510
0.739300,-16.2983,-7.7228,0.3744,18.039
0.741916,-17.2221,-8.4819,0.1604,19.198
0.746811,-17.8840,-9.4326,0.0884,20.219
0.752002,-18.2082,-10.6313,0.0060,21.085
0.757140,-18.1699,-12.0296,-0.2231,21.792
0.762550,-17.7519,-13.6783,-0.4721,22.415
0.766850,-17.0400,-15.3449,-0.7591,22.943
0.774102,-16.0878,-16.8865,-1.2341,23.356
0.777045,-14.6195,-18.3793,-1.8817,23.560
0.786825,-13.0068,-19.6609,-2.8704,23.748
0.787581,-11.5258,-20.3141,-4.3909,23.765
0.792042,-9.9836,-20.6988,-6.4852,23.878
0.797494,-8.1791,-20.8282,-9.0641,24.143
0.802009,-6.1300,-20.2785,-11.7594,24.230
0.806702,-3.6410,-19.0668,-14.1024,23.993
0.813532,-0.7026,-17.7403,-15.7998,23.767
0.816923,2.6630,-16.1072,-16.8238,23.443
0.822788,6.7403,-13.3862,-17.6077,23.123
0.826554,12.2948,-9.8315,-19.5603,25.108
0.831807,19.7099,-6.0485,-22.8362,30.766
0.838804,27.6699,-2.2881,-25.7491,37.867
0.841655,34.2551,1.4611,-27.4733,43.936
0.846505,38.6433,4.9699,-27.8454,47.889
0.851457,40.7577,7.5156,-27.0318,49.481
0.856821,40.1653,8.4356,-24.9538,48.032
0.864550,36.7718,8.1239,-21.2849,43.257
0.866465,31.8976,7.3082,-16.6900,36.735
0.871778,27.1470,6.4132,-12.2922,30.483
0.876352,22.8479,5.5555,-8.4390,24.982
0.881639,19.0341,4.6854,-5.6346,20.396
0.888442,15.5151,3.6684,-4.0005,16.437
0.891852,12.4786,2.7779,-2.9290,13.115
0.896455,10.0747,2.2237,-1.9911,10.508
0.901413,8.4200,1.7725,-0.9584,8.658
0.906266,7.6109,1.2243,-0.0253,7.709
0.911904,7.2348,0.5883,0.6957,7.292
0.916323,6.7852,-0.0687,1.1887,6.889
0.921479,6.3055,-0.8258,1.2570,6.482
0.926206,5.5604,-1.8455,0.9282,5.932
0.931330,4.1034,-2.9274,0.4054,5.057
0.936273,2.0800,-3.8360,-0.0610,4.364
0.941246,0.1899,-4.7622,-0.5268,4.795
0.946094,-1.6814,-5.7390,-1.0850,6.078
0.951143,-3.7896,-6.6129,-1.4991,7.768
0.956147,-6.0222,-7.2340,-1.9322,9.609
0.962399,-8.0529,-7.7419,-2.4788,11.443
0.966289,-10.0955,-8.3110,-3.1572,13.452
0.971260,-12.6938,-8.7674,-3.6126,15.845
0.976154,-16.0261,-8.7185,-3.6391,18.604
0.981565,-19.8978,-8.7102,-3.6200,22.020
0.986165,-23.5182,-8.9855,-3.4696,25.414
0.991608,-26.1268,-9.4048,-2.6685,27.896
0.998733,-27.9180,-9.7753,-1.4567,29.616
1.001374,-28.9869,-10.3472,-0.2527,30.779
1.006473,-28.9941,-11.7169,0.7328,31.281
1.011104,-27.6116,-13.5585,1.2404,30.786
1.015962,-25.9122,-15.0256,1.1757,29.976
1.023137,-24.1879,-16.5274,0.1059,29.295
1.026061,-22.2893,-18.0416,-1.7534,28.730
1.035995,-20.3685,-19.2498,-4.1330,28.329
1.037776,-18.6159,-20.0265,-6.8054,28.177
1.041324,-16.3202,-20.4887,-9.4213,27.837
1.045935,-13.4921,-20.6179,-11.6665,27.262
1.051058,-10.2471,-20.4015,-13.3871,26.466
1.055840,-6.7556,-19.9575,-14.4412,25.544
1.061075,-3.3325,-19.1381,-14.9051,24.485
1.065948,0.4986,-17.2978,-15.3023,23.100
1.073927,3.4601,-15.2377,-15.6055,22.084
1.076347,5.6631,-12.8969,-16.2454,21.501
1.081880,8.7099,-10.1032,-17.1364,21.716
1.085778,12.5369,-6.9452,-18.0977,23.085
1.091277,17.3910,-3.8379,-18.8917,25.963
1.095967,22.9393,-0.9338,-19.6400,30.213
1.101328,28.1604,1.6244,-19.9721,34.562
1.105629,32.1318,3.9774,-19.4809,37.786
1.110942,34.5098,5.7777,-17.8491,39.280
1.115795,35.2557,6.8256,-15.0389,38.932
1.120771,34.7046,7.2411,-11.4177,37.245
1.125728,33.0415,7.2702,-7.6736,34.691
1.132170,30.4715,7.0086,-4.0937,31.534
1.135617,27.1851,6.7575,-0.8665,28.026
1.141516,23.7761,6.7287,1.7269,24.770
1.150262,20.4464,6.7844,3.4745,21.821
1.150768,17.2490,6.4973,4.2179,18.909
1.155386,14.4123,5.9893,4.3455,16.201
1.161121,11.7956,5.5667,4.0743,13.665
1.165668,9.4776,5.0330,3.4375,11.268
1.175324,7.5053,4.1723,2.5816,8.967
1.175710,5.7611,3.1248,1.6968,6.770
1.180366,4.2337,2.1116,0.9497,4.825
1.185450,2.7726,1.1338,0.2693,3.008
1.191049,1.4331,0.2663,-0.3161,1.492
1.195445,0.2655,-0.6048,-0.8798,1.100
1.200380,-0.8333,-1.4572,-1.4022,2.187
1.205468,-1.8659,-2.2809,-1.8680,3.489
1.210215,-2.6585,-3.0183,-2.2044,4.587
1.215168,-3.3342,-3.6886,-2.5643,5.595
1.220730,-3.9305,-4.2485,-2.8975,6.473
1.225283,-4.4213,-4.7580,-3.1709,7.228
1.230268,-4.8393,-5.2217,-3.3210,7.856
1.235151,-5.1588,-5.5738,-3.3539,8.302
1.240234,-5.4737,-5.8254,-3.2514,8.629
1.248234,-5.6806,-5.8441,-3.0531,8.703
1.250272,-5.6894,-5.7181,-2.9162,8.577
1.255060,-5.5744,-5.5495,-2.6426,8.298
1.260011,-5.4540,-5.4304,-2.2697,8.024
1.265222,-5.2036,-5.2519,-1.8411,7.619
1.270304,-4.8891,-5.0054,-1.2948,7.116
1.274992,-4.4430,-4.7494,-0.7411,6.546
1.280778,-3.9806,-4.5084,-0.4096,6.028
1.284927,-3.4436,-4.3160,-0.1523,5.524
1.290299,-2.8803,-4.1149,-0.0079,5.023
1.295518,-2.3891,-3.9196,-0.0633,4.591
1.299910,-2.0116,-3.7109,-0.1760,4.225
1.304988,-1.7798,-3.4649,-0.3570,3.912
1.311374,-1.5118,-3.1768,-0.6273,3.574
1.320250,-1.2668,-2.9420,-0.9590,3.344
1.326232,-1.0791,-2.7031,-1.3395,3.204
1.326688,-0.9814,-2.4790,-1.6460,3.133
1.329841,-0.8776,-2.2889,-1.9180,3.113
1.334649,-0.7146,-2.1134,-1.9647,2.973
1.340601,-0.5589,-1.9431,-1.9348,2.798
1.345610,-0.4156,-1.7539,-1.7655,2.523
1.349835,-0.3161,-1.5410,-1.5716,2.224
1.354768,-0.2033,-1.4431,-1.2902,1.946
1.359688,-0.0907,-1.3641,-0.9928,1.690
1.364682,-0.0307,-1.2659,-0.7307,1.462
1.370595,-0.1478,-1.1533,-0.5219,1.274
1.374530,-0.2895,-1.0457,-0.3131,1.129
1.379665,-0.3879,-0.9334,-0.0950,1.015
1.384516,-0.4675,-0.8883,0.0184,1.004
1.390232,-0.4518,-0.8098,0.0849,0.931
1.394459,-0.3931,-0.7696,0.1336,0.874
1.400205,-0.3150,-0.7436,0.1935,0.830
1.404365,-0.2709,-0.7226,0.2266,0.804
1.409522,-0.1630,-0.6246,0.2420,0.689
1.414507,-0.0347,-0.5216,0.1344,0.540
1.419561,0.0806,-0.4756,-0.1541,0.506
1.424415,0.0396,-0.4385,-0.5139,0.677
1.429583,-0.0528,-0.4344,-0.8548,0.960
1.434558,-0.1927,-0.4443,-1.1298,1.229
1.439468,-0.2206,-0.4387,-1.4215,1.504
1.444258,-0.1853,-0.4754,-1.7110,1.785
1.449369,-0.2449,-0.5447,-1.9601,2.049
1.454298,-0.3564,-0.6705,-2.1926,2.320
1.460230,-0.5295,-0.8622,-2.2170,2.437
1.464142,-0.7178,-1.0247,-2.1045,2.448
1.469310,-0.9295,-1.2198,-1.8702,2.419
1.474519,-1.1376,-1.4574,-1.6614,2.486
1.479383,-1.4147,-1.6616,-1.5534,2.679
1.484243,-1.7855,-2.0143,-1.4643,3.064
1.489706,-2.1219,-2.3772,-1.3510,3.461
1.494396,-2.5308,-2.7509,-1.2557,3.943
1.499198,-3.0078,-3.0687,-1.1313,4.443
1.504282,-3.6694,-3.4319,-1.0295,5.129
1.509617,-4.4841,-3.8795,-0.9023,5.998
1.513996,-5.4687,-4.3839,-0.7447,7.048
1.523596,-7.0186,-4.7454,-0.5372,8.489
1.524192,-8.7963,-5.1088,-0.0923,10.173
1.532487,-10.5011,-5.6959,0.3986,11.953
1.533851,-11.9162,-6.3634,0.9220,13.540
1.538915,-13.3043,-7.0781,1.3694,15.132
1.544148,-14.8040,-7.8931,1.9022,16.884
1.549327,-16.5156,-8.8032,2.5916,18.894
1.554039,-18.2518,-9.9111,3.3990,21.045
1.558936,-19.7048,-11.1881,4.5933,23.120
1.563793,-20.7278,-12.8148,5.4477,24.971
1.568928,-21.0222,-14.7366,5.5332,26.262
1.574057,-20.7702,-17.0783,5.0790,27.365
1.586481,-20.0693,-19.6286,3.9235,28.345
1.587090,-19.2412,-21.8222,2.0385,29.165
1.590046,-18.3603,-23.4925,-0.5818,29.822
1.593615,-16.8171,-24.7461,-3.8855,30.171
1.598873,-14.3942,-25.4496,-7.7226,30.241
1.605613,-11.5923,-25.2396,-11.7165,30.145
1.608830,-8.3337,-24.2456,-15.2035,29.807
1.619775,-4.4679,-22.9650,-17.9996,29.518
1.621055,-0.4888,-21.3745,-19.7521,29.108
1.632527,3.8568,-19.6145,-20.3321,28.513
1.633536,7.7528,-17.1477,-20.6555,27.943
1.634019,11.8702,-13.8902,-21.4599,28.184
1.640366,17.6067,-9.5347,-23.3280,30.742
1.643869,25.3557,-4.8465,-26.0863,36.700
1.650305,33.7235,-0.8900,-28.7378,44.316
1.657430,40.9225,2.3656,-29.5650,50.540
1.658609,45.1127,4.8592,-28.2046,53.425
1.663339,45.4417,6.1644,-24.9151,52.189
1.668465,43.0465,6.2694,-20.9725,48.292
1.673358,38.7652,5.7494,-17.1178,42.765
1.678295,33.3026,5.1819,-13.5523,36.326
1.683265,28.1325,4.6270,-10.7832,30.482
1.688325,23.4361,4.1132,-9.0256,25.449
1.693119,18.9107,3.7034,-7.9631,20.850
1.698611,14.9639,3.3430,-7.0488,16.875
1.706402,11.9161,3.1756,-5.9565,13.695
1.708191,9.6856,2.6778,-4.8420,11.155
1.713137,7.8757,1.9093,-3.8000,8.951
1.718135,6.0746,1.0534,-2.8672,6.799
1.723182,4.3158,0.2829,-2.1381,4.825
1.728765,2.5568,-0.6986,-1.6157,3.104
1.733175,0.6237,-1.9454,-1.2451,2.392
1.738357,-1.7458,-3.1367,-0.5866,3.637
1.743093,-4.2344,-3.9687,0.1514,5.805
1.748098,-6.7399,-4.3137,1.0129,8.066
1.753535,-8.1735,-4.8920,1.5913,9.658
1.758945,-9.1535,-5.5289,1.8815,10.858
1.763011,-9.7609,-5.9399,2.0619,11.611
1.767954,-10.0987,-6.2344,2.1162,12.055
1.773048,-10.2838,-6.4146,2.0835,12.298
1.778908,-10.3080,-6.3922,1.9092,12.278
1.782849,-10.0326,-6.3133,1.5295,11.952
1.788130,-9.4087,-6.0935,1.0381,11.258
1.792809,-8.5376,-5.8013,0.4093,10.330
1.798182,-7.6367,-5.5523,-0.2549,9.445
1.803419,-6.7828,-5.2656,-0.8268,8.626
1.807964,-6.0503,-4.9225,-1.3662,7.919
1.812722,-5.4041,-4.5518,-1.9229,7.323
1.817776,-4.9866,-4.1584,-2.3265,6.897
1.822677,-4.6209,-3.9241,-2.7273,6.648
1.828470,-4.3234,-3.7242,-3.0596,6.475
1.832762,-3.9076,-3.6062,-3.3447,6.282
1.837712,-3.5259,-3.4216,-3.6027,6.092
1.842634,-3.2252,-3.2471,-3.7290,5.903
1.847867,-2.8850,-3.0729,-3.7437,5.638
1.853802,-2.4904,-2.9277,-3.7192,5.348
1.857845,-2.1171,-2.7826,-3.6463,5.052
1.862732,-1.8313,-2.5992,-3.5732,4.783
1.867915,-1.6755,-2.4109,-3.4478,4.528
1.872789,-1.4864,-2.1555,-3.2085,4.141
1.880492,-1.2875,-1.8615,-2.8745,3.659
1.882702,-1.0443,-1.5913,-2.4597,3.110
1.887620,-0.7612,-1.3972,-2.0026,2.558
1.892400,-0.3697,-1.2123,-1.5642,2.013
1.897639,0.0740,-1.0029,-1.1627,1.537
1.902602,0.4607,-0.8363,-0.6871,1.176
1.907851,0.7008,-0.7219,-0.1892,1.024
1.912515,0.9100,-0.6170,0.2944,1.138
1.917549,1.0978,-0.4737,0.7109,1.391
1.922401,1.2028,-0.3593,1.0090,1.611
1.927477,1.2540,-0.2929,1.1892,1.753
1.932597,1.2754,-0.2123,1.2372,1.790
1.937490,1.2433,-0.1509,1.1098,1.673
1.942485,1.2007,-0.1327,0.9313,1.525
1.947695,1.1044,-0.0757,0.7429,1.333
1.952472,1.0211,-0.0423,0.5543,1.163
1.957553,0.9411,0.0394,0.4703,1.053
1.962268,0.8594,0.1168,0.3902,0.951
1.967369,0.7948,0.1132,0.3525,0.877
1.972174,0.7085,0.0766,0.3241,0.783
1.977342,0.6005,0.0598,0.3953,0.721
1.982232,0.4415,0.0672,0.4998,0.670
1.987294,0.2261,0.1035,0.6331,0.680
1.992068,0.0254,0.1638,0.7957,0.813
1.997265,-0.1225,0.1569,0.9208,0.942
2.002288,-0.2185,0.1210,1.0092,1.040
2.007482,-0.3338,0.0803,1.0746,1.128
2.016589,-0.4261,0.1062,1.1658,1.246
2.017435,-0.4764,0.1124,1.2734,1.364
2.026056,-0.5279,0.0939,1.3596,1.462
2.027056,-0.6046,0.0747,1.4197,1.545
2.031877,-0.6640,0.0545,1.4206,1.569
2.037063,-0.7156,0.0144,1.4335,1.602
2.041955,-0.7787,-0.0025,1.3533,1.561
2.047153,-0.7527,-0.0538,1.2134,1.429
2.051905,-0.6951,-0.1438,1.0707,1.285
2.057617,-0.6725,-0.2008,0.9153,1.153
2.061915,-0.6277,-0.2247,0.8188,1.056
2.066949,-0.6324,-0.2729,0.7807,1.041
2.071969,-0.5861,-0.2641,0.8205,1.042
2.077225,-0.4936,-0.2653,0.8518,1.020
2.081834,-0.3356,-0.2670,0.8316,0.936
2.087046,-0.2698,-0.3027,0.7504,0.853
2.091918,-0.1904,-0.3675,0.7425,0.850
2.096739,-0.0977,-0.3416,0.7020,0.787
2.101905,-0.0154,-0.2828,0.7105,0.765
2.106893,0.0709,-0.2196,0.6867,0.724
2.112986,0.1472,-0.1808,0.6493,0.690
2.117000,0.2569,-0.1374,0.5888,0.657
2.122185,0.3477,-0.0560,0.4762,0.592
2.127010,0.4340,-0.0128,0.3732,0.573
2.132203,0.4730,0.0113,0.2891,0.554
2.137462,0.5224,0.0212,0.2431,0.577
2.141779,0.5677,0.0505,0.2397,0.618
2.146668,0.5998,0.0990,0.2552,0.659
2.151565,0.5516,0.1092,0.2897,0.633
2.156699,0.4754,0.0861,0.2856,0.561
2.166534,0.3901,0.0440,0.2672,0.475
2.166861,0.2907,-0.0221,0.2680,0.396
2.171502,0.2152,-0.0736,0.2735,0.356
2.177141,0.1108,-0.1156,0.2648,0.309
2.181622,0.0587,-0.1768,0.3090,0.361
2.187024,0.0012,-0.2237,0.3442,0.410
2.191681,-0.0428,-0.1800,0.3752,0.418
2.196384,-0.0492,-0.1844,0.3828,0.428
2.201725,-0.0181,-0.1699,0.3575,0.396
2.206471,0.0650,-0.1796,0.2753,0.335
2.212011,0.1768,-0.1844,0.2124,0.332
2.216418,0.2550,-0.1175,0.1400,0.314
2.221563,0.3386,-0.0649,0.1107,0.362
2.226426,0.4132,-0.0268,0.0335,0.415
2.231378,0.4456,0.0162,0.0331,0.447
2.236772,0.5847,-0.0655,0.2345,0.633
2.241555,0.6534,-0.0326,0.4941,0.820
2.246298,0.6463,0.0476,0.6878,0.945
2.251665,0.5774,0.1513,0.6909,0.913
2.256561,0.4707,0.1827,0.7623,0.914
2.268290,0.4699,0.1418,0.8254,0.960
2.268570,0.4357,0.1055,0.6213,0.766
2.271053,0.3106,0.1028,0.3360,0.469
2.276377,0.1472,0.1098,0.1225,0.221
2.281533,0.0651,0.1170,-0.0292,0.137
2.286973,0.1362,0.1198,-0.1434,0.231
2.291979,0.1786,0.0751,-0.2153,0.290
2.296191,0.1926,0.0451,-0.2162,0.293
2.301452,0.1250,0.0870,-0.0980,0.181
2.306262,-0.1444,0.1096,0.0347,0.185
2.311976,-0.2761,-0.0164,0.1964,0.339
2.316143,-0.2893,-0.1568,0.2246,0.398
2.321026,-0.3036,-0.2065,0.1771,0.408
2.326168,-0.3047,-0.2181,0.1160,0.392
2.331606,-0.3788,-0.1534,0.0317,0.410
2.336017,-0.3965,-0.1226,-0.0038,0.415
2.340959,-0.3771,-0.1160,-0.0435,0.397
2.346004,-0.3396,-0.1191,-0.0827,0.369
2.351268,-0.3170,-0.1177,-0.0782,0.347
2.355785,-0.2807,-0.1068,-0.0877,0.313
2.361342,-0.2305,-0.1246,-0.0828,0.275
2.365940,-0.2622,-0.1329,-0.0631,0.301
2.373288,-0.2896,-0.1892,-0.0672,0.352
2.375942,-0.2261,-0.1448,-0.1241,0.296
2.384155,-0.1579,-0.0954,-0.2101,0.280
2.385728,-0.0992,-0.0507,-0.2775,0.299
2.390932,-0.0447,-0.0680,-0.3362,0.346
2.395650,0.1148,-0.0890,-0.3073,0.340
2.400493,0.1933,-0.0432,-0.2790,0.342
2.405605,0.2580,0.0214,-0.2088,0.333
2.410516,0.3046,0.0288,-0.1493,0.340
2.415626,0.3235,0.0410,-0.1001,0.341
2.420922,0.3246,0.0009,0.0009,0.325
2.425636,0.2840,-0.0817,0.0634,0.302
2.430548,0.1730,-0.0544,0.1067,0.210
2.435531,0.0919,-0.0179,0.0881,0.129
2.440433,0.0020,-0.0246,0.1318,0.134
2.445496,-0.0921,-0.0219,0.1280,0.159
2.450331,-0.2001,-0.0572,0.1341,0.248
2.455407,-0.2746,-0.0212,0.1025,0.294
2.460349,-0.2827,-0.0044,0.0616,0.289
2.465341,-0.3104,-0.0164,-0.0025,0.311
2.470986,-0.2623,0.0003,-0.0234,0.263
2.475739,-0.2198,0.0026,-0.0536,0.226
2.480762,-0.1779,0.0097,-0.0648,0.190
2.485241,-0.0890,0.0739,-0.1190,0.166
2.490639,0.0185,0.0807,-0.1781,0.196
2.495765,0.1067,0.1258,-0.2472,0.297
2.500399,0.2284,0.1471,-0.2312,0.357
2.505545,0.3218,0.1733,-0.2689,0.454
2.510525,0.3824,0.2520,-0.2219,0.509
2.515582,0.4248,0.2639,-0.2050,0.540
2.523090,0.4445,0.2618,-0.1847,0.548
2.525261,0.4177,0.2458,-0.1655,0.512
2.530142,0.3873,0.1921,-0.1329,0.452
2.535018,0.3341,0.1057,-0.1388,0.377
2.540677,0.2436,0.0723,-0.0736,0.265
2.545058,0.1159,0.0154,-0.0325,0.121
2.549876,0.0316,-0.0364,0.0372,0.061
2.554959,-0.0524,-0.0785,0.0785,0.123
2.559939,-0.0887,-0.1157,0.1631,0.219
2.565140,-0.0968,-0.1340,0.2244,0.279
2.570559,-0.1674,-0.1478,0.3149,0.386
2.575180,-0.2239,-0.1476,0.4108,0.491
2.579890,-0.2048,-0.1383,0.4119,0.480
2.585228,-0.2103,-0.1102,0.3662,0.436
2.590336,-0.1879,-0.0730,0.2929,0.356
2.595144,-0.1279,-0.0171,0.1773,0.219
2.600362,-0.0494,0.0337,0.0622,0.086
2.604843,-0.0190,0.1033,0.0187,0.107
2.609745,0.0779,0.1393,-0.0537,0.168
2.615091,0.0937,0.1229,-0.0978,0.183
2.623984,0.1050,0.1259,-0.0375,0.168
2.624841,0.1261,0.1195,0.0410,0.178
2.629655,0.1093,0.0893,0.1474,0.204
2.634824,0.0642,0.0355,0.2439,0.255
2.639708,0.0383,0.0388,0.3501,0.354
2.645356,-0.0017,0.0086,0.3947,0.395
2.649639,-0.0371,-0.0123,0.4259,0.428
2.654691,-0.0870,-0.0144,0.3917,0.402
2.660126,-0.1419,0.0261,0.3302,0.360
2.664760,-0.1497,-0.0006,0.2273,0.272
2.670277,-0.0963,0.0013,0.1065,0.144
2.674684,0.0040,0.0413,-0.0036,0.042
2.679574,0.0416,0.0714,-0.0749,0.112
2.684926,0.0553,0.0634,-0.1270,0.152
2.689580,0.0931,0.0984,-0.1744,0.221
2.695154,0.0877,0.0810,-0.2077,0.240
2.699396,0.0490,0.0165,-0.2368,0.242
2.704555,0.0157,-0.0140,-0.2853,0.286
2.709487,0.0064,0.0082,-0.3104,0.311
2.714630,-0.0026,0.0258,-0.3506,0.352
2.720114,0.0368,-0.0131,-0.9202,0.921
2.724393,0.1147,-0.0081,-1.2409,1.246
2.732712,0.1494,-0.0359,-0.6914,0.708
2.734392,0.1365,-0.0538,-0.0614,0.159
2.739254,0.2002,-0.0908,0.3030,0.374
2.746349,0.2689,-0.0851,0.4801,0.557
2.749338,0.2902,-0.0987,0.4765,0.567
2.754231,0.2260,-0.0318,0.5122,0.561
2.759188,0.1575,0.0627,0.4772,0.506
2.764461,0.0702,0.1231,0.3244,0.354
2.770103,-0.0025,0.1211,0.0969,0.155
2.774254,-0.0323,0.0814,-0.1816,0.202
2.779850,-0.0572,0.0661,-0.4495,0.458
2.784367,-0.0393,0.1178,-0.5267,0.541
2.789363,0.0306,0.1507,-0.5528,0.574
2.794260,0.0620,0.1789,-0.5471,0.579
