0.000540,0.1632,0.1381,-0.0690,0.225
0.005396,0.1876,0.1356,0.0717,0.242
0.010549,0.3784,0.0714,0.1635,0.418
0.015831,0.3496,0.1171,0.1876,0.414
0.021891,0.2837,0.1293,0.0590,0.317
0.025448,0.3045,0.0510,0.0311,0.310
0.030431,0.4259,0.0019,0.0889,0.435
0.035605,0.4426,0.0245,0.1366,0.464
0.042186,0.3743,0.0136,0.2171,0.433
0.045935,0.3642,-0.0067,0.2540,0.444
0.050681,0.3737,-0.0079,0.2574,0.454
0.059190,0.3792,-0.0518,0.2561,0.460
0.060282,0.3568,-0.0955,0.2694,0.457
0.065364,0.3352,-0.1531,0.3020,0.477
0.070810,0.2811,-0.2010,0.3017,0.459
0.075384,0.1944,-0.1439,0.2780,0.369
0.080294,0.0846,-0.1017,0.2501,0.283
0.085193,0.0084,-0.1548,0.1987,0.252
0.090416,-0.0343,-0.2027,0.1763,0.271
0.095156,-0.0534,-0.2787,0.1730,0.332
0.100271,-0.0633,-0.2732,0.1984,0.344
0.105146,-0.1211,-0.2821,0.1903,0.361
0.110571,-0.1359,-0.3194,0.1967,0.399
0.115369,-0.1702,-0.2756,0.1890,0.375
0.120119,-0.1667,-0.2988,0.2294,0.412
0.125210,-0.2066,-0.3075,0.2079,0.425
0.130082,-0.2372,-0.2925,0.1537,0.407
0.135001,-0.2203,-0.3298,0.0475,0.399
0.140379,-0.2465,-0.3144,-0.0771,0.407
0.147159,-0.2633,-0.2800,-0.1539,0.414
0.150209,-0.2849,-0.2933,-0.2211,0.465
0.154900,-0.3207,-0.2541,-0.2507,0.480
0.159959,-0.3612,-0.2672,-0.2812,0.530
0.164960,-0.3970,-0.2847,-0.3315,0.590
0.175800,-0.4519,-0.3161,-0.3067,0.631
0.176115,-0.5255,-0.3090,-0.2548,0.661
0.179819,-0.5754,-0.2923,-0.2041,0.677
0.184735,-0.5924,-0.3088,-0.1307,0.681
0.190062,-0.5960,-0.3204,-0.0059,0.677
0.194775,-0.6339,-0.3224,0.0655,0.714
0.199870,-0.6394,-0.3861,0.1367,0.759
0.204686,-0.6032,-0.4113,0.2316,0.766
0.209766,-0.5831,-0.4365,0.2794,0.780
0.214712,-0.5694,-0.4046,0.3042,0.762
0.219694,-0.5381,-0.3874,0.2729,0.717
0.224896,-0.4989,-0.4132,0.2049,0.679
0.230214,-0.4946,-0.3867,0.1480,0.645
0.234781,-0.5008,-0.3700,0.1018,0.631
0.240165,-0.4846,-0.3487,0.0044,0.597
0.245135,-0.4742,-0.3085,-0.1059,0.576
0.249826,-0.5169,-0.2877,-0.1961,0.623
0.254533,-0.5745,-0.2766,-0.2758,0.695
0.259612,-0.5568,-0.2226,-0.3457,0.692
0.264561,-0.5257,-0.1879,-0.4300,0.705
0.269544,-0.5392,-0.1722,-0.4664,0.733
0.274746,-0.5251,-0.1661,-0.4649,0.721
0.279552,-0.4933,-0.1360,-0.4116,0.657
0.284443,-0.4677,-0.1584,-0.3585,0.610
0.291913,-0.4439,-0.0712,-0.2580,0.518
0.294329,-0.4358,-0.0321,-0.1909,0.477
0.299484,-0.3822,0.0398,-0.0899,0.395
0.304571,-0.3212,0.1207,-0.0121,0.343
0.309367,-0.2428,0.1912,0.0336,0.311
0.314335,-0.1518,0.2136,0.1046,0.282
0.319336,-0.0907,0.2642,0.1105,0.300
0.324697,-0.0064,0.2904,0.0420,0.294
0.329353,0.0335,0.3592,0.0142,0.361
0.334235,0.0537,0.4416,-0.0260,0.446
0.339522,0.0449,0.4901,-0.0599,0.496
0.344682,0.0358,0.5430,-0.0590,0.547
0.349940,0.0597,0.5860,-0.0095,0.589
0.354366,0.0979,0.6003,0.0165,0.608
0.359204,0.1540,0.7001,0.0771,0.721
0.364067,0.2335,0.7705,0.1765,0.824
0.369087,0.3648,0.8168,0.2477,0.928
0.374415,0.4808,0.8769,0.3670,1.065
0.379285,0.5388,0.9937,0.5009,1.236
0.384169,0.6918,1.0764,0.6341,1.428
0.389070,0.9428,1.1300,0.7917,1.671
0.393984,1.2489,1.2119,0.9251,1.971
0.399292,1.7053,1.3191,1.0736,2.408
0.404301,2.2488,1.4783,1.1556,2.929
0.409810,2.6125,1.6081,1.2379,3.308
0.413949,2.8790,1.7658,1.2528,3.602
0.419007,3.2249,1.9036,1.2300,3.942
0.424736,3.5650,1.9831,1.1783,4.246
0.432087,3.7567,1.9996,1.0928,4.394
0.433935,3.8724,2.0632,0.9782,4.495
0.440177,3.9218,2.1067,0.8676,4.536
0.444230,3.8426,2.0827,0.7793,4.440
0.448830,3.7545,2.0819,0.6569,4.343
0.454466,3.6380,2.0424,0.5190,4.204
0.458854,3.5407,2.0360,0.4085,4.105
0.463788,3.4910,1.9622,0.3351,4.019
0.469281,3.4454,1.9073,0.2219,3.944
0.473734,3.4033,1.9049,0.1542,3.903
0.479376,3.5379,1.8304,0.1514,3.986
0.483801,3.7435,1.7510,0.0692,4.133
0.488733,3.9532,1.6428,-0.0307,4.281
0.493657,4.1390,1.5632,-0.1344,4.426
0.498770,4.3396,1.4119,-0.1755,4.567
0.504298,4.4348,1.3372,-0.2306,4.638
0.508782,4.4083,1.2958,-0.3335,4.607
0.513713,4.4367,1.2066,-0.3929,4.615
0.518550,4.4531,1.1604,-0.4085,4.620
0.523613,4.4200,1.1000,-0.3893,4.571
0.529255,4.3137,0.9587,-0.3634,4.434
0.533523,4.1616,0.7704,-0.3290,4.245
0.538494,3.8711,0.5781,-0.2142,3.920
0.543870,3.5455,0.4396,-0.1084,3.574
0.548443,3.1982,0.2738,0.0322,3.210
0.556727,2.8717,0.0235,0.0456,2.872
0.558578,2.4644,-0.2389,-0.1398,2.480
0.565131,2.2222,-0.5133,-0.3707,2.311
0.568466,2.0241,-0.8139,-0.7436,2.305
0.573361,1.8052,-1.0351,-1.1059,2.357
0.579197,1.4552,-1.2823,-1.3959,2.390
0.583588,1.2753,-1.5791,-1.5993,2.584
0.588868,1.1503,-1.8633,-1.6486,2.741
0.593414,0.7856,-1.7193,-1.6439,2.505
0.598298,0.6068,-1.9221,-1.5900,2.567
0.603252,0.6449,-2.1842,-1.4145,2.681
0.608418,0.6082,-2.2997,-1.3942,2.757
0.613226,0.4537,-2.3886,-1.5760,2.897
0.618296,0.2965,-2.6419,-1.8063,3.214
0.623422,0.0570,-2.9353,-1.9037,3.499
0.628337,-0.3462,-3.1295,-2.1215,3.797
0.633342,-0.9021,-3.2443,-2.5599,4.230
0.638205,-1.4921,-3.3565,-3.1621,4.847
0.643096,-2.0888,-3.5525,-3.8380,5.631
0.648551,-2.7744,-3.7606,-4.5844,6.546
0.653039,-3.4946,-3.9817,-5.3166,7.505
0.658066,-4.3129,-4.2105,-5.9589,8.476
0.665690,-5.2709,-4.3714,-6.6139,9.520
0.668017,-6.0733,-4.5850,-7.0724,10.389
0.675261,-6.8513,-4.8330,-7.3115,11.125
0.678018,-7.6538,-5.1255,-7.4086,11.821
0.682948,-8.3352,-5.4401,-7.2581,12.319
0.688183,-9.2970,-5.6768,-6.9415,12.917
0.693010,-10.5185,-5.8520,-6.6214,13.738
0.698002,-11.8010,-6.1155,-5.8580,14.525
0.702903,-12.8215,-6.4825,-5.0501,15.229
0.708353,-14.0476,-7.0452,-4.8619,16.450
0.712938,-16.0425,-7.3509,-4.5507,18.224
0.718080,-18.2824,-7.8999,-4.0714,20.328
0.724150,-19.5234,-8.9362,-3.5279,21.759
0.728134,-20.2096,-9.9559,-3.1080,22.742
0.736536,-20.1132,-11.3347,-3.0982,23.294
0.743763,-21.0641,-11.5647,-2.0025,24.113
0.745412,-21.1208,-12.2221,-0.9228,24.420
0.749498,-20.0915,-14.1500,-0.8320,24.588
0.752697,-19.2252,-15.7993,-0.8243,24.898
0.757748,-18.3192,-16.4916,-0.7826,24.661
0.764655,-15.8155,-18.3110,-1.3192,24.231
0.767855,-13.4635,-19.7667,-2.4174,24.038
0.772643,-12.7286,-19.2626,-3.8198,23.402
0.777673,-11.8899,-18.7305,-5.3163,22.814
0.782625,-10.2880,-18.7870,-7.2717,22.620
0.788688,-8.1134,-18.7874,-9.5228,22.572
0.792539,-5.0497,-18.3725,-11.2101,22.107
0.797544,-0.7005,-17.6072,-12.3507,21.518
0.802544,4.7649,-16.3459,-13.1204,21.495
0.807566,10.4690,-14.6881,-13.6854,22.641
0.812345,16.1484,-12.4161,-14.2070,24.835
0.817569,21.8382,-9.4421,-14.9856,28.118
0.822377,27.2700,-6.1678,-16.3316,32.379
0.827554,31.6819,-2.6546,-17.7205,36.398
0.833037,35.5164,0.3526,-18.5070,40.051
0.842328,38.5716,2.6108,-18.8602,43.015
0.842825,40.1346,4.7645,-18.2555,44.348
0.849850,40.3990,6.5836,-16.6208,44.178
0.852236,39.8478,7.8936,-14.3826,43.093
0.857364,38.5430,8.6180,-12.0697,41.298
0.863952,36.5014,8.6312,-9.9579,38.807
0.867337,33.3260,8.2787,-7.9773,35.253
0.872633,29.7654,7.7657,-6.1817,31.377
0.877289,26.5403,6.9888,-4.7181,27.848
0.882270,23.8237,5.7571,-3.6039,24.773
0.887118,21.3008,4.2957,-2.9446,21.928
0.892256,18.6309,3.0510,-2.5224,19.047
0.899024,15.9553,1.8021,-2.0558,16.188
0.902195,13.3272,0.4789,-1.6580,13.438
0.907388,10.7913,-0.9098,-1.8049,10.979
0.914168,8.3681,-2.2845,-2.5094,9.030
0.917254,6.1175,-3.7384,-3.0516,7.792
0.922043,4.0226,-5.0811,-3.3480,7.294
0.927090,2.0647,-6.1140,-3.6491,7.413
0.932457,0.3031,-6.9780,-4.0673,8.083
0.937710,-1.3430,-7.8693,-4.6186,9.223
0.942139,-2.8259,-8.7351,-5.2676,10.585
0.947234,-4.2460,-9.4134,-5.9756,11.931
0.952165,-5.6888,-9.9198,-6.5354,13.171
0.957343,-7.2452,-10.2330,-6.9896,14.355
0.962450,-8.8907,-10.4407,-7.4085,15.587
0.967085,-10.5447,-10.4880,-7.8655,16.824
0.972018,-12.7785,-10.0528,-8.5348,18.363
0.976925,-15.5741,-9.5839,-9.2916,20.512
0.981982,-17.9190,-9.4720,-10.0028,22.602
0.990695,-19.6872,-9.6374,-10.4404,24.279
0.991862,-20.8978,-9.9150,-10.0948,25.238
0.999205,-21.8881,-10.0777,-8.8467,25.669
1.001725,-22.8038,-10.2950,-7.0007,25.981
1.006836,-23.6992,-10.5924,-5.2049,26.475
1.012352,-24.3643,-10.9227,-3.7666,26.965
1.016824,-24.7158,-11.3289,-2.9451,27.348
1.021672,-24.8786,-11.9152,-2.8310,27.730
1.026706,-24.8910,-12.7651,-3.3156,28.169
1.031968,-24.4552,-14.0136,-4.4531,28.535
1.040955,-24.7751,-14.4610,-5.2344,29.160
1.041565,-23.6266,-15.3754,-6.1263,28.847
1.046477,-21.5295,-16.6511,-6.7799,28.049
1.051486,-19.3144,-17.5501,-7.1327,27.054
1.056679,-16.9825,-18.0495,-7.1352,25.790
1.062052,-14.7168,-18.2370,-6.9445,24.442
1.066613,-12.2218,-18.3346,-6.7277,23.039
1.071560,-9.3881,-18.3413,-6.7675,21.687
1.076502,-6.2709,-18.0627,-6.7778,20.286
1.081472,-2.8673,-17.5579,-6.7387,19.024
1.090864,1.2014,-16.6854,-6.8052,18.060
1.091481,6.2739,-15.3017,-6.9821,17.951
1.097480,11.7204,-13.4814,-7.8516,19.513
1.101377,17.2701,-11.0420,-9.3376,22.525
1.106769,22.7691,-8.0532,-11.2620,26.648
1.111596,27.5870,-5.1247,-13.2955,31.050
1.116463,31.7659,-2.3736,-14.8324,35.138
1.121279,34.8425,0.1007,-15.4669,38.121
1.126302,35.8455,2.8152,-14.8691,38.909
1.131941,36.6187,4.4372,-13.2871,39.207
1.137924,36.6683,5.3382,-11.8901,38.916
1.141180,35.0165,6.2631,-9.7905,36.895
1.146118,32.3286,6.9835,-7.9733,34.022
1.151146,29.1959,7.1132,-6.7349,30.795
1.156713,26.1125,6.6204,-5.9665,27.592
1.161124,23.0768,5.9240,-5.1674,24.379
1.167068,19.9872,5.2942,-4.3863,21.137
1.172018,17.0940,4.5743,-3.6091,18.060
1.176136,14.3895,3.8546,-2.8483,15.167
1.181049,12.0092,3.1194,-2.1598,12.594
1.185979,9.8978,2.4193,-1.5468,10.306
1.191111,8.0271,1.7200,-1.0868,8.281
1.198437,6.5090,1.0240,-0.7299,6.629
1.200962,5.1917,0.3535,-0.6160,5.240
1.206475,4.0547,-0.2958,-0.6487,4.117
1.210844,3.0819,-0.9517,-0.7220,3.305
1.216363,2.2099,-1.6521,-0.8742,2.894
1.220884,1.3484,-2.1799,-0.9699,2.741
1.225911,0.5729,-2.6287,-1.0266,2.880
1.230888,-0.2023,-3.0301,-1.1860,3.260
1.235878,-0.9024,-3.3840,-1.4823,3.803
1.240874,-1.6447,-3.6521,-1.8493,4.412
1.245831,-2.2690,-3.8486,-2.1351,4.952
1.250790,-2.6462,-4.0448,-2.1431,5.287
1.256023,-2.8872,-4.2139,-2.0048,5.487
1.260835,-3.1341,-4.2743,-1.7904,5.594
1.265781,-3.3445,-4.2507,-1.5609,5.629
1.270688,-3.3704,-4.1916,-1.2626,5.525
1.275745,-3.1685,-4.0452,-0.9279,5.221
1.280695,-2.9701,-3.8933,-0.6747,4.943
1.285637,-2.9045,-3.7611,-0.5472,4.783
1.290947,-2.8637,-3.6152,-0.4729,4.636
1.297356,-2.7761,-3.4657,-0.4140,4.460
1.300657,-2.6847,-3.3035,-0.4382,4.279
1.305654,-2.5510,-3.1719,-0.4792,4.099
1.310753,-2.4149,-2.9851,-0.5093,3.873
1.315539,-2.0962,-2.7963,-0.6208,3.549
1.320795,-1.8158,-2.7395,-0.8959,3.407
1.325557,-1.6835,-2.7096,-1.2396,3.422
1.330518,-1.6513,-2.6349,-1.5192,3.461
1.335692,-1.5897,-2.5588,-1.6306,3.425
1.340383,-1.5329,-2.5053,-1.5795,3.335
1.346031,-1.5313,-2.3740,-1.5527,3.224
1.350417,-1.5909,-2.1605,-1.5118,3.080
1.355389,-1.6351,-2.0420,-1.4521,2.992
1.360392,-1.6207,-1.9898,-1.3596,2.904
1.365446,-1.5806,-1.8602,-1.1243,2.687
1.370677,-1.4677,-1.6872,-0.9278,2.421
1.375353,-1.2414,-1.5326,-0.8179,2.135
1.380271,-1.0121,-1.4684,-0.8375,1.970
1.385273,-0.9373,-1.4464,-0.9433,1.965
1.390336,-0.9260,-1.4141,-0.9632,1.945
1.395594,-0.8293,-1.3523,-0.8594,1.804
1.400247,-0.7011,-1.3425,-0.7567,1.693
1.405317,-0.5632,-1.3126,-0.6594,1.573
1.410202,-0.4165,-1.2963,-0.6149,1.494
1.415237,-0.2461,-1.2981,-0.6135,1.457
1.423255,-0.1808,-1.3179,-0.5832,1.452
1.425345,-0.1582,-1.2506,-0.5621,1.380
1.432146,-0.1984,-1.2064,-0.5021,1.322
1.435203,-0.2471,-1.1802,-0.4610,1.291
1.440197,-0.3675,-1.1099,-0.4527,1.254
1.445680,-0.4641,-1.1824,-0.4485,1.347
1.449986,-0.4941,-1.2011,-0.4577,1.377
1.455105,-0.6252,-1.1808,-0.4369,1.406
1.460334,-0.8490,-1.1314,-0.4965,1.499
1.465531,-0.9962,-1.1004,-0.6078,1.604
1.470582,-1.1733,-1.0880,-0.6995,1.746
1.475074,-1.2466,-1.0753,-0.7241,1.799
1.480180,-1.2454,-1.0385,-0.7581,1.790
1.484983,-1.2511,-1.0399,-0.8302,1.826
1.490329,-1.3222,-1.0990,-0.9400,1.960
1.495584,-1.3566,-1.2200,-1.0158,2.088
1.499903,-1.3025,-1.3313,-0.8951,2.066
1.504898,-1.2270,-1.3327,-0.7018,1.943
1.509754,-1.2069,-1.3058,-0.6220,1.884
1.514818,-1.2134,-1.3177,-0.6265,1.898
1.520735,-1.2617,-1.3352,-0.7535,1.986
1.524829,-1.3648,-1.4200,-0.8783,2.156
1.529801,-1.5714,-1.5057,-1.0253,2.406
1.534778,-1.7382,-1.5588,-1.1995,2.625
1.539932,-1.8798,-1.6466,-1.4060,2.867
1.546805,-2.0633,-1.7644,-1.7024,3.205
1.550177,-2.2032,-1.9221,-2.0080,3.547
1.554549,-2.3947,-2.0908,-2.2562,3.898
1.559419,-2.5668,-2.2518,-2.5338,4.252
1.564620,-2.7679,-2.4628,-2.8315,4.663
1.570561,-3.0419,-2.7101,-3.1117,5.126
1.574993,-3.4901,-2.9988,-3.4224,5.735
1.579686,-4.1468,-3.2866,-3.7734,6.499
1.584627,-4.9603,-3.5166,-4.1841,7.381
1.589544,-5.6588,-3.7472,-4.4592,8.121
1.595579,-6.2388,-4.0266,-4.6852,8.780
1.599440,-6.8835,-4.4316,-4.6762,9.428
1.604641,-7.8381,-4.9389,-4.4813,10.291
1.609925,-8.9441,-5.6100,-4.1489,11.344
1.614438,-10.2371,-6.2732,-3.4401,12.489
1.619430,-11.7326,-6.7996,-2.5372,13.796
1.624455,-13.0686,-7.1991,-1.4884,14.994
1.629515,-14.0901,-7.6155,-0.5084,16.025
1.634299,-15.0881,-8.0684,0.2032,17.111
1.639258,-16.2123,-8.4609,0.4095,18.292
1.645363,-17.3841,-8.8660,0.1319,19.515
1.649158,-18.5774,-9.5211,-0.6343,20.885
1.657151,-19.6533,-10.6872,-2.0616,22.466
1.659504,-20.5817,-11.9395,-3.8106,24.097
1.667027,-20.9677,-13.3118,-5.3586,25.408
1.670083,-20.4427,-14.9218,-6.5084,26.133
1.674212,-19.1655,-16.6351,-7.1285,26.360
1.680908,-17.7914,-18.2667,-7.2367,26.506
1.684269,-16.2699,-19.6475,-7.0755,26.473
1.690869,-14.3424,-20.8481,-6.8786,26.223
1.694303,-11.9208,-21.8205,-6.9296,25.812
1.699068,-9.4567,-22.6623,-7.3932,25.645
1.705027,-7.2225,-23.0344,-8.2763,25.520
1.709222,-5.0678,-23.0521,-9.6262,25.490
1.714027,-2.0592,-22.8991,-11.0356,25.503
1.719048,2.7871,-22.0303,-12.2880,25.379
1.724027,9.4565,-20.3848,-13.7904,26.366
1.729564,16.5881,-17.8438,-15.7850,29.030
1.734269,23.2223,-14.4247,-17.9045,32.679
1.740388,28.9554,-10.4519,-19.4603,36.419
1.753084,35.1845,-7.1305,-20.2429,41.214
1.753609,40.2498,-4.0581,-20.3851,45.300
1.753965,43.0197,-0.8931,-19.1777,47.109
1.759536,43.8421,1.7057,-17.4382,47.214
1.763851,43.2417,3.1922,-15.5981,46.080
1.772880,41.4995,3.8532,-13.9526,43.951
1.780420,38.7520,4.1555,-12.4940,40.928
1.785405,35.1719,4.1835,-11.2500,37.163
1.785744,31.1165,3.8895,-10.0710,32.936
1.789276,26.7633,3.3364,-9.0628,28.452
1.793712,22.5799,2.7340,-8.2947,24.210
1.798626,18.9418,2.3044,-7.7665,20.601
1.803675,15.9167,1.8536,-7.2563,17.591
1.808702,13.3706,1.4053,-6.5375,14.949
1.813812,11.0893,1.0322,-5.7050,12.513
1.818753,9.0945,0.5984,-4.8135,10.307
1.823720,7.2733,0.1830,-3.9467,8.277
1.828515,5.4983,-0.3934,-3.3181,6.434
1.833643,3.7729,-1.1176,-2.7999,4.829
1.838524,2.0216,-1.8524,-2.4457,3.674
1.844223,0.4147,-2.4702,-2.1009,3.269
1.849189,-0.9656,-3.0661,-1.7668,3.668
1.853592,-2.2378,-3.5631,-1.5063,4.469
1.858537,-3.2614,-3.9664,-1.2864,5.294
1.863552,-3.9747,-4.3476,-0.9706,5.970
1.868755,-4.6325,-4.5898,-0.6145,6.550
1.873543,-4.9621,-4.7506,-0.4018,6.881
1.878688,-5.2429,-4.8936,-0.3414,7.180
1.883619,-5.4810,-5.1302,-0.4134,7.519
1.888563,-5.4571,-5.4329,-0.5366,7.719
1.893786,-5.7777,-5.3675,-0.5370,7.904
1.898484,-6.1710,-5.0606,-0.3737,7.989
1.903790,-6.2095,-4.9252,-0.1745,7.928
1.908924,-6.1858,-4.7757,-0.0544,7.815
1.913287,-6.1624,-4.6039,0.0722,7.693
1.918162,-6.0776,-4.4585,0.0804,7.538
1.923283,-5.9469,-4.3309,0.0703,7.357
1.931721,-5.7237,-4.1642,0.0831,7.079
1.933460,-5.5285,-3.9448,0.0274,6.792
1.945872,-5.3031,-3.6971,0.0030,6.465
1.946289,-5.0613,-3.4455,-0.0248,6.123
1.947972,-4.7497,-3.2426,-0.1478,5.753
1.953437,-4.3632,-3.0935,-0.2565,5.355
1.958133,-4.0624,-2.8974,-0.3903,5.005
1.963141,-3.8568,-2.6929,-0.4589,4.726
1.968645,-3.6790,-2.5181,-0.5780,4.496
1.973191,-3.4996,-2.4351,-0.7056,4.321
1.978691,-3.2798,-2.3288,-0.8808,4.118
1.983078,-3.0481,-2.1561,-0.9986,3.865
1.988085,-2.7792,-2.0125,-1.0313,3.583
1.993044,-2.5015,-1.8597,-1.0416,3.287
1.997959,-2.2432,-1.7311,-1.0104,3.008
2.003632,-1.9845,-1.6169,-0.9045,2.715
2.008134,-1.7295,-1.4933,-0.8292,2.431
2.012912,-1.4920,-1.3984,-0.7315,2.172
2.017851,-1.2811,-1.2652,-0.6691,1.921
2.023028,-1.0529,-1.1749,-0.5750,1.679
2.031300,-0.7924,-1.1273,-0.4924,1.463
2.033013,-0.5707,-1.0458,-0.4834,1.286
2.040920,-0.3200,-1.0021,-0.4616,1.149
2.042933,-0.1019,-0.9150,-0.3259,0.977
2.047875,0.0933,-0.8273,-0.1246,0.842
2.053301,0.2466,-0.7298,0.1285,0.781
2.057768,0.3196,-0.6656,0.3335,0.810
2.062710,0.3746,-0.5775,0.5434,0.877
2.067894,0.4403,-0.5371,0.6147,0.927
2.072762,0.4206,-0.5255,0.6148,0.912
2.077724,0.3636,-0.5088,0.6195,0.880
2.082890,0.3073,-0.5255,0.6390,0.883
2.087653,0.2327,-0.4894,0.6300,0.831
2.092607,0.1301,-0.4245,0.5637,0.718
2.097680,0.0089,-0.3785,0.4639,0.599
2.102763,-0.0546,-0.3756,0.3595,0.523
2.107621,-0.1274,-0.3675,0.2785,0.478
2.112645,-0.2963,-0.3016,0.2352,0.484
2.117520,-0.4372,-0.2739,0.1866,0.549
2.122683,-0.5219,-0.2460,0.1036,0.586
2.127871,-0.5551,-0.2847,0.1538,0.643
2.132721,-0.5849,-0.2516,0.2610,0.688
2.137359,-0.5920,-0.2757,0.3914,0.761
2.142494,-0.6247,-0.2856,0.5362,0.871
2.147295,-0.5538,-0.2480,0.7101,0.934
2.152499,-0.4656,-0.2826,0.8946,1.047
2.157409,-0.4127,-0.2844,1.0756,1.187
2.164452,-0.3757,-0.2585,1.2301,1.312
2.167385,-0.3597,-0.2383,1.3720,1.438
2.172406,-0.3263,-0.2384,1.4876,1.541
2.177389,-0.3284,-0.2110,1.5961,1.643
2.182581,-0.2843,-0.1848,1.5635,1.600
2.187185,-0.1745,-0.1885,1.5191,1.541
2.192387,-0.0563,-0.2076,1.5014,1.517
2.197230,0.0324,-0.2037,1.4812,1.495
2.202176,0.0874,-0.2007,1.4012,1.418
2.207195,0.0656,-0.1746,1.3042,1.317
2.212091,0.0964,-0.1683,1.2998,1.314
2.217038,0.1800,-0.1578,1.2013,1.225
2.222104,0.1731,-0.1957,1.1476,1.177
2.227023,0.1524,-0.2196,1.0618,1.095
2.232181,0.2090,-0.2009,1.0158,1.056
2.237472,0.2327,-0.1874,0.9855,1.030
2.242532,0.3096,-0.1265,0.9421,1.000
2.247024,0.3772,-0.1618,0.9190,1.006
2.252001,0.5125,-0.1399,0.8876,1.034
2.257714,0.6200,-0.1424,0.8623,1.072
2.264305,0.5658,-0.1357,0.8525,1.032
2.267090,0.5179,-0.1147,0.7287,0.901
2.274873,0.5158,-0.1318,0.4189,0.677
2.276902,0.4666,-0.1202,0.3729,0.609
2.281974,0.3348,-0.1139,0.5142,0.624
2.286912,0.2500,-0.0648,0.3832,0.462
2.292088,0.2608,-0.0206,0.1948,0.326
2.296802,0.3103,-0.0335,-0.0225,0.313
2.301884,0.3940,-0.0652,-0.2020,0.448
2.306991,0.3970,-0.1396,-0.2094,0.470
2.312420,0.2374,-0.2139,-0.1740,0.364
2.316737,0.0394,-0.2068,-0.1382,0.252
2.322164,-0.0779,-0.2431,-0.0447,0.259
2.327142,-0.2010,-0.3132,-0.0322,0.374
2.331764,-0.1431,-0.3693,0.0243,0.397
2.337251,-0.0619,-0.3875,0.1537,0.421
2.342033,-0.0870,-0.4254,0.2554,0.504
2.346445,-0.1948,-0.4544,0.2675,0.562
2.351550,-0.2896,-0.4982,0.1514,0.596
2.356512,-0.3909,-0.5618,0.0606,0.687
2.361861,-0.4990,-0.5924,0.0237,0.775
2.366423,-0.5566,-0.6378,0.0068,0.847
2.371563,-0.5683,-0.6213,-0.0047,0.842
2.376402,-0.5914,-0.6340,-0.0058,0.867
2.381553,-0.5680,-0.6231,0.0178,0.843
2.390448,-0.5076,-0.6030,-0.0296,0.789
2.391485,-0.3998,-0.6213,-0.1003,0.746
2.397881,-0.2540,-0.6060,-0.2428,0.700
2.401344,-0.1505,-0.6285,-0.4002,0.760
2.406326,-0.1326,-0.5548,-0.5152,0.769
2.411548,-0.1184,-0.4804,-0.6172,0.791
2.416331,-0.1174,-0.4484,-0.6684,0.813
2.421453,-0.1247,-0.4060,-0.6927,0.813
2.426334,-0.1643,-0.3198,-0.7045,0.791
2.431538,-0.2604,-0.2952,-0.6559,0.765
2.436653,-0.3514,-0.2174,-0.6089,0.736
2.441297,-0.4087,-0.1104,-0.5011,0.656
2.446129,-0.3796,-0.0654,-0.4044,0.558
2.451103,-0.2015,0.0230,-0.2415,0.315
2.456164,0.0207,0.0588,0.0266,0.068
2.461557,0.1291,0.0946,0.1842,0.244
2.466035,0.1667,0.1830,0.2844,0.377
2.471090,0.2296,0.2426,0.3417,0.478
2.476050,0.2794,0.3403,0.4139,0.604
2.481216,0.3401,0.4139,0.5056,0.737
2.487179,0.4119,0.4731,0.4875,0.794
2.491246,0.4661,0.5371,0.4406,0.837
2.496050,0.5605,0.5869,0.2833,0.860
2.501338,0.6330,0.6179,0.1304,0.894
2.506518,0.7079,0.6924,0.0054,0.990
2.511550,0.7418,0.7148,-0.0776,1.033
2.516042,0.6820,0.7664,-0.1091,1.032
2.520988,0.5806,0.8137,-0.1657,1.013
2.526047,0.3845,0.7609,-0.2713,0.895
2.531234,0.1459,0.6990,-0.3538,0.797
2.539541,-0.0641,0.6375,-0.3941,0.752
2.540973,-0.2123,0.5571,-0.4207,0.730
2.545592,-0.2992,0.5103,-0.4572,0.748
2.550906,-0.3633,0.4684,-0.4843,0.765
2.555908,-0.4143,0.3883,-0.4923,0.752
2.561772,-0.4955,0.2459,-0.5147,0.756
2.565776,-0.5830,0.1656,-0.5126,0.794
2.570796,-0.6483,0.0516,-0.5195,0.832
2.575823,-0.7107,-0.0197,-0.4874,0.862
2.580983,-0.7899,-0.0434,-0.4258,0.898
2.585921,-0.8378,-0.1203,-0.3778,0.927
2.590913,-0.8883,-0.1927,-0.3576,0.977
2.595776,-0.9508,-0.2706,-0.3072,1.035
2.600653,-0.9105,-0.2630,-0.1739,0.964
2.605557,-0.8151,-0.2561,-0.1106,0.862
2.610709,-0.7409,-0.2740,-0.0645,0.793
2.615661,-0.6062,-0.2878,-0.0885,0.677
2.621144,-0.4396,-0.2974,-0.0195,0.531
2.625969,-0.3314,-0.2455,0.0607,0.417
2.631694,-0.1856,-0.1512,0.1238,0.270
2.635895,0.0076,-0.1293,0.1695,0.213
2.640762,0.2154,-0.1029,0.1828,0.301
2.645607,0.3996,-0.0386,0.1210,0.419
2.650600,0.4891,0.0207,0.0744,0.495
2.655555,0.5512,0.1231,-0.0294,0.566
2.660636,0.6054,0.1780,-0.1721,0.654
2.665530,0.6664,0.2143,-0.2778,0.753
2.674633,0.5759,0.2753,-0.3951,0.751
2.675442,0.5299,0.3323,-0.4715,0.783
2.680537,0.5044,0.3758,-0.4931,0.799
2.685278,0.3841,0.4440,-0.4885,0.764
2.690701,0.2982,0.4460,-0.4818,0.721
2.695360,0.2174,0.3817,-0.4727,0.645
2.700433,0.2185,0.3277,-0.3937,0.557
2.705356,0.2055,0.3077,-0.2682,0.457
2.710373,0.1924,0.2352,-0.1673,0.347
2.715278,0.1795,0.1389,-0.0234,0.228
2.720387,0.1285,0.0473,0.0299,0.140
2.725310,0.1398,0.0130,0.0791,0.161
2.730334,0.1559,-0.0598,0.1821,0.247
2.735166,0.1624,-0.0947,0.2288,0.296
2.740438,0.1450,-0.1011,0.1906,0.260
2.745456,0.1374,-0.0887,0.1245,0.206
2.750544,0.1780,-0.0380,-0.0226,0.183
2.755120,0.3340,0.0079,-0.0886,0.346
2.760499,0.4288,0.0398,-0.1697,0.463
2.765142,0.5489,0.0625,-0.1754,0.580
2.772946,0.7185,0.1333,-0.1200,0.741
2.775115,0.7081,0.2188,-0.0656,0.744
2.780194,0.6035,0.2902,0.0692,0.673
2.785049,0.6056,0.2756,0.1213,0.676
2.790097,0.5803,0.2041,0.1005,0.623
2.797392,0.4413,0.2000,0.0642,0.489
2.800275,0.3363,0.2152,0.1137,0.415
2.807370,0.1404,0.1827,0.1626,0.282
2.810392,-0.0464,0.0783,0.2214,0.239
2.814736,-0.1960,0.0552,0.2853,0.351
2.820005,-0.2988,-0.0303,0.3211,0.440
2.824784,-0.3649,-0.0969,0.3630,0.524
2.829879,-0.4563,-0.1306,0.4110,0.628
2.834794,-0.5301,-0.1647,0.4989,0.746
2.840081,-0.5432,-0.2280,0.5406,0.800
2.845756,-0.5914,-0.2774,0.5694,0.867
2.849999,-0.5652,-0.3107,0.5717,0.862
2.854693,-0.6215,-0.3109,0.5277,0.873
2.859851,-0.5788,-0.2781,0.4519,0.785
2.864788,-0.5995,-0.2697,0.3063,0.725
2.870375,-0.5352,-0.2139,0.1766,0.603
2.874725,-0.3816,-0.1349,0.0432,0.407
2.879775,-0.2576,-0.1228,-0.0850,0.298
2.884625,-0.1725,-0.1106,-0.1696,0.266
2.889688,-0.0734,-0.0698,-0.2069,0.230
2.898989,-0.0649,-0.0529,-0.1971,0.214
2.899750,0.0007,-0.0548,-0.1405,0.151
2.908331,-0.0051,-0.0709,-0.1181,0.138
2.909555,0.0418,-0.0676,-0.0774,0.111
2.914512,0.0456,-0.0644,-0.0511,0.094
2.920009,0.0732,-0.0706,-0.0586,0.117
2.924652,0.0533,-0.0957,-0.0851,0.139
2.935555,0.1004,-0.0683,-0.0975,0.156
2.941265,0.1666,-0.0409,-0.1195,0.209
2.941470,0.1996,-0.0232,-0.1465,0.249
2.944867,0.2188,-0.0482,-0.1261,0.257
2.949421,0.2385,-0.0444,-0.1302,0.275
2.954789,0.2686,-0.0213,-0.1400,0.304
2.959521,0.2758,-0.0455,-0.2269,0.360
2.964377,0.2794,-0.0597,-0.2668,0.391
2.969771,0.2699,-0.1115,-0.2647,0.394
2.974259,0.2284,-0.1340,-0.2066,0.336
2.979244,0.1831,-0.1562,-0.0686,0.250
2.984403,0.0816,-0.1544,-0.0033,0.175
2.989904,0.0142,-0.1385,0.0904,0.166
2.994997,-0.0384,-0.1561,0.1982,0.255
2.999280,-0.0861,-0.1786,0.2963,0.357
3.004053,-0.0861,-0.1774,0.3281,0.383
3.009121,-0.0911,-0.1384,0.3176,0.358
3.014266,-0.1199,-0.1141,0.3078,0.349
3.023410,-0.0725,-0.1044,0.1606,0.205
3.024199,-0.0874,-0.0093,0.1001,0.133
3.029064,-0.0644,0.0567,0.0586,0.104
3.034020,-0.0704,0.0415,-0.0020,0.082
3.039222,-0.0432,0.1120,-0.0387,0.126
3.045082,-0.0304,0.1156,-0.0518,0.130
3.049798,-0.0366,0.1431,-0.1177,0.189
3.053964,-0.0619,0.1705,-0.1457,0.233
3.059004,-0.0726,0.1742,-0.1314,0.230
3.064034,-0.0596,0.1494,-0.1082,0.194
3.069998,-0.0799,0.1297,-0.0380,0.157
3.074160,-0.1001,0.1197,-0.0113,0.156
3.078997,-0.1060,0.1145,0.0106,0.156
3.084030,-0.0976,0.1282,0.0993,0.189
3.088920,-0.1034,0.1274,0.1070,0.196
3.093968,-0.0904,0.1265,0.0439,0.162
3.099132,-0.0726,0.1350,-0.0424,0.159
3.104021,-0.0311,0.1340,-0.1088,0.175
3.109572,-0.0421,0.1662,-0.1415,0.222
3.113844,-0.0433,0.1554,-0.1930,0.252
3.118894,-0.0160,0.1637,-0.1774,0.242
3.124299,-0.0128,0.2005,-0.1478,0.249
3.130946,0.0000,0.1990,-0.1472,0.248
3.133711,0.0224,0.1548,-0.0755,0.174
3.141533,0.0779,0.1110,-0.0188,0.137
3.144558,0.0618,0.1150,0.0518,0.140
3.148627,0.0364,0.1190,0.1268,0.178
3.153535,0.0205,0.0943,0.1921,0.215
3.158680,0.0330,0.0316,0.3002,0.304
3.163594,0.0264,0.0073,0.3654,0.366
3.170059,0.0291,-0.0361,0.4071,0.410
3.173542,0.0220,0.0156,0.3591,0.360
3.178531,0.0767,-0.0426,0.3740,0.384
3.183586,0.1119,-0.0386,0.3133,0.335
3.188625,0.1424,0.0031,0.2820,0.316
3.193354,0.1393,0.0018,0.2702,0.304
3.198643,0.1219,-0.0139,0.2205,0.252
3.203274,0.0947,0.0038,0.1858,0.209
3.208564,0.0913,0.0023,0.1514,0.177
3.213258,0.1020,0.0056,0.0364,0.108
3.218386,0.1077,-0.0100,-0.0589,0.123
3.223403,0.0897,-0.0443,-0.1352,0.168
3.229010,0.0959,-0.0681,-0.8213,0.830
3.233282,0.0881,-0.0290,-1.3342,1.337
3.238317,0.0564,-0.0276,-0.7999,0.802
3.243349,0.1244,-0.1068,-0.1281,0.208
3.248826,0.1965,-0.1950,0.2107,0.348
3.253176,0.2494,-0.2209,0.3194,0.462
3.258280,0.3166,-0.2468,0.4756,0.622
3.263106,0.3506,-0.2301,0.6416,0.766
3.268155,0.3181,-0.1666,0.6320,0.727
3.273308,0.2672,-0.0659,0.3859,0.474
3.282368,0.1977,0.0199,-0.0675,0.210
3.283060,0.2003,0.0673,-0.4379,0.486
