0.002851,0.0210,0.1390,-0.6189,0.635
0.003111,0.0883,0.3132,-0.5514,0.640
0.006380,0.1888,0.2869,-0.3241,0.472
0.010593,0.3178,0.1852,-0.2092,0.423
0.014679,0.3660,0.0942,-0.1534,0.408
0.019473,0.3578,0.1183,-0.0659,0.383
0.024472,0.4747,0.1662,-0.0467,0.505
0.031628,0.3113,0.1616,0.0809,0.360
0.035456,0.1495,0.0907,0.2071,0.271
0.039725,0.1745,0.0630,0.3278,0.377
0.044284,0.0998,0.0021,0.4381,0.449
0.049161,0.2402,-0.1297,0.5287,0.595
0.054221,0.1040,-0.0135,0.5619,0.572
0.060057,-0.0312,0.0397,0.6428,0.645
0.064216,0.0049,-0.0356,0.4475,0.449
0.069059,0.0074,-0.0484,0.2013,0.207
0.074039,0.0868,-0.0045,0.2902,0.303
0.079219,0.1566,-0.0280,0.4508,0.478
0.084162,0.1739,-0.0948,0.5829,0.616
0.089265,0.1769,-0.1049,0.7108,0.740
0.094190,0.1700,-0.1062,0.7208,0.748
0.099164,0.0678,-0.1084,0.6329,0.646
0.104082,-0.0098,-0.0876,0.5759,0.583
0.109009,-0.0823,-0.1389,0.5304,0.554
0.114314,-0.1406,-0.1380,0.4295,0.473
0.119167,-0.2373,-0.0994,0.2877,0.386
0.124076,-0.2672,-0.0803,0.1999,0.343
0.128930,-0.2643,-0.0709,0.1083,0.294
0.134045,-0.2474,-0.0236,0.0701,0.258
0.139754,-0.2502,-0.0339,0.0421,0.256
0.143991,-0.2340,-0.0108,-0.0237,0.235
0.148968,-0.2086,0.0408,-0.0509,0.219
0.153891,-0.2121,0.0349,-0.0924,0.234
0.158975,-0.1776,0.0436,-0.1244,0.221
0.163885,-0.1766,0.0855,-0.1086,0.224
0.173161,-0.1995,0.0796,-0.1168,0.245
0.174168,-0.1938,0.0692,-0.1205,0.238
0.179034,-0.1787,0.1160,-0.1149,0.242
0.183772,-0.1591,0.1007,-0.0523,0.195
0.190171,-0.0589,0.0856,0.0335,0.109
0.193779,-0.0018,0.0417,0.1525,0.158
0.198817,0.0267,0.0264,0.2093,0.213
0.203696,-0.0063,0.0346,0.2045,0.208
0.208603,-0.0099,0.0615,0.1907,0.201
0.213961,-0.0224,0.0453,0.1060,0.117
0.218898,-0.0870,0.0484,0.0596,0.116
0.223840,-0.1268,0.0751,0.0043,0.147
0.228607,-0.1376,0.0874,0.0157,0.164
0.233596,-0.1576,0.0522,-0.0208,0.167
0.238693,-0.2154,0.0556,-0.1096,0.248
0.243710,-0.2775,0.0829,-0.1650,0.333
0.248465,-0.2870,0.0771,-0.1731,0.344
0.253464,-0.2917,0.0620,-0.1577,0.337
0.258419,-0.3108,0.0282,-0.1284,0.337
0.263725,-0.3394,0.0279,-0.0706,0.348
0.269376,-0.3682,0.0369,-0.0082,0.370
0.273903,-0.3974,0.0316,0.0067,0.399
0.278414,-0.3845,-0.0071,0.0267,0.385
0.283474,-0.4104,-0.0077,0.0570,0.414
0.288382,-0.4038,-0.0276,0.0974,0.416
0.293685,-0.3887,-0.0951,0.1385,0.423
0.298413,-0.3891,-0.0911,0.1282,0.420
0.303343,-0.4380,-0.1255,0.1145,0.470
0.308272,-0.4448,-0.1551,0.1826,0.505
0.315774,-0.4718,-0.1851,0.2233,0.554
0.318615,-0.4859,-0.2104,0.2083,0.569
0.323509,-0.5393,-0.2312,0.2234,0.628
0.328352,-0.5370,-0.2330,0.2206,0.626
0.333266,-0.5604,-0.2589,0.2191,0.655
0.338234,-0.5854,-0.2417,0.2325,0.675
0.343682,-0.5695,-0.2487,0.2379,0.665
0.348173,-0.4982,-0.2700,0.2775,0.631
0.353142,-0.4482,-0.2438,0.3083,0.596
0.358207,-0.4475,-0.2463,0.3113,0.598
0.363275,-0.4056,-0.2585,0.3249,0.580
0.368756,-0.4027,-0.2609,0.3766,0.610
0.373850,-0.3445,-0.2636,0.4058,0.594
0.377959,-0.3165,-0.2901,0.4501,0.622
0.383155,-0.2851,-0.2595,0.4716,0.609
0.388005,-0.2361,-0.2721,0.4988,0.615
0.393375,-0.1742,-0.2562,0.5607,0.641
0.398185,-0.1084,-0.2359,0.5946,0.649
0.409713,-0.0398,-0.2211,0.6263,0.665
0.410275,-0.0106,-0.2114,0.6311,0.666
0.415347,0.0277,-0.1877,0.6087,0.638
0.418369,0.0509,-0.1788,0.5124,0.545
0.423031,0.0595,-0.1509,0.4132,0.444
0.427778,0.1201,-0.1230,0.2868,0.334
0.432870,0.1613,-0.0807,0.1709,0.249
0.437997,0.2174,-0.0239,0.0449,0.223
0.446158,0.2395,0.0186,-0.0420,0.244
0.447770,0.2379,0.0519,-0.0865,0.258
0.458511,0.2889,0.0476,-0.1082,0.312
0.459097,0.3208,0.0676,-0.0736,0.336
0.463072,0.3717,0.0974,0.0122,0.384
0.468713,0.3993,0.1133,0.0863,0.424
0.473255,0.4502,0.1244,0.1175,0.482
0.477564,0.5677,0.1785,0.1482,0.613
0.482828,0.7184,0.2181,0.1640,0.769
0.487618,0.8170,0.2433,0.0793,0.856
0.493397,0.8119,0.2922,0.0277,0.863
0.497629,0.8467,0.3125,-0.0634,0.905
0.502652,0.8679,0.3345,-0.1695,0.945
0.507525,0.8761,0.3711,-0.2338,0.980
0.512608,0.8380,0.4221,-0.2994,0.985
0.517530,0.8061,0.3968,-0.2849,0.943
0.523335,0.7899,0.4387,-0.2863,0.948
0.527417,0.8421,0.4185,-0.2893,0.984
0.532438,0.8041,0.4319,-0.2592,0.949
0.537468,0.7674,0.4501,-0.2634,0.928
0.546448,0.7557,0.4635,-0.2350,0.917
0.547602,0.7305,0.4723,-0.2408,0.903
0.559295,0.6824,0.4524,-0.2236,0.849
0.559687,0.6451,0.4279,-0.2173,0.804
0.562416,0.6419,0.4704,-0.2640,0.839
0.567078,0.6732,0.4555,-0.2540,0.852
0.573086,0.7056,0.4598,-0.2307,0.873
0.577961,0.7197,0.4450,-0.2131,0.873
0.589155,0.6868,0.4542,-0.2063,0.849
0.589805,0.6834,0.4682,-0.1476,0.841
0.594375,0.6522,0.4869,-0.1282,0.824
0.597161,0.6744,0.5057,-0.1480,0.856
0.602172,0.7167,0.5340,-0.1257,0.903
0.607112,0.7648,0.6004,-0.1573,0.985
0.612274,0.8047,0.6140,-0.1899,1.030
0.617099,0.8122,0.6085,-0.1472,1.025
0.622256,0.8069,0.6170,-0.0667,1.018
0.627164,0.8271,0.6301,0.0417,1.041
0.632201,0.8630,0.6189,0.1642,1.075
0.637203,0.8285,0.6171,0.2338,1.059
0.643732,0.7618,0.5720,0.2509,0.985
0.647072,0.7725,0.5748,0.2437,0.993
0.652778,0.7989,0.6203,0.2127,1.034
0.657037,0.7690,0.6082,0.1716,0.995
0.662532,0.7834,0.5770,0.1107,0.979
0.667297,0.7894,0.5555,0.0394,0.966
0.672569,0.7678,0.5005,-0.0182,0.917
0.677258,0.7422,0.5032,-0.0152,0.897
0.682072,0.6846,0.5058,0.0111,0.851
0.687044,0.6614,0.4797,0.0607,0.819
0.692459,0.5673,0.4966,0.1195,0.763
0.696999,0.5266,0.5038,0.1733,0.749
0.707121,0.5103,0.5205,0.2132,0.759
0.707445,0.5468,0.4798,0.2772,0.778
0.711926,0.5748,0.4913,0.3423,0.830
0.716810,0.7090,0.5169,0.4276,0.976
0.721880,0.8586,0.5468,0.4801,1.125
0.726647,0.9762,0.5285,0.4233,1.188
0.731799,1.0574,0.5051,0.3625,1.227
0.736652,1.0490,0.4768,0.3306,1.199
0.742023,1.0626,0.4529,0.2804,1.189
0.746686,0.9876,0.5053,0.2785,1.144
0.751574,0.9241,0.5239,0.2194,1.085
0.756479,0.9102,0.5471,0.1750,1.076
0.762275,0.9267,0.5319,0.1121,1.074
0.766456,0.8391,0.5025,0.0592,0.980
0.771714,0.7783,0.4537,-0.0307,0.901
0.776493,0.7432,0.4336,-0.1676,0.877
0.781783,0.6571,0.3753,-0.3324,0.827
0.786492,0.6155,0.3221,-0.4967,0.854
0.791494,0.4650,0.2216,-0.6464,0.827
0.796610,0.4530,0.2030,-0.7633,0.911
0.801559,0.5577,0.1894,-0.9956,1.157
0.806311,0.5964,0.1333,-1.1523,1.304
0.811705,0.5980,0.1160,-1.1573,1.308
0.816488,0.7349,0.0992,-1.1638,1.380
0.822168,0.8160,0.0302,-1.1530,1.413
0.826900,0.8452,-0.0285,-1.2011,1.469
0.831496,0.9159,-0.0677,-1.1836,1.498
0.836294,0.9890,-0.1015,-1.1583,1.526
0.841410,1.0837,-0.1348,-1.1682,1.599
0.846204,1.2482,-0.2343,-1.1654,1.724
0.851774,1.4207,-0.3761,-1.1164,1.846
0.856359,1.6286,-0.4978,-0.9491,1.950
0.861331,1.8280,-0.5518,-0.7974,2.069
0.866284,1.9220,-0.7389,-0.8378,2.223
0.871483,1.8103,-0.9294,-0.9406,2.242
0.876398,1.6930,-0.7220,-0.8334,2.020
0.881765,1.4361,-0.7578,-0.9227,1.868
0.885877,1.3242,-1.0505,-1.0171,1.973
0.891154,1.3469,-1.2169,-1.0593,2.102
0.896104,1.1908,-1.2526,-1.2359,2.125
0.901774,0.9800,-1.3345,-1.4224,2.183
0.905980,0.7811,-1.4720,-1.5375,2.267
0.911102,0.6558,-1.6459,-1.6625,2.430
0.915911,0.3621,-1.7512,-1.8162,2.549
0.920986,-0.0191,-1.8449,-2.0180,2.734
0.929187,-0.3233,-2.0230,-2.1668,2.982
0.931243,-0.5985,-2.1994,-2.2912,3.232
0.940158,-0.9173,-2.3692,-2.4245,3.512
0.942850,-1.3331,-2.5519,-2.5952,3.876
0.945795,-1.7773,-2.7338,-2.8414,4.325
0.951502,-2.2802,-2.8903,-3.0585,4.786
0.955864,-2.7542,-3.1514,-3.2800,5.317
0.960870,-3.2772,-3.3929,-3.4297,5.832
0.965779,-3.7358,-3.5724,-3.5701,6.282
0.971228,-4.1888,-3.7382,-3.6821,6.714
0.975873,-4.7441,-3.9438,-3.7031,7.195
0.980858,-5.4576,-4.1511,-3.6001,7.745
0.985765,-6.2847,-4.3371,-3.3727,8.348
0.990920,-7.2755,-4.4886,-3.1304,9.104
0.995958,-8.4426,-4.6545,-2.8433,10.051
1.001625,-9.7614,-4.9461,-2.5106,11.227
1.005537,-11.2300,-5.4163,-2.3188,12.682
1.010670,-12.9747,-5.8794,-2.2148,14.416
1.015595,-14.6489,-6.3355,-2.0545,16.092
1.020632,-16.0419,-6.8464,-1.7158,17.526
1.025444,-16.3725,-7.8742,-1.6072,18.239
1.030682,-17.1732,-8.6702,-1.5878,19.303
1.037353,-19.0274,-8.8447,-0.1048,20.983
1.040631,-18.9188,-10.1849,0.2918,21.488
1.045746,-18.0160,-12.1125,-0.0603,21.709
1.050465,-17.1502,-13.7593,-0.3026,21.990
1.055468,-16.1452,-15.1335,-0.6067,22.137
1.060729,-14.8333,-16.2527,-1.3420,22.045
1.065303,-13.4666,-17.2364,-2.6975,22.039
1.071352,-11.8039,-17.9675,-4.5283,21.970
1.075371,-9.8892,-18.4198,-6.6271,21.932
1.083558,-7.9167,-18.5352,-8.7735,21.982
1.089347,-5.5652,-17.9605,-11.1163,21.843
1.090256,-3.2590,-17.3360,-13.1894,22.025
1.095196,-0.7325,-16.5888,-15.0507,22.411
1.100406,2.5165,-15.1762,-16.5927,22.627
1.105274,6.4946,-12.9967,-17.6198,22.837
1.110256,11.6989,-10.3579,-18.7138,24.379
1.115362,17.9078,-7.4280,-20.3093,28.077
1.120229,25.5780,-4.2582,-21.6674,33.791
1.125204,33.5209,-0.8891,-23.0025,40.664
1.130400,39.4208,2.2343,-23.6248,46.012
1.139830,42.4426,4.5750,-23.0004,48.490
1.142039,42.1060,6.1459,-21.1010,47.497
1.148091,38.8709,7.1026,-18.2734,43.535
1.150063,34.4740,7.2953,-14.9215,38.267
1.155036,30.2608,6.6740,-11.6567,33.108
1.161307,26.3519,5.9318,-8.7823,28.403
1.164936,22.6040,5.2760,-6.4251,24.084
1.169977,19.2897,4.5818,-4.8452,20.410
1.175058,16.4577,3.8749,-3.9107,17.354
1.180010,14.0168,3.1267,-2.9908,14.669
1.185993,11.9441,2.5891,-1.9539,12.377
1.189889,10.1822,1.8787,-0.9930,10.402
1.195237,8.7106,1.0114,-0.0957,8.770
1.199933,7.4307,0.1942,0.7109,7.467
1.205699,6.1968,-0.4817,1.3713,6.365
1.210258,4.9351,-1.1739,1.6728,5.342
1.215062,3.6439,-1.8415,1.7759,4.452
1.219817,2.5558,-2.4616,1.5203,3.860
1.224822,1.6843,-3.0609,0.9314,3.616
1.229855,0.9505,-3.6492,0.1787,3.775
1.234892,-0.0879,-4.2411,-1.0063,4.360
1.239835,-1.4519,-4.9465,-2.2656,5.631
1.244598,-2.9452,-5.6970,-3.2863,7.206
1.249742,-4.6380,-6.3608,-4.0797,8.867
1.254879,-6.2442,-6.9373,-4.7062,10.453
1.259851,-7.6539,-7.4323,-5.4250,11.969
1.264623,-8.9525,-7.9958,-6.0355,13.435
1.269639,-10.4797,-8.5720,-6.2687,14.920
1.274497,-12.5761,-8.7472,-6.2429,16.542
1.279766,-14.8107,-8.9122,-6.0843,18.325
1.290141,-18.0500,-8.8117,-5.9208,20.941
1.291668,-21.4180,-8.9657,-5.3382,23.825
1.298192,-23.6688,-9.5199,-4.4951,25.905
1.299753,-25.4256,-10.0784,-3.4507,27.567
1.307516,-26.7385,-11.0386,-2.1493,29.007
1.309700,-27.4061,-12.5278,-0.9749,30.149
1.314417,-27.5403,-14.2162,-0.2942,30.994
1.319416,-27.0117,-15.8491,-0.3100,31.320
1.324454,-25.9223,-17.6488,-1.3049,31.387
1.329630,-24.4278,-19.3724,-3.1197,31.333
1.335057,-22.3367,-20.6499,-5.4419,30.902
1.339540,-19.7557,-21.4454,-8.1235,30.269
1.344273,-16.7890,-21.8282,-10.9297,29.628
1.349478,-13.4674,-21.8314,-13.5887,29.028
1.354231,-9.9094,-21.4528,-15.6231,28.328
1.359934,-6.1868,-20.5925,-16.8463,27.315
1.364215,-2.4827,-19.3053,-17.3101,26.048
1.369230,0.9731,-17.6579,-17.2407,24.698
1.374079,4.1858,-15.5336,-16.9495,23.369
1.379418,7.2331,-13.0329,-16.7429,22.417
1.388220,10.6527,-10.1102,-16.9505,22.428
1.389230,15.0245,-6.7082,-17.7770,24.223
1.395982,20.0302,-3.2484,-18.7149,27.604
1.399206,25.9559,-0.5701,-19.2384,32.313
1.404147,31.3714,1.2607,-19.1888,36.796
1.410898,34.8160,2.9108,-17.6475,39.142
1.414133,36.0027,4.5230,-14.7240,39.159
1.419151,35.5640,5.6189,-10.8568,37.606
1.423848,34.0216,6.0924,-7.0273,35.270
1.428992,31.7043,6.0379,-3.6825,32.483
1.434436,28.8325,5.8174,-0.9857,29.430
1.439014,25.4605,5.7223,1.1068,26.119
1.446083,21.9703,5.8071,2.5031,22.862
1.449000,18.5064,5.9140,3.3812,19.720
1.456288,15.3961,5.9201,3.7234,16.910
1.459463,12.7873,5.8454,3.7009,14.539
1.463812,10.5647,5.5465,3.4289,12.415
1.468890,8.5723,5.0005,2.9649,10.358
1.474188,6.8174,4.4857,2.4710,8.527
1.478860,5.3266,3.8925,1.9558,6.881
1.483700,4.1140,3.1233,1.3689,5.344
1.488846,3.0459,2.2408,0.6936,3.844
1.493685,2.0502,1.2438,0.0479,2.398
1.498806,1.1152,0.2814,-0.5549,1.277
1.503685,0.2196,-0.6839,-1.1011,1.315
1.508756,-0.6397,-1.6033,-1.6007,2.354
1.513622,-1.4940,-2.4937,-2.0713,3.569
1.518646,-2.3954,-3.2721,-2.3651,4.694
1.523691,-3.2272,-3.8361,-2.4892,5.597
1.529423,-3.9159,-4.2773,-2.5540,6.337
1.533611,-4.3634,-4.6011,-2.5684,6.842
1.538692,-4.6195,-4.8662,-2.5032,7.161
1.545580,-4.7421,-5.0681,-2.4419,7.358
1.548510,-4.8491,-5.1328,-2.3877,7.454
1.553359,-4.8968,-5.1138,-2.2521,7.430
1.558489,-4.8282,-5.0742,-2.1117,7.316
1.563456,-4.6961,-4.9770,-1.9716,7.121
1.568493,-4.4667,-4.8759,-1.9705,6.900
1.573767,-4.2047,-4.7762,-1.9648,6.660
1.578709,-3.9140,-4.6455,-1.9567,6.382
1.583344,-3.6778,-4.5034,-2.0183,6.155
1.588396,-3.4909,-4.2834,-2.0740,5.902
1.593305,-3.2427,-4.1248,-2.1827,5.683
1.598469,-3.1003,-3.9513,-2.2979,5.523
1.603691,-3.0215,-3.7727,-2.3964,5.395
1.608471,-2.9169,-3.6226,-2.4083,5.238
1.613481,-2.7065,-3.4869,-2.3817,5.016
1.618280,-2.4954,-3.3562,-2.3270,4.786
1.623256,-2.3788,-3.2641,-2.2251,4.611
1.628611,-2.3993,-3.1914,-2.0571,4.491
1.633165,-2.2892,-3.0569,-1.8134,4.228
1.638216,-2.0563,-2.9087,-1.5040,3.867
1.644076,-1.7962,-2.7754,-1.2044,3.518
1.648340,-1.6084,-2.6331,-0.9479,3.228
1.653187,-1.4347,-2.5631,-0.7866,3.041
1.658264,-1.2647,-2.4219,-0.6343,2.805
1.663589,-1.0261,-2.2142,-0.4619,2.484
1.672465,-0.7702,-2.0309,-0.2605,2.188
1.673797,-0.6114,-1.7620,-0.0818,1.867
1.678121,-0.5349,-1.5512,-0.0023,1.641
1.683307,-0.4397,-1.3695,0.0640,1.440
1.688023,-0.2822,-1.1500,0.0977,1.188
1.692980,-0.0720,-0.9786,0.0270,0.982
1.697915,0.0052,-0.8600,-0.0864,0.864
1.702974,0.0019,-0.6794,-0.1951,0.707
1.707978,-0.0002,-0.5371,-0.2085,0.576
1.712953,0.0229,-0.3852,-0.2322,0.450
1.718017,-0.0439,-0.2860,-0.2470,0.380
1.723137,-0.1912,-0.1726,-0.2575,0.364
1.727843,-0.3374,-0.0686,-0.1876,0.392
1.732778,-0.4349,0.0306,-0.0848,0.444
1.738012,-0.4217,0.0819,-0.0303,0.431
1.743307,-0.3887,0.1524,0.0097,0.418
1.747901,-0.2923,0.1608,0.0159,0.334
1.752696,-0.2473,0.1743,0.0032,0.303
1.757992,-0.2915,0.2119,0.0095,0.360
1.762867,-0.3772,0.2019,-0.0034,0.428
1.768022,-0.4185,0.2448,0.0600,0.489
1.773012,-0.4011,0.2545,0.0799,0.482
1.777601,-0.4210,0.2261,0.0279,0.479
1.783146,-0.4834,0.1933,-0.0479,0.523
1.787909,-0.4965,0.1225,-0.0094,0.512
1.796285,-0.5376,0.0522,-0.0431,0.542
1.797691,-0.6117,0.0110,-0.0914,0.619
1.805967,-0.7479,-0.1018,-0.0872,0.760
1.807620,-0.8507,-0.2717,-0.0735,0.896
1.812464,-0.9832,-0.3983,-0.0545,1.062
1.817584,-1.1211,-0.6060,-0.1215,1.280
1.822535,-1.3133,-0.7659,-0.1494,1.528
1.827519,-1.5891,-0.9067,-0.1574,1.836
1.832479,-1.8630,-1.0718,-0.2461,2.163
1.837535,-2.0880,-1.2181,-0.3580,2.444
1.843286,-2.4136,-1.4130,-0.5025,2.842
1.847428,-2.8310,-1.6994,-0.6755,3.370
1.852287,-3.3946,-1.9820,-0.8100,4.013
1.857431,-4.0624,-2.4188,-0.9392,4.820
1.862638,-5.0708,-2.9813,-0.9287,5.955
1.868098,-6.5279,-3.4596,-0.7248,7.423
1.872957,-8.1349,-3.9404,-0.4367,9.050
1.877312,-9.8401,-4.5490,-0.1488,10.842
1.882249,-11.8822,-5.3432,0.1516,13.029
1.887432,-14.4440,-6.3038,0.6159,15.772
1.895613,-17.4615,-7.4593,1.3289,19.034
1.897478,-20.1859,-8.8225,2.0313,22.123
1.905043,-22.6056,-10.0651,2.8781,24.912
1.907373,-24.3820,-11.7960,3.7529,27.344
1.912158,-24.9451,-14.1991,4.2404,29.015
1.919694,-24.3128,-17.0783,4.1546,30.001
1.922307,-23.1022,-19.8589,3.1870,30.631
1.927332,-24.0851,-20.4353,2.3949,31.677
1.932410,-22.2341,-22.0356,-0.9709,31.319
1.937122,-18.7972,-24.1604,-5.2025,31.050
1.942072,-15.2357,-24.9756,-9.9737,30.909
1.947330,-11.6175,-24.3037,-14.4742,30.580
1.952662,-7.5534,-23.1441,-17.7904,30.153
1.957112,-2.8367,-21.9388,-20.0189,29.835
1.964032,1.8896,-20.3464,-20.8584,29.200
1.967071,5.6908,-18.4877,-20.7703,28.383
1.972446,8.8051,-16.4929,-20.4599,27.716
1.977201,12.8754,-13.5052,-20.5212,27.736
1.982259,18.3549,-9.8562,-21.8597,30.198
1.987054,25.0421,-6.5277,-24.2321,35.453
1.991791,32.0257,-3.6628,-26.6284,41.811
1.997008,38.0962,-1.0252,-28.3454,47.496
2.004958,42.3161,0.9172,-28.7305,51.156
2.007103,43.0348,1.8234,-27.3543,51.025
2.014635,40.3368,1.9441,-23.8806,46.916
2.016797,36.1072,1.4311,-19.3266,40.979
2.022248,31.4355,0.4980,-14.8014,34.749
2.028228,26.5728,-0.0232,-10.3985,28.535
2.031754,22.0255,0.1362,-6.8145,23.056
2.036720,18.0650,0.6380,-4.2770,18.575
2.041623,14.9146,1.1915,-2.8858,15.238
2.047638,12.5696,1.5601,-2.5379,12.918
2.056481,10.6592,1.7909,-2.5554,11.107
2.056926,8.8417,1.9209,-2.4894,9.384
2.061608,7.2785,1.9495,-2.1876,7.846
2.066845,5.9660,1.7621,-1.7421,6.460
2.071562,4.8147,1.3689,-1.2451,5.158
2.076533,3.7731,0.6940,-0.7554,3.910
2.081974,2.7432,-0.1157,-0.2664,2.759
2.086487,1.5180,-0.9303,0.2080,1.793
2.091566,0.2394,-1.7133,0.6378,1.844
2.096524,-0.8950,-2.4883,1.0430,2.843
2.101390,-1.9414,-3.0737,1.4242,3.904
2.106512,-2.9079,-3.7045,1.7483,5.024
2.112304,-3.7144,-4.2036,1.9845,5.950
2.116862,-4.7680,-4.2875,2.2343,6.790
2.122621,-5.2267,-4.4641,2.2368,7.228
2.126411,-5.3451,-4.6296,2.0538,7.364
2.131498,-5.3530,-4.7809,1.6848,7.372
2.136301,-5.4084,-4.8762,1.2102,7.382
2.141723,-5.5040,-4.8830,0.8030,7.402
2.146283,-5.5779,-4.8221,0.3983,7.384
2.151528,-5.6994,-4.7994,-0.0084,7.451
2.156398,-5.8213,-4.7391,-0.2742,7.511
2.161485,-5.8247,-4.6179,-0.6251,7.459
2.166228,-5.8390,-4.5177,-0.9521,7.444
2.171304,-5.9241,-4.3960,-1.2991,7.490
2.176416,-5.9000,-4.2341,-1.6252,7.442
2.181093,-5.7785,-4.1137,-1.8693,7.335
2.186104,-5.6457,-3.9728,-2.0996,7.216
2.191150,-5.4780,-3.8263,-2.2930,7.064
2.196119,-5.3041,-3.6744,-2.4988,6.919
2.201597,-5.0534,-3.5891,-2.6126,6.726
2.206155,-4.8530,-3.5320,-2.7028,6.583
2.211209,-4.5738,-3.4842,-2.7413,6.370
2.216042,-4.2631,-3.5079,-2.7430,6.165
2.221076,-4.0442,-3.4358,-2.5980,5.908
2.226787,-3.8155,-3.2297,-2.3878,5.540
2.231231,-3.5284,-3.0239,-2.2081,5.145
2.236035,-3.1719,-2.8039,-2.0260,4.693
2.240810,-2.8313,-2.6224,-1.8218,4.268
2.246806,-2.5821,-2.3885,-1.6148,3.870
2.254105,-2.3565,-2.1498,-1.3573,3.467
2.256180,-2.0001,-1.9687,-1.1638,3.038
2.263910,-1.6796,-1.8356,-0.8899,2.642
2.265947,-1.3413,-1.6307,-0.5071,2.171
2.270768,-1.0849,-1.4547,-0.1389,1.820
2.276466,-0.8859,-1.3174,0.1577,1.595
2.280911,-0.7009,-1.1995,0.3928,1.444
2.285763,-0.5295,-1.1250,0.5382,1.355
2.290719,-0.3713,-1.0175,0.6660,1.271
2.295804,-0.2887,-0.9150,0.6750,1.173
2.301355,-0.2097,-0.8414,0.5603,1.032
2.305700,-0.1247,-0.8299,0.4457,0.950
2.310630,0.0625,-0.8373,0.2875,0.888
2.315680,0.0884,-0.8538,0.2095,0.884
2.320954,0.0156,-0.8459,0.1591,0.861
2.326523,0.0211,-0.7943,0.1930,0.818
2.331327,0.0713,-0.6944,0.2830,0.753
2.335671,0.1614,-0.6469,0.3910,0.773
2.340543,0.2438,-0.5752,0.4459,0.768
2.345704,0.3523,-0.5034,0.5870,0.850
2.350481,0.4147,-0.3695,0.6426,0.849
2.355512,0.3645,-0.2692,0.7082,0.841
2.364778,0.2632,-0.1500,0.7508,0.810
2.365347,0.1436,-0.0025,0.8283,0.841
2.370308,0.0819,0.1111,0.8832,0.894
2.375504,-0.0133,0.1523,0.8919,0.905
2.380540,-0.1377,0.1404,0.8692,0.891
2.385214,-0.2150,0.1903,0.8048,0.854
2.390113,-0.3319,0.2348,0.7375,0.842
2.395181,-0.4793,0.2310,0.6284,0.823
2.400117,-0.4467,0.2843,0.5011,0.729
2.405274,-0.3394,0.3086,0.3648,0.586
2.410274,-0.2149,0.3136,0.1955,0.427
2.415216,-0.0964,0.2948,0.1072,0.328
2.420468,0.0209,0.2761,0.0806,0.288
2.425376,0.1755,0.2767,0.1063,0.344
2.430098,0.2716,0.2965,0.1843,0.442
2.435198,0.2953,0.2875,0.2672,0.491
2.439968,0.3327,0.2687,0.3938,0.581
2.445053,0.3502,0.2544,0.5642,0.711
2.449987,0.3669,0.2254,0.6734,0.799
2.455048,0.3827,0.2007,0.7648,0.878
2.459870,0.3690,0.2185,0.8144,0.920
2.464927,0.3686,0.2214,0.8082,0.915
2.469884,0.3336,0.2141,0.7750,0.870
2.475802,0.3167,0.2494,0.7477,0.849
2.480024,0.3708,0.2412,0.6640,0.798
2.485264,0.4629,0.2376,0.5765,0.777
2.490119,0.5311,0.2578,0.4607,0.749
2.495265,0.5758,0.2827,0.3261,0.720
2.499859,0.5878,0.2982,0.1628,0.679
2.504768,0.6004,0.3139,0.0611,0.680
2.509664,0.6090,0.3109,0.0258,0.684
2.514885,0.6330,0.3177,-0.0199,0.709
2.519688,0.6338,0.3297,-0.0712,0.718
2.524736,0.5730,0.2750,-0.0704,0.639
2.529776,0.5415,0.2588,-0.0605,0.603
2.534778,0.5153,0.2763,0.0208,0.585
2.539729,0.5084,0.2413,0.0682,0.567
2.544758,0.4537,0.2158,0.1253,0.518
2.549752,0.4471,0.1759,0.1731,0.511
2.554826,0.4643,0.1455,0.1831,0.520
2.559604,0.5539,0.1004,0.2564,0.619
2.564681,1.1629,-0.0077,0.8737,1.455
2.569675,1.9238,-0.0500,1.6241,2.518
2.574710,1.3356,0.3661,1.5777,2.099
2.580250,0.3778,0.7474,1.1406,1.415
2.584724,0.3864,0.4770,0.9064,1.095
2.589681,0.7931,0.1013,0.7120,1.071
2.594668,0.8036,0.0275,0.5714,0.986
2.599437,0.4313,0.1499,0.4263,0.625
2.604639,0.1495,0.2483,0.2904,0.410
2.612470,0.0249,0.3085,0.1877,0.362
2.614648,0.0192,0.2060,0.0462,0.212
2.624679,0.0418,0.1038,-0.0958,0.147
2.625013,-0.0172,0.0164,-0.2144,0.216
2.629402,-0.1052,-0.0372,-0.2665,0.289
2.634425,-0.2130,-0.0954,-0.2568,0.347
2.639451,-0.3074,-0.1536,-0.2522,0.426
2.644372,-0.4314,-0.1830,-0.3627,0.593
2.649273,-0.5519,-0.2602,-0.4588,0.763
2.654453,-0.6018,-0.2800,-0.5551,0.865
2.659825,-0.7009,-0.2853,-0.6950,1.027
2.664446,-0.8014,-0.3336,-0.7539,1.150
2.669216,-0.8845,-0.3962,-0.7608,1.232
2.674076,-1.0125,-0.4204,-0.6822,1.291
2.679392,-1.0560,-0.4925,-0.5035,1.269
2.684764,-1.0249,-0.5218,-0.2768,1.183
2.689301,-0.9955,-0.5705,-0.1166,1.153
2.694287,-0.9823,-0.6389,0.1117,1.177
2.699450,-1.0330,-0.6361,0.2836,1.246
2.704435,-0.9846,-0.6386,0.4426,1.254
2.709819,-0.9376,-0.6083,0.5263,1.235
2.714200,-0.8584,-0.6121,0.5589,1.193
2.719123,-0.7419,-0.5684,0.5734,1.096
2.724154,-0.6645,-0.5537,0.5456,1.023
2.729293,-0.5491,-0.5105,0.5040,0.903
2.737389,-0.3811,-0.4146,0.4672,0.732
2.739398,-0.2176,-0.3235,0.3919,0.553
2.749568,-0.1016,-0.2801,0.2636,0.398
2.749869,0.0489,-0.2556,0.1829,0.318
2.754059,0.2196,-0.2212,0.1208,0.334
2.759528,0.3008,-0.1530,0.0246,0.338
2.764119,0.3546,-0.0655,-0.0672,0.367
2.768873,0.4387,-0.0065,-0.1116,0.453
2.773863,0.5770,0.0575,-0.1755,0.606
2.779016,0.6596,0.1216,-0.1967,0.699
2.784754,0.7106,0.1430,-0.2233,0.758
2.788952,0.8162,0.2269,-0.1595,0.862
2.793900,0.9001,0.2871,-0.1780,0.961
2.798891,0.9339,0.3669,-0.2166,1.026
2.803812,0.9748,0.3944,-0.2180,1.074
2.808721,0.9700,0.3794,-0.2017,1.061
2.813865,0.8761,0.3793,-0.1964,0.975
2.818739,0.7454,0.3893,-0.1734,0.859
2.823789,0.5675,0.3424,-0.1326,0.676
2.828919,0.3706,0.2909,-0.1404,0.492
2.833798,0.1737,0.2396,-0.1486,0.331
2.839353,0.0336,0.1692,-0.1471,0.227
2.846913,-0.0977,0.0700,-0.0640,0.136
2.848716,-0.1823,-0.0008,0.0440,0.188
2.856208,-0.2153,-0.0719,0.1866,0.294
2.858677,-0.2640,-0.1291,0.2252,0.370
2.863574,-0.2610,-0.1916,0.1885,0.375
2.868551,-0.2543,-0.1826,0.1531,0.348
2.874243,-0.2724,-0.1262,0.1140,0.321
2.878449,-0.3009,-0.0556,0.0560,0.311
2.883607,-0.2247,-0.0233,-0.1124,0.252
2.888546,-0.1825,-0.0242,-0.2242,0.290
2.893433,-0.2653,-0.0488,-0.2557,0.372
2.898345,-0.2383,-0.0299,-0.1974,0.311
2.903562,-0.1878,0.0467,-0.1213,0.228
2.908437,-0.1471,0.0470,-0.0270,0.157
2.913526,-0.0682,-0.0292,0.0953,0.121
2.918255,-0.0179,-0.0669,0.1552,0.170
2.923439,-0.0155,-0.0903,0.2392,0.256
2.928307,-0.0420,-0.0564,0.2947,0.303
2.933362,-0.0544,-0.0180,0.3125,0.318
2.938201,-0.0815,-0.0086,0.3265,0.337
2.943324,-0.0658,-0.0426,0.3415,0.350
2.948613,-0.1128,-0.0339,0.2953,0.318
2.954473,-0.1028,-0.0112,0.2166,0.240
2.958204,-0.1649,-0.0222,0.1580,0.229
2.966612,-0.2178,-0.0527,0.1576,0.274
2.968095,-0.1035,0.0124,0.1484,0.181
2.973461,-0.0800,0.0677,0.0964,0.142
2.978087,-0.0467,0.0991,0.0207,0.111
2.983252,-0.0178,0.0921,0.0598,0.111
2.988431,-0.0222,0.1188,0.0653,0.137
2.993172,-0.0070,0.1312,0.0605,0.145
2.997935,-0.0055,0.1582,0.0553,0.168
3.004081,-0.0373,0.2045,0.0880,0.226
3.008120,-0.2606,0.1406,0.1780,0.345
3.013043,-0.1585,0.1055,0.1531,0.244
3.018026,-0.1090,0.1279,0.2192,0.276
3.023345,-0.1791,0.1789,0.2039,0.325
3.027870,-0.2108,0.1725,0.1694,0.321
3.032964,-0.2043,0.1756,0.1783,0.323
3.038016,-0.1930,0.1356,0.1824,0.298
3.043480,-0.2489,0.1243,0.1437,0.313
3.047947,-0.2761,0.1034,0.1196,0.318
3.052947,-0.2938,0.1159,0.1198,0.338
3.057730,-0.2829,0.1187,0.0821,0.318
3.063081,-0.2653,0.1348,0.0919,0.311
3.074766,-0.2574,0.1079,0.0496,0.283
3.075007,-0.2114,0.1003,0.0125,0.234
3.077559,-0.1658,0.1640,-0.0101,0.233
3.082684,-0.1726,0.1559,-0.0563,0.239
3.087721,-0.1364,0.1432,-0.0880,0.216
3.093039,-0.1288,0.1355,-0.0865,0.206
3.097807,-0.0783,0.1946,-0.1001,0.232
3.103062,-0.0706,0.1917,-0.1807,0.273
3.107696,-0.0676,0.1985,-0.2187,0.303
3.112812,-0.0786,0.1579,-0.1094,0.208
3.117869,-0.0942,0.1176,0.0798,0.171
3.122617,-0.1097,0.1250,0.1681,0.236
3.127421,-0.1777,0.0942,0.1943,0.280
3.132501,-0.2552,0.0493,0.2019,0.329
3.137725,-0.3185,0.0188,0.1575,0.356
3.143182,-0.2821,0.0169,0.1043,0.301
3.147651,-0.2989,-0.0326,0.0901,0.314
3.152478,-0.4160,-0.0534,0.1239,0.437
3.157357,-0.4523,-0.0504,0.1008,0.466
3.163515,-0.4080,-0.0805,-0.2886,0.506
3.168148,-0.2111,-0.0853,-1.9999,2.013
3.173040,-0.0197,0.0019,-2.2062,2.206
3.177202,0.0893,0.0608,-0.8510,0.858
3.182369,0.2832,0.0102,0.0122,0.284
3.187339,0.3050,-0.1161,0.2700,0.424
3.195660,0.3705,-0.2605,0.4362,0.629
3.197283,0.4795,-0.4278,0.6403,0.907
3.203634,0.4555,-0.4802,0.9636,1.169
3.207154,0.3752,-0.4425,1.1537,1.291
3.212378,0.3291,-0.3491,1.1602,1.255
3.217528,0.3453,-0.3285,1.0507,1.154
3.223031,0.2665,-0.2851,0.8921,0.974
3.227075,0.1691,-0.1854,0.8078,0.846
3.232133,0.1577,-0.1391,0.6397,0.673
3.237112,0.0844,-0.1409,0.4259,0.457
3.242943,-0.0693,-0.2091,0.1948,0.294
3.247130,-0.2034,-0.2622,-0.1402,0.360
3.252082,-0.1657,-0.2146,-0.4836,0.554
3.256955,-0.1477,-0.1430,-0.7506,0.778
