0.002362,0.1707,0.2627,-0.7622,0.824
0.004744,0.1872,0.2372,-0.8438,0.896
0.008419,0.2182,0.1985,-0.8702,0.919
0.013704,0.2257,0.1704,-0.8182,0.866
0.018428,0.2577,0.0813,-0.7545,0.801
0.024155,0.3806,0.0789,-0.6311,0.741
0.028223,0.4895,0.0293,-0.4146,0.642
0.033441,1.0323,-0.1387,-0.3384,1.095
0.038322,0.7744,0.0367,-0.3148,0.837
0.043208,0.5627,0.2485,-0.0966,0.623
0.048332,0.6198,0.1925,0.1343,0.663
0.053220,0.4869,0.0609,0.2540,0.553
0.058645,0.4126,-0.0126,0.2251,0.470
0.063286,0.3870,0.0144,0.2440,0.458
0.068150,0.3424,-0.0018,0.3348,0.479
0.073688,0.2987,-0.0418,0.5157,0.597
0.078425,0.2218,-0.0438,0.6488,0.687
0.083185,0.1593,-0.0463,0.7398,0.758
0.088211,0.1253,-0.0399,0.8132,0.824
0.093262,0.0622,-0.0864,0.8547,0.861
0.098654,0.0365,-0.1189,0.8505,0.860
0.103195,-0.0419,-0.1755,0.8247,0.844
0.108311,-0.0826,-0.1894,0.7771,0.804
0.113401,-0.1621,-0.2085,0.7649,0.809
0.118228,-0.1756,-0.1993,0.6925,0.742
0.123469,-0.1854,-0.2429,0.6126,0.685
0.128019,-0.2104,-0.2483,0.5246,0.617
0.133217,-0.2266,-0.2349,0.4287,0.539
0.138085,-0.2294,-0.2549,0.2912,0.450
0.142914,-0.2473,-0.2415,0.2119,0.405
0.148309,-0.2565,-0.1996,0.1142,0.344
0.158028,-0.2805,-0.2103,0.0550,0.355
0.158435,-0.2908,-0.2254,0.0151,0.368
0.163076,-0.2969,-0.1977,-0.0102,0.357
0.167886,-0.3371,-0.1891,-0.0925,0.397
0.177131,-0.3347,-0.1520,-0.1126,0.384
0.180041,-0.3187,-0.1483,-0.1137,0.369
0.182962,-0.3413,-0.1257,-0.1196,0.383
0.187869,-0.3547,-0.1079,-0.1114,0.387
0.193107,-0.3261,-0.0855,-0.0603,0.342
0.198005,-0.2889,-0.0918,-0.0143,0.303
0.203072,-0.2904,-0.0933,0.0125,0.305
0.207935,-0.2492,-0.0759,0.0060,0.261
0.213597,-0.2178,-0.0682,-0.0051,0.228
0.217768,-0.1865,-0.0795,0.0361,0.206
0.222976,-0.1934,-0.0622,0.0630,0.213
0.227737,-0.1568,-0.0499,0.0704,0.179
0.232802,-0.1674,-0.0423,0.0445,0.178
0.237705,-0.1772,-0.0729,0.0329,0.194
0.242695,-0.2050,-0.0223,0.0163,0.207
0.247748,-0.2271,-0.0337,0.0039,0.230
0.252866,-0.3004,-0.0259,-0.0183,0.302
0.257756,-0.3581,-0.0275,-0.0457,0.362
0.262784,-0.4195,-0.0478,-0.0642,0.427
0.267488,-0.5132,-0.0344,-0.0407,0.516
0.272566,-0.5775,-0.0400,0.0059,0.579
0.277900,-0.6317,0.0020,0.0233,0.632
0.282702,-0.6761,0.0152,0.1212,0.687
0.287463,-0.6825,0.0140,0.1949,0.710
0.292853,-0.6653,0.0174,0.2210,0.701
0.300000,-0.6914,-0.0032,0.2760,0.744
0.302785,-0.7084,-0.0428,0.3170,0.777
0.307468,-0.7260,-0.0586,0.3300,0.800
0.314516,-0.7678,-0.0745,0.3200,0.835
0.317191,-0.7578,-0.0810,0.3300,0.830
0.322761,-0.7631,-0.1305,0.3220,0.838
0.328180,-0.7358,-0.1750,0.3007,0.814
0.332376,-0.7141,-0.2005,0.3373,0.815
0.337237,-0.6885,-0.2401,0.3458,0.807
0.342188,-0.6545,-0.2748,0.2932,0.768
0.347145,-0.6594,-0.2572,0.3080,0.772
0.352840,-0.6603,-0.3158,0.3091,0.794
0.357277,-0.6285,-0.3265,0.3105,0.773
0.362259,-0.5929,-0.3562,0.2837,0.748
0.367267,-0.5440,-0.3332,0.2332,0.679
0.372183,-0.5438,-0.3534,0.2359,0.690
0.377804,-0.5731,-0.3828,0.2624,0.738
0.382539,-0.5557,-0.3978,0.2985,0.746
0.387053,-0.5302,-0.4555,0.3252,0.771
0.392023,-0.6302,-0.4750,0.4526,0.910
0.397079,-0.7314,-0.4803,0.6184,1.071
0.402773,-0.7920,-0.4672,0.7901,1.212
0.407190,-0.7556,-0.4691,0.9108,1.273
0.412498,-0.6991,-0.4811,1.0004,1.312
0.416832,-0.6512,-0.4843,1.0736,1.346
0.422722,-0.6118,-0.4785,1.0641,1.317
0.432034,-0.5564,-0.4164,1.1242,1.322
0.432394,-0.5102,-0.3650,1.1695,1.327
0.436744,-0.4585,-0.3575,1.1995,1.333
0.442640,-0.4488,-0.3221,1.2145,1.334
0.446821,-0.4571,-0.2542,1.2145,1.322
0.452723,-0.4308,-0.2726,1.1949,1.299
0.456784,-0.3734,-0.2813,1.2019,1.290
0.461755,-0.2969,-0.2713,1.2335,1.297
0.466792,-0.2334,-0.3279,1.3216,1.382
0.471715,-0.0877,-0.3365,1.4518,1.493
0.476561,0.0780,-0.3402,1.6148,1.652
0.481754,0.1971,-0.3580,1.7393,1.787
0.486669,0.4477,-0.3418,1.7953,1.882
0.491593,0.6696,-0.3256,1.9344,2.073
0.496599,0.9221,-0.3374,2.0735,2.294
0.502651,1.1148,-0.2867,2.1365,2.427
0.506620,1.2255,-0.2118,2.1187,2.457
0.512457,1.3377,-0.1180,2.0159,2.422
0.516476,1.6486,0.0339,1.8963,2.513
0.521548,1.9454,0.2007,1.7552,2.628
0.527896,2.1494,0.3109,1.5705,2.680
0.531699,2.2760,0.4599,1.3564,2.689
0.536553,2.4023,0.6813,1.0692,2.716
0.541892,2.5672,0.8649,0.6646,2.789
0.546689,2.7142,0.9345,0.0997,2.872
0.551797,2.8517,1.0671,-0.5118,3.088
0.558557,3.0195,1.2191,-1.1126,3.441
0.566929,3.2321,1.3616,-1.6762,3.887
0.567341,3.3509,1.4607,-2.1378,4.235
0.571432,3.3757,1.5068,-2.4561,4.438
0.576176,3.4019,1.5856,-2.6775,4.610
0.581243,3.4051,1.6204,-2.8565,4.731
0.586472,3.4859,1.6396,-2.9140,4.830
0.591289,3.5388,1.6335,-2.9459,4.886
0.596185,3.5976,1.5636,-3.0144,4.947
0.601194,3.7677,1.5303,-2.9757,5.039
0.606407,3.9484,1.3853,-2.8341,5.054
0.611619,4.0797,1.2767,-2.6210,5.014
0.616557,4.1565,1.2047,-2.2829,4.893
0.621742,4.1266,1.1787,-2.0338,4.749
0.626079,4.0614,1.1178,-1.9542,4.644
0.631207,4.0610,0.9841,-2.0481,4.653
0.636178,4.0712,0.7162,-2.3867,4.773
0.641530,4.0705,0.6629,-2.2394,4.693
0.646249,3.8952,0.6997,-2.2663,4.561
0.651031,3.7702,0.5259,-2.4997,4.554
0.656081,3.7095,0.2523,-2.5661,4.518
0.661031,3.3976,0.1087,-2.5324,4.239
0.666326,3.1532,0.0667,-2.5069,4.029
0.670945,2.9944,0.0350,-2.4960,3.898
0.675869,2.8476,-0.1913,-2.5937,3.857
0.681623,2.6799,-0.4967,-2.8373,3.934
0.692157,2.4339,-0.8423,-3.0205,3.969
0.692675,2.1140,-1.1703,-3.1381,3.961
0.695817,1.6934,-1.4756,-3.1307,3.853
0.700776,1.2098,-1.7295,-3.1680,3.807
0.705904,0.7120,-1.9699,-3.2138,3.836
0.711177,0.3422,-2.1967,-3.2772,3.960
0.715686,0.0085,-2.4530,-3.3429,4.146
0.720710,-0.4098,-2.6670,-3.4679,4.394
0.725684,-0.8682,-2.8199,-3.6795,4.716
0.730791,-1.1897,-3.0550,-4.0036,5.175
0.736161,-1.7365,-3.3150,-4.4346,5.803
0.741299,-2.3512,-3.5808,-4.8104,6.441
0.745586,-2.9492,-3.7857,-5.0358,6.956
0.750607,-3.5940,-3.9734,-5.2261,7.484
0.755582,-4.2415,-4.1783,-5.4475,8.070
0.761108,-4.8647,-4.4477,-5.4727,8.567
0.765558,-5.4200,-4.7111,-5.2960,8.923
0.770565,-6.1151,-4.9310,-4.9650,9.293
0.775538,-6.9952,-5.0612,-4.4793,9.727
0.780633,-7.8813,-5.1702,-3.8378,10.177
0.786492,-8.8356,-5.2410,-3.0908,10.728
0.791168,-9.9457,-5.2366,-2.5978,11.536
0.795463,-11.1971,-5.2593,-2.5106,12.623
0.801136,-12.4024,-5.4965,-2.7151,13.835
0.805583,-13.5468,-5.9151,-2.9911,15.082
0.811966,-14.8260,-6.3528,-3.0991,16.425
0.815490,-16.1024,-6.7468,-2.9898,17.713
0.820882,-16.7861,-7.3602,-2.9713,18.568
0.825707,-17.1013,-8.2996,-3.0571,19.253
0.830715,-17.1768,-9.4510,-2.8730,19.815
0.838948,-17.0154,-10.7049,-2.6559,20.277
0.840262,-16.6423,-11.7790,-2.5079,20.543
0.845462,-15.7678,-12.8110,-2.6451,20.488
0.850547,-14.4320,-13.8441,-3.3872,20.283
0.855611,-13.0683,-14.7374,-4.1072,20.121
0.862117,-11.2836,-15.3613,-5.4660,19.828
0.865367,-9.2685,-15.5641,-7.0642,19.443
0.875233,-7.1276,-15.3297,-8.5354,18.938
0.875820,-4.5195,-14.8569,-10.1064,18.528
0.880128,-1.4790,-13.9103,-11.7809,18.289
0.885930,2.1832,-12.1831,-13.3739,18.222
0.890520,6.9005,-9.9779,-14.9303,19.238
0.895159,12.1840,-7.9407,-15.8168,21.487
0.900099,18.5895,-4.6523,-16.7084,25.424
0.905991,25.0930,-1.0779,-16.8515,30.246
0.916617,29.6900,1.4985,-17.2791,34.385
0.917630,33.9815,4.1730,-17.1688,38.300
0.920560,37.1231,6.3080,-15.5400,40.736
0.924891,38.2055,7.5982,-13.1335,41.108
0.930102,37.1807,8.2848,-10.4094,39.489
0.937313,34.7719,8.3744,-7.4220,36.528
0.940108,31.4407,7.9331,-4.4403,32.729
0.944751,27.7712,7.4282,-1.6214,28.793
0.949713,24.5827,6.7680,0.5134,25.503
0.954764,21.4813,6.0839,1.6702,22.389
0.959774,18.3745,5.3999,1.9779,19.253
0.965113,15.3377,4.7607,1.6535,16.144
0.970689,12.6604,4.1587,1.2641,13.386
0.974799,10.4419,3.4364,1.0177,11.040
0.980017,8.5313,2.6481,0.7630,8.965
0.984642,6.8638,1.7905,0.3914,7.104
0.989994,5.4035,0.9559,-0.1575,5.490
0.994832,4.0627,-0.4079,-0.8954,4.180
0.999819,2.4677,-1.9442,-1.5077,3.485
1.004645,0.5463,-2.8987,-2.1322,3.640
1.009658,-1.4102,-3.6636,-3.0597,4.977
1.014665,-3.1005,-4.5832,-4.1601,6.923
1.019574,-4.9325,-5.5330,-5.1743,9.040
1.024525,-6.8706,-6.4130,-5.7604,11.023
1.029910,-8.8483,-7.0298,-5.8936,12.745
1.034660,-11.2102,-7.3096,-5.9183,14.633
1.039626,-14.6422,-7.2564,-6.0481,17.425
1.044412,-18.7065,-7.6056,-6.2989,21.153
1.049508,-22.5778,-8.2886,-5.9749,24.782
1.054752,-26.0254,-8.4531,-5.0018,27.817
1.060112,-28.8835,-8.6101,-3.9809,30.401
1.066847,-30.5444,-9.8742,-3.3967,32.280
1.069314,-30.8553,-12.1025,-2.9613,33.276
1.074290,-30.6650,-14.1707,-2.5566,33.878
1.079278,-30.0234,-15.8581,-2.8104,34.070
1.084295,-27.8409,-18.0796,-3.8511,33.419
1.089334,-24.8813,-20.2854,-5.5839,32.585
1.095961,-21.4960,-21.7357,-7.7877,31.546
1.099250,-17.9091,-22.3498,-10.3378,30.449
1.104144,-14.0733,-22.2846,-12.9551,29.368
1.109128,-10.1396,-21.5282,-15.3043,28.293
1.114211,-6.2933,-20.1182,-17.3056,27.273
1.120569,-2.3720,-18.3972,-18.8574,26.452
1.124210,1.3057,-16.2910,-19.7212,25.613
1.129046,4.4649,-13.7046,-19.7597,24.458
1.134196,7.8527,-10.9736,-19.3369,23.580
1.139303,11.3617,-7.9362,-18.6834,23.262
1.147881,15.4095,-4.7590,-17.9388,24.123
1.149337,20.0904,-1.7823,-17.1629,26.483
1.154151,25.0306,0.7246,-16.1271,29.785
1.159117,29.7638,2.6988,-14.5944,33.259
1.164188,33.1494,4.1632,-12.5048,35.673
1.169319,35.0125,5.0826,-9.9622,36.755
1.174195,35.8060,5.4692,-6.9051,36.874
1.179033,35.4469,5.6159,-3.7118,36.080
1.184064,33.7224,5.6329,-0.7250,34.197
1.189269,30.6954,5.5143,1.6931,31.233
1.197823,27.1995,5.6512,3.4052,27.988
1.198962,23.4620,5.6958,4.3192,24.527
1.203881,19.9085,5.6065,4.6315,21.195
1.208984,16.5977,5.4633,4.5662,18.061
1.214377,13.4625,5.2912,4.2373,15.073
1.220933,10.6233,4.9395,3.6534,12.272
1.223675,7.9758,4.4773,2.9549,9.612
1.228792,5.6547,3.9684,2.1958,7.249
1.233760,3.9017,3.2195,1.5654,5.295
1.238963,2.4860,2.3090,0.9003,3.510
1.244225,1.2290,1.3878,0.3138,1.880
1.248925,0.1568,0.5855,-0.2227,0.646
1.253818,-0.6998,-0.2655,-0.7910,1.089
1.258986,-1.3624,-1.0741,-1.3921,2.224
1.263696,-1.8333,-1.7869,-2.0975,3.310
1.269271,-2.2886,-2.4777,-2.9167,4.459
1.273672,-2.8651,-3.2172,-3.6787,5.665
1.278671,-3.4180,-3.8573,-4.3478,6.743
1.283653,-3.9129,-4.3748,-5.0319,7.731
1.288635,-4.5305,-4.7804,-5.6050,8.648
1.294503,-5.3639,-4.9749,-5.9591,9.436
1.299231,-5.9010,-5.0371,-5.9346,9.768
1.303534,-6.1094,-5.1645,-5.5266,9.723
1.308754,-6.0997,-5.1914,-4.7731,9.324
1.313439,-5.8380,-5.1050,-3.8641,8.665
1.321740,-5.4194,-4.9690,-2.9896,7.937
1.323576,-4.8779,-4.8565,-2.1381,7.208
1.328495,-4.3323,-4.7390,-1.4336,6.579
1.333649,-3.7157,-4.6221,-0.9085,6.000
1.338628,-3.2707,-4.4918,-0.5579,5.584
1.344225,-2.9048,-4.2718,-0.4302,5.184
1.348469,-2.5593,-4.0390,-0.4974,4.807
1.353457,-2.2338,-3.8747,-0.5840,4.510
1.358419,-1.8245,-3.6445,-0.7054,4.136
1.363310,-1.4367,-3.4107,-0.9345,3.817
1.369080,-1.1364,-3.2211,-1.2390,3.633
1.373244,-0.9226,-3.0180,-1.4908,3.490
1.378513,-0.7853,-2.8636,-1.6814,3.412
1.383279,-0.6576,-2.7291,-1.7356,3.300
1.388322,-0.5668,-2.5667,-1.7444,3.155
1.394389,-0.6428,-2.4147,-1.7325,3.041
1.398403,-0.7226,-2.2492,-1.6715,2.894
1.403353,-0.7199,-2.0464,-1.5188,2.648
1.408215,-0.5720,-1.8445,-1.2837,2.319
1.413172,-0.2883,-1.6912,-1.1236,2.051
1.418218,-0.0685,-1.6053,-0.9229,1.853
1.423062,0.0688,-1.5817,-0.6379,1.707
1.428131,0.0959,-1.5104,-0.3443,1.552
1.433076,0.1134,-1.3722,0.0975,1.380
1.438996,0.1602,-1.2198,0.4924,1.325
1.442988,0.2028,-1.0247,0.6979,1.256
1.448011,0.2275,-0.8727,0.8533,1.242
1.455089,0.2488,-0.7733,0.7625,1.114
1.458185,0.1759,-0.6930,0.6507,0.967
1.464050,0.0710,-0.6268,0.4792,0.792
1.467903,0.0734,-0.5412,0.1806,0.575
1.472786,0.0678,-0.3978,-0.1120,0.419
1.477887,-0.0358,-0.2970,-0.4229,0.518
1.482972,-0.1321,-0.2051,-0.7150,0.755
1.487822,-0.1639,-0.1556,-1.0799,1.103
1.492868,-0.1453,-0.1387,-1.4561,1.470
1.498044,-0.1336,-0.1589,-1.7249,1.737
1.502858,-0.0957,-0.2114,-1.9104,1.924
1.507979,-0.1404,-0.3532,-2.0891,2.123
1.513330,-0.2253,-0.4933,-2.2322,2.297
1.517776,-0.3553,-0.6702,-2.2679,2.391
1.522734,-0.5023,-0.7691,-2.3443,2.518
1.527719,-0.6957,-0.9003,-2.3465,2.608
1.532762,-0.8892,-1.0835,-2.3555,2.741
1.537732,-1.1490,-1.2896,-2.3191,2.892
1.542613,-1.3569,-1.4759,-2.2943,3.047
1.547609,-1.4945,-1.7098,-2.3189,3.246
1.552383,-1.6389,-1.9578,-2.4360,3.529
1.557528,-1.8627,-2.2059,-2.6599,3.926
1.562629,-2.1092,-2.4354,-2.8852,4.325
1.567486,-2.3487,-2.7081,-3.0891,4.732
1.572480,-2.5013,-3.0292,-3.3436,5.159
1.577416,-2.7780,-3.3941,-3.5344,5.633
1.582681,-3.3233,-3.8126,-3.6763,6.253
1.587358,-4.1240,-4.2377,-3.6977,6.974
1.592264,-4.9671,-4.6656,-3.5599,7.688
1.597647,-6.0088,-5.1074,-3.2827,8.542
1.608110,-7.4920,-5.4931,-2.7163,9.679
1.608612,-9.3010,-5.9585,-1.9663,11.220
1.612583,-11.0100,-6.4863,-1.1420,12.830
1.617217,-12.4910,-7.1307,-0.3428,14.387
1.622461,-14.1743,-7.8159,0.3530,16.190
1.627498,-16.3769,-8.4104,0.9609,18.435
1.632270,-18.7252,-9.3009,1.2416,20.945
1.638699,-20.4685,-10.6000,1.4557,23.096
1.642710,-21.2277,-12.3798,1.6564,24.630
1.647730,-21.3762,-14.3562,1.8414,25.815
1.654225,-21.0773,-16.4917,1.7597,26.820
1.657189,-20.5780,-18.5737,1.1283,27.744
1.667000,-19.8773,-20.3996,-0.3568,28.485
1.667451,-18.5995,-21.8633,-2.8815,28.849
1.673270,-16.6493,-22.7886,-6.3735,28.933
1.677137,-14.3467,-23.0066,-10.3005,29.004
1.682546,-11.9202,-22.5547,-14.0700,29.134
1.688261,-9.2254,-21.8330,-17.1671,29.266
1.692349,-6.0470,-21.0755,-18.9362,28.971
1.697123,-2.0008,-20.2307,-19.9370,28.474
1.703195,2.4523,-19.2549,-20.5148,28.242
1.707110,6.7602,-18.1588,-21.0455,28.607
1.712441,10.4871,-16.7904,-21.3226,29.096
1.716989,14.7501,-14.5678,-21.1406,29.609
1.722108,20.3073,-11.4597,-21.1591,31.487
1.730606,26.7168,-7.8225,-21.9866,35.474
1.732072,33.3323,-4.1625,-23.6052,41.056
1.741464,39.0122,-0.8291,-25.1229,46.409
1.742129,42.5313,1.7417,-25.2893,49.513
1.746833,43.1530,3.3922,-23.3591,49.187
1.751933,41.3045,4.4352,-19.9315,46.076
1.756942,38.1867,5.0444,-16.0676,41.735
1.762405,34.4909,5.2929,-12.3554,37.017
1.766775,30.3608,5.4288,-9.2639,32.204
1.772306,26.0753,5.5050,-7.0906,27.577
1.780195,21.7950,5.4016,-6.0420,23.253
1.781771,17.8602,5.1416,-5.8555,19.486
1.786957,14.6384,4.9358,-5.5474,16.414
1.791536,12.0863,4.6586,-4.8820,13.843
1.796672,10.1000,4.0735,-4.0290,11.612
1.802336,8.5167,3.2090,-3.1448,9.629
1.806655,6.9488,2.2162,-2.2625,7.637
1.812918,5.4375,1.0853,-1.4693,5.736
1.824491,3.7373,-0.0521,-0.8279,3.828
1.830506,1.8734,-1.0376,-0.1823,2.149
1.830979,0.1664,-1.8466,0.3052,1.879
1.831473,-1.1780,-2.4885,0.7077,2.843
1.838731,-2.2589,-2.9548,0.9696,3.844
1.841362,-3.0117,-3.3331,1.1592,4.639
1.846585,-3.5035,-3.6241,1.1879,5.179
1.851475,-3.9692,-3.9031,1.0427,5.664
1.856571,-4.3072,-4.1515,0.6858,6.021
1.861272,-4.6047,-4.3467,0.2740,6.338
1.866471,-4.8961,-4.4801,-0.1658,6.639
1.871236,-5.1193,-4.5386,-0.5682,6.865
1.876335,-5.1671,-4.5947,-1.0589,6.995
1.881816,-5.1024,-4.6449,-1.6127,7.086
1.886380,-5.0614,-4.6753,-2.0628,7.192
1.891292,-4.9628,-4.7151,-2.4345,7.266
1.896232,-4.8069,-4.7698,-2.7103,7.294
1.901404,-4.7227,-4.8015,-2.9386,7.348
1.906495,-4.6592,-4.7869,-3.0240,7.333
1.911601,-4.6618,-4.7504,-3.0585,7.325
1.916248,-4.7850,-4.5827,-2.9273,7.243
1.921193,-4.6084,-4.6239,-2.8843,7.137
1.926389,-4.5342,-4.6110,-2.9492,7.108
1.931201,-4.5960,-4.4536,-2.8929,7.023
1.938165,-4.5362,-4.2816,-2.8063,6.840
1.942031,-4.3770,-4.1191,-2.6902,6.585
1.948718,-4.2386,-3.9520,-2.5108,6.316
1.951176,-4.0485,-3.7472,-2.3546,5.998
1.955999,-3.9067,-3.5812,-2.2074,5.741
1.960831,-3.7791,-3.3012,-2.0405,5.417
1.966229,-3.6510,-3.0892,-1.8828,5.140
1.971039,-3.4973,-2.8827,-1.8169,4.883
1.976093,-3.2890,-2.6625,-1.7280,4.571
1.981247,-3.0204,-2.4478,-1.5298,4.178
1.985981,-2.6906,-2.2816,-1.3325,3.771
1.990901,-2.3749,-2.0682,-1.0879,3.332
1.995871,-2.0532,-1.8649,-0.8291,2.895
2.001372,-1.8014,-1.6477,-0.5562,2.504
2.005941,-1.5372,-1.4838,-0.3165,2.160
2.010889,-1.2503,-1.2771,-0.1052,1.790
2.015758,-0.9785,-1.0614,-0.0326,1.444
2.020789,-0.7117,-0.9128,-0.0512,1.159
2.025661,-0.5019,-0.8407,-0.1421,0.989
2.030729,-0.3442,-0.7827,-0.1819,0.874
2.036574,-0.2144,-0.7722,-0.1705,0.819
2.040609,-0.1937,-0.7756,-0.0891,0.804
2.045633,-0.1961,-0.7308,0.0145,0.757
2.050764,-0.2457,-0.6760,0.2410,0.759
2.056011,-0.3139,-0.5924,0.4764,0.822
2.065561,-0.4158,-0.5184,0.6727,0.946
2.066205,-0.4795,-0.4349,0.8834,1.095
2.070483,-0.4576,-0.3086,1.0851,1.217
2.075509,-0.3784,-0.2065,1.1678,1.245
2.080494,-0.2131,-0.1239,1.2278,1.252
2.085572,-0.1002,-0.0704,1.3280,1.334
2.090542,0.0130,0.0449,1.4492,1.450
2.095632,0.0645,0.1405,1.5436,1.551
2.100759,0.0878,0.2451,1.5496,1.571
2.105432,0.1739,0.2869,1.5148,1.551
2.110661,0.1504,0.3187,1.4199,1.463
2.115512,0.1225,0.3452,1.2938,1.345
2.121142,0.0517,0.3428,1.1022,1.155
2.125316,0.0575,0.3737,0.9071,0.983
2.130410,0.1688,0.3757,0.6934,0.806
2.135677,0.2513,0.3349,0.4846,0.640
2.140302,0.2673,0.2799,0.3042,0.492
2.145747,0.2739,0.2396,0.1760,0.404
2.150261,0.3432,0.2667,0.1136,0.449
2.155511,0.4178,0.3132,0.1365,0.540
2.160604,0.4931,0.3121,0.1727,0.609
2.165349,0.5691,0.2969,0.1747,0.665
2.170296,0.5691,0.2771,0.2100,0.667
2.175390,0.5407,0.2525,0.2887,0.663
2.180701,0.5272,0.2567,0.3771,0.697
2.188338,0.4901,0.2319,0.4664,0.715
2.190292,0.4531,0.1925,0.5475,0.736
2.197708,0.3777,0.1862,0.6017,0.734
2.200111,0.2731,0.1985,0.5667,0.660
2.205140,0.1774,0.2199,0.5048,0.579
2.210705,0.1767,0.2027,0.3389,0.433
2.215184,0.1513,0.1565,0.1789,0.282
2.219908,0.0582,0.1293,0.0529,0.151
2.225188,0.0360,0.1165,-0.0393,0.128
2.230086,0.0415,0.1180,-0.1554,0.199
2.235581,0.0511,0.0908,-0.3055,0.323
2.240290,0.0597,0.0496,-0.3796,0.387
2.244950,0.0438,0.0468,-0.4739,0.478
2.250140,0.0272,0.0252,-0.4972,0.499
2.254981,0.0388,-0.0010,-0.4640,0.466
2.260708,0.0497,-0.0078,-0.3982,0.401
2.265294,0.1032,0.0237,-0.3089,0.327
2.269722,0.2566,0.0217,-0.2200,0.339
2.275453,0.3525,-0.0187,-0.1163,0.372
2.280750,0.4198,-0.0400,-0.0360,0.423
2.288086,0.4106,-0.0759,0.0403,0.419
2.289834,0.3726,-0.0881,0.1081,0.398
2.299057,0.3393,-0.0623,0.1339,0.370
2.299787,0.4211,-0.0944,0.1468,0.456
2.304610,1.6416,-0.4048,0.8775,1.905
2.310498,2.6030,-0.4050,1.9482,3.276
2.314648,0.5339,0.5747,1.1731,1.411
2.319449,0.1832,0.5765,0.8981,1.083
2.324626,0.7230,0.0660,0.8358,1.107
2.329563,0.6696,-0.0374,0.4493,0.807
2.334607,0.3915,0.1083,0.2066,0.456
2.339701,0.1706,0.2206,0.1641,0.324
2.344662,0.0877,0.2802,0.2452,0.382
2.349426,0.0134,0.2489,0.2009,0.320
2.354590,-0.0955,0.2229,0.0306,0.244
2.359582,-0.2775,0.1301,-0.0691,0.314
2.364423,-0.4226,0.0713,-0.1749,0.463
2.369340,-0.5549,-0.0256,-0.1813,0.584
2.374438,-0.6221,-0.1127,-0.2028,0.664
2.379327,-0.7533,-0.1710,-0.2634,0.816
2.384271,-0.8337,-0.2338,-0.4349,0.969
2.389320,-0.8540,-0.3156,-0.6356,1.110
2.394493,-0.7753,-0.3493,-0.8179,1.180
2.399322,-0.7025,-0.3397,-1.0108,1.277
2.404670,-0.6212,-0.3154,-1.1424,1.338
2.409547,-0.5213,-0.3339,-1.1844,1.336
2.414254,-0.3931,-0.3903,-1.1605,1.286
2.420655,-0.2748,-0.3603,-1.0895,1.180
2.424481,-0.1086,-0.3493,-0.8132,0.892
2.430685,0.0193,-0.3719,-0.5178,0.638
2.434202,0.0803,-0.3660,-0.2506,0.451
2.439153,0.1607,-0.4369,0.0558,0.469
2.444123,0.2224,-0.4843,0.3449,0.635
2.448975,0.2509,-0.4941,0.6698,0.869
2.454200,0.2654,-0.5526,0.9449,1.126
2.459030,0.2656,-0.5639,1.0696,1.238
2.464288,0.2035,-0.5184,1.0578,1.195
2.468944,0.0936,-0.4831,0.9762,1.093
2.474203,-0.0261,-0.3810,0.7666,0.856
2.479073,-0.1081,-0.2792,0.5144,0.595
2.483901,-0.1427,-0.2013,0.2478,0.350
2.489012,-0.1297,-0.1376,0.0380,0.193
2.493943,-0.0690,-0.0497,-0.1013,0.132
2.498952,0.0686,0.0291,-0.1752,0.190
2.504017,0.1543,0.1131,-0.2366,0.304
2.508878,0.2172,0.1353,-0.2467,0.355
2.513997,0.2863,0.1482,-0.1717,0.365
2.518926,0.3809,0.1661,-0.0927,0.426
2.523949,0.4484,0.1460,-0.0480,0.474
2.529057,0.4508,0.1500,-0.0372,0.477
2.533778,0.4262,0.1590,-0.0746,0.461
2.538911,0.3888,0.1585,-0.0883,0.429
2.545991,0.3431,0.1246,-0.0974,0.378
2.548698,0.2552,0.0908,-0.1112,0.293
2.553725,0.1681,0.0713,-0.0770,0.198
2.558702,0.1869,0.0518,0.0245,0.196
2.563789,0.1343,0.0515,0.0975,0.174
2.568632,0.0867,0.0654,0.1085,0.153
2.573723,0.1639,0.0840,0.1100,0.215
2.578663,0.1506,0.1170,0.0637,0.201
2.583608,-0.0824,0.1729,0.0023,0.192
2.588544,-0.2191,0.1904,-0.0786,0.301
2.593567,-0.0127,0.1511,-0.1787,0.234
2.598479,-0.3076,0.2264,-0.2127,0.437
2.603566,-0.2442,0.1967,-0.1426,0.344
2.608527,-0.0577,0.1817,-0.1260,0.229
2.613413,-0.2534,0.2144,-0.0338,0.334
2.619286,-0.1579,0.1518,0.1192,0.249
2.623743,0.1176,0.1230,0.1379,0.219
2.628506,0.0155,0.1657,0.1995,0.260
2.633665,-0.0337,0.1365,0.2850,0.318
2.638395,-0.0114,0.1027,0.3372,0.353
2.643774,-0.0320,0.0737,0.3137,0.324
2.648572,-0.1146,0.0353,0.2957,0.319
2.653344,-0.2019,0.0302,0.3118,0.373
2.658280,-0.2084,0.0203,0.3569,0.414
2.664150,-0.0963,-0.0229,0.4114,0.423
2.668408,-0.0708,-0.0136,0.3948,0.401
2.673253,-0.0740,-0.0093,0.4123,0.419
2.680213,-0.1012,0.0328,0.4254,0.438
2.683252,-0.1428,0.0460,0.4005,0.428
2.688101,-0.2607,0.0495,0.3950,0.476
2.693540,-0.2975,-0.0279,0.4231,0.518
2.698280,-0.1251,-0.0573,0.4040,0.427
2.703157,-0.2825,-0.0058,0.3858,0.478
2.707996,-0.3443,0.0213,0.3633,0.501
2.713160,-0.1589,-0.0136,0.2604,0.305
2.718735,-0.2321,0.0041,0.0821,0.246
2.722956,-0.2005,0.0028,-0.0665,0.211
2.728002,-0.1408,0.0015,-0.1668,0.218
2.733204,-0.0338,0.0052,-0.1907,0.194
2.738149,-0.0225,0.0231,-0.2146,0.217
2.743473,0.0699,-0.0065,-0.2432,0.253
2.747869,0.1051,-0.0216,-0.2385,0.261
2.752874,0.1072,-0.0222,-0.2198,0.246
2.757972,0.1621,-0.0751,-0.1917,0.262
2.762898,0.1742,-0.0562,-0.1260,0.222
2.769112,0.1296,-0.0706,-0.1134,0.186
2.773917,0.0711,-0.0944,-0.0724,0.139
2.777950,0.0325,-0.1368,-0.4034,0.427
2.783118,0.0806,-0.1447,-1.4998,1.509
2.788044,0.1096,-0.0422,-1.4078,1.413
2.793394,0.0810,0.0361,-0.5252,0.533
2.797905,0.0949,-0.0621,0.0510,0.124
2.802914,0.1088,-0.1692,0.1957,0.281
2.807672,0.1324,-0.2804,0.1547,0.347
2.813174,0.1371,-0.3195,0.1338,0.373
2.817730,0.0800,-0.2350,0.1519,0.291
2.822975,0.0517,-0.0943,0.1464,0.182
2.827526,0.0424,-0.0498,0.1035,0.122
2.832885,0.1189,-0.0440,0.1805,0.221
2.837619,0.2138,-0.0812,0.3670,0.432
2.843648,0.2367,-0.0424,0.6152,0.660
2.847562,0.2405,0.0621,0.7966,0.834
2.852572,0.2680,0.1082,0.7693,0.822
2.857546,0.2099,0.1346,0.6722,0.717
2.862555,0.0903,0.1417,0.5479,0.573
2.867508,-0.0239,0.1012,0.3058,0.323
2.872612,-0.0662,0.1374,-0.0970,0.181
2.877463,-0.0511,0.1786,-0.4939,0.528
2.882617,-0.0025,0.1774,-0.6669,0.690
