0.002669,-0.0083,0.2300,-0.7332,0.768
0.002904,0.0333,0.2283,-0.8293,0.861
0.006808,0.0272,0.3134,-0.8428,0.900
0.012032,0.0218,0.2990,-0.7686,0.825
0.016435,0.0742,0.2152,-0.7433,0.777
0.022485,0.1603,0.1085,-0.6535,0.682
0.026483,0.1944,-0.0162,-0.4511,0.491
0.031712,0.1813,-0.0832,-0.1831,0.271
0.038746,0.2021,-0.1358,0.2226,0.330
0.041485,0.4290,-0.2029,0.3507,0.590
0.046427,0.4129,-0.2367,0.4505,0.655
0.051469,0.3248,-0.2032,0.5440,0.665
0.056294,0.2524,-0.1515,0.5573,0.630
0.061329,0.2616,-0.1149,0.5194,0.593
0.066230,0.2090,-0.1028,0.5019,0.553
0.071305,0.1430,-0.0911,0.4618,0.492
0.076231,0.1058,-0.1226,0.3612,0.396
0.081304,0.0401,-0.0733,0.2766,0.289
0.086303,-0.0352,-0.0484,0.2364,0.244
0.091234,-0.0868,-0.0143,0.1830,0.203
0.096622,-0.1011,-0.0377,0.1069,0.152
0.101185,-0.1397,-0.0515,-0.0059,0.149
0.106577,-0.1222,-0.0559,-0.0941,0.164
0.111164,-0.0816,-0.1032,-0.0864,0.157
0.116035,-0.0752,-0.0883,-0.0977,0.152
0.122111,-0.0548,-0.0495,-0.1280,0.148
0.126151,-0.0349,-0.0680,-0.1727,0.189
0.131271,-0.0485,-0.0864,-0.1885,0.213
0.135953,-0.0382,-0.0379,-0.1710,0.179
0.141437,-0.0136,-0.0560,-0.1962,0.204
0.146361,0.0011,-0.0121,-0.2545,0.255
0.150928,-0.0415,0.0078,-0.2889,0.292
0.155903,-0.0747,0.0374,-0.3393,0.349
0.165075,-0.0937,0.0098,-0.4184,0.429
0.165949,-0.1181,0.0255,-0.4022,0.420
0.171495,-0.1669,-0.0160,-0.4627,0.492
0.177467,-0.1683,0.0430,-0.3992,0.435
0.180907,-0.1608,0.1781,-0.3360,0.413
0.186156,-0.1922,0.1411,-0.3734,0.443
0.190680,-0.1813,0.0374,-0.3532,0.399
0.195917,-0.2189,0.0058,-0.3427,0.407
0.201003,-0.2619,0.0556,-0.4518,0.525
0.205739,-0.3006,0.0863,-0.5038,0.593
0.210678,-0.3256,0.1125,-0.4752,0.587
0.215576,-0.3368,0.1007,-0.4953,0.607
0.220711,-0.3102,0.1035,-0.4253,0.537
0.226091,-0.2933,0.1495,-0.4138,0.529
0.230565,-0.2572,0.1527,-0.3940,0.495
0.235629,-0.2018,0.1515,-0.3276,0.413
0.240655,-0.1699,0.1505,-0.2815,0.362
0.245614,-0.1947,0.1927,-0.1745,0.325
0.251366,-0.1808,0.1632,-0.0349,0.246
0.255724,-0.1472,0.1243,0.1471,0.242
0.260462,-0.1559,0.1236,0.3048,0.364
0.265850,-0.1305,0.1035,0.4291,0.460
0.270848,-0.1380,0.0928,0.5205,0.546
0.276017,-0.1786,0.0771,0.6074,0.638
0.280380,-0.1996,0.0897,0.6570,0.693
0.285338,-0.2300,0.0828,0.7076,0.749
0.290522,-0.2269,0.0803,0.7355,0.774
0.295652,-0.2238,0.0631,0.7216,0.758
0.305542,-0.2014,0.0695,0.6517,0.686
0.305977,-0.2125,0.0232,0.6115,0.648
0.310387,-0.2234,0.0291,0.6012,0.642
0.315537,-0.2247,0.0444,0.5440,0.590
0.320371,-0.2404,0.0117,0.5069,0.561
0.325666,-0.2752,-0.0020,0.4181,0.501
0.330340,-0.3245,-0.0443,0.3825,0.504
0.335162,-0.3597,-0.0531,0.2945,0.468
0.340168,-0.3664,-0.1335,0.2502,0.463
0.345396,-0.4022,-0.1706,0.3209,0.542
0.350971,-0.4222,-0.1829,0.3805,0.597
0.355116,-0.4283,-0.2049,0.4880,0.681
0.360048,-0.4256,-0.1984,0.5577,0.729
0.364983,-0.4332,-0.2301,0.5848,0.763
0.370375,-0.4273,-0.2572,0.6087,0.787
0.375892,-0.4509,-0.2654,0.6908,0.867
0.380038,-0.5090,-0.2643,0.7264,0.926
0.384916,-0.5684,-0.2446,0.7637,0.983
0.390036,-0.6201,-0.2350,0.8314,1.063
0.395000,-0.7020,-0.2780,0.8860,1.164
0.400821,-0.8101,-0.2974,0.9243,1.265
0.404907,-0.9397,-0.2934,1.0223,1.419
0.410019,-1.0438,-0.3041,1.1466,1.580
0.414903,-1.1609,-0.3058,1.3119,1.778
0.419962,-1.2013,-0.3033,1.4709,1.923
0.425728,-1.2173,-0.3535,1.6040,2.044
0.429917,-1.1965,-0.3472,1.7431,2.143
0.434772,-1.2337,-0.3985,1.8920,2.294
0.439851,-1.2101,-0.4120,2.0278,2.397
0.444930,-1.1883,-0.4591,2.1984,2.541
0.452225,-1.1491,-0.4348,2.3663,2.666
0.454633,-1.1477,-0.4961,2.4297,2.733
0.459565,-1.0873,-0.5048,2.5275,2.797
0.464823,-0.9759,-0.4939,2.4911,2.721
0.469708,-0.8557,-0.4777,2.3783,2.572
0.474616,-0.7254,-0.4843,2.3418,2.499
0.479662,-0.4750,-0.4799,2.3570,2.452
0.484564,-0.1831,-0.4357,2.0680,2.121
0.489642,0.1857,-0.3947,1.6956,1.751
0.494528,0.4815,-0.3611,1.4739,1.592
0.499615,0.7341,-0.2872,1.3298,1.546
0.504719,0.8777,-0.2361,1.1827,1.492
0.509629,1.1099,-0.2395,1.0154,1.523
0.514508,1.4134,-0.1686,0.8815,1.674
0.519624,1.8053,-0.1045,0.7005,1.939
0.524407,2.3166,-0.0860,0.6934,2.420
0.529698,2.4123,0.0735,0.6727,2.505
0.535109,2.6240,0.3969,0.2533,2.666
0.539478,3.1617,0.6016,-0.6540,3.284
0.545009,3.8731,0.6866,-1.7119,4.290
0.549498,4.4889,0.7760,-2.8332,5.365
0.554513,5.0922,0.9540,-3.8620,6.462
0.559517,5.6836,1.1520,-4.6011,7.403
0.564680,6.2303,1.3258,-5.1395,8.185
0.569384,6.5515,1.4600,-5.4976,8.676
0.574661,6.6719,1.5352,-5.6714,8.890
0.579441,6.6647,1.5657,-5.6309,8.864
0.586373,6.4923,1.6044,-5.4127,8.604
0.589215,6.3371,1.5896,-4.9765,8.213
0.594298,6.1660,1.3789,-4.5732,7.800
0.599103,5.9697,1.1025,-4.3151,7.448
0.604269,5.5507,0.7766,-4.0111,6.892
0.609210,5.1466,0.4202,-3.6477,6.322
0.614413,4.5401,0.1592,-3.2821,5.604
0.619222,3.9268,0.0278,-2.8400,4.846
0.624133,3.4065,-0.2316,-2.3949,4.171
0.629137,2.8440,-0.6035,-2.1548,3.619
0.634260,2.2928,-0.8954,-1.9712,3.153
0.639042,1.8481,-1.2182,-1.9468,2.948
0.644095,1.4773,-1.4227,-1.9921,2.859
0.649041,1.2512,-1.5094,-2.0925,2.867
0.654210,1.3226,-1.6647,-2.3631,3.179
0.659473,1.3658,-1.8453,-2.9143,3.710
0.664826,1.2917,-1.9649,-3.4296,4.158
0.668881,1.2843,-2.2150,-3.9466,4.704
0.673905,1.2687,-2.4657,-4.6758,5.436
0.679146,1.0631,-2.7357,-5.4984,6.233
0.684168,0.5285,-3.0150,-6.2053,6.919
0.688998,-0.1546,-3.2364,-6.7688,7.504
0.694200,-1.0823,-3.5003,-7.2548,8.127
0.698879,-1.9953,-3.7155,-7.6523,8.738
0.704979,-2.8423,-3.8968,-7.8739,9.234
0.709416,-3.6543,-4.0445,-7.9053,9.602
0.713865,-4.3330,-4.2166,-7.6555,9.755
0.718692,-4.8713,-4.4950,-7.1524,9.751
0.723667,-5.4998,-4.7523,-6.1732,9.536
0.728698,-6.2822,-4.8357,-5.1937,9.478
0.734359,-6.9134,-4.8099,-4.3313,9.471
0.738931,-7.3678,-4.7101,-3.1977,9.311
0.743724,-7.9011,-4.5572,-1.9354,9.324
0.748822,-8.4437,-4.4722,-0.9985,9.607
0.754435,-8.9795,-4.4422,-0.4857,10.030
0.762687,-9.6675,-4.5681,-0.2110,10.695
0.764874,-10.6452,-4.8459,0.0759,11.697
0.774274,-11.7095,-5.1712,0.3514,12.805
0.774643,-12.6862,-5.4244,0.6545,13.813
0.779779,-13.2094,-5.6866,1.0305,14.418
0.783462,-13.3104,-6.1710,1.4161,14.740
0.788412,-13.3213,-6.7525,1.8745,15.052
0.793337,-13.2323,-7.5564,2.1709,15.392
0.798558,-12.9309,-8.4497,2.2246,15.606
0.803416,-12.5578,-9.1032,1.9596,15.634
0.808801,-12.1562,-9.6995,1.3374,15.609
0.813964,-11.5844,-10.5342,0.2517,15.660
0.818285,-10.9654,-11.3016,-0.9675,15.777
0.823267,-10.4571,-11.8194,-2.4006,15.963
0.828390,-9.7562,-12.2364,-3.8873,16.125
0.836333,-8.7791,-12.5636,-5.4994,16.284
0.838441,-7.2080,-12.8181,-7.0145,16.293
0.844823,-5.2740,-12.8973,-8.4825,16.313
0.848505,-3.1197,-12.5020,-9.6872,16.121
0.853438,-0.2655,-11.4724,-10.7290,15.710
0.859120,3.8790,-9.8030,-11.9554,15.940
0.863715,9.0161,-7.5779,-13.4765,17.898
0.868200,14.4244,-4.8215,-14.9057,21.295
0.873638,19.7855,-2.0648,-16.1625,25.631
0.878303,24.8910,0.5375,-16.9389,30.113
0.884118,29.6029,3.1224,-16.8219,34.192
0.888138,33.2958,5.5565,-15.9586,37.339
0.895881,35.1573,7.3529,-14.6636,38.796
0.898131,34.7989,8.3991,-13.0895,38.116
0.907972,32.5938,8.9142,-11.4017,35.663
0.908479,29.2609,8.8145,-9.8157,32.097
0.915462,25.7152,8.1469,-7.8560,28.096
0.921403,22.6002,7.3201,-5.7533,24.443
0.922886,19.7861,6.3671,-3.8988,21.148
0.928185,17.2602,5.1906,-2.5438,18.202
0.934105,15.0190,3.7816,-1.9031,15.604
0.938034,12.8495,2.3003,-1.6850,13.162
0.942761,10.5054,1.1371,-1.6806,10.700
0.948073,8.2612,0.2472,-1.5996,8.418
0.953188,6.5979,-0.5591,-1.3183,6.752
0.960502,5.3415,-1.3999,-0.9994,5.612
0.962981,4.1877,-2.2483,-0.6800,4.801
0.967674,2.8312,-3.0318,-0.6196,4.194
0.972695,1.2587,-3.7812,-0.8665,4.078
0.978145,-0.4810,-4.4627,-1.4616,4.720
0.982865,-2.1971,-5.0811,-2.3471,6.013
0.987885,-3.8286,-5.6610,-3.2994,7.589
0.993196,-5.2961,-6.4083,-4.1035,9.271
0.997762,-6.5991,-7.1622,-4.6755,10.803
1.003926,-7.8394,-7.7904,-4.8615,12.074
1.007778,-9.1793,-8.3671,-4.6532,13.264
1.012670,-10.4323,-8.7809,-4.0742,14.232
1.017660,-11.5883,-9.0831,-3.3295,15.096
1.022710,-13.0962,-9.2546,-2.3551,16.208
1.027569,-14.9790,-9.1695,-1.4727,17.624
1.032706,-16.9876,-9.0050,-0.6772,19.239
1.037750,-18.6680,-9.0417,-0.0656,20.743
1.045453,-19.8524,-9.1668,0.2514,21.868
1.047595,-20.8975,-9.3813,0.5470,22.913
1.053287,-21.9387,-9.9193,0.8598,24.092
1.057470,-22.7844,-10.7652,0.9688,25.218
1.062460,-22.9307,-11.8435,0.7957,25.821
1.071790,-22.4232,-13.1058,0.1641,25.973
1.072563,-21.4150,-14.3736,-0.8879,25.807
1.082338,-20.0047,-15.6685,-2.2904,25.513
1.082786,-18.3505,-16.9064,-4.0264,25.274
1.087322,-16.5416,-17.8947,-5.9217,25.078
1.093226,-14.5139,-18.6561,-7.6747,24.852
1.097247,-12.4818,-19.1573,-9.3555,24.705
1.102203,-10.5066,-19.3622,-10.9873,24.617
1.107440,-8.6596,-19.3369,-12.5897,24.646
1.112748,-6.9068,-19.0516,-13.7434,24.486
1.117173,-5.0036,-18.4318,-14.5240,23.994
1.122371,-2.8507,-17.6656,-15.0762,23.399
1.127130,-0.7342,-16.8484,-15.1364,22.661
1.132173,1.3590,-15.8324,-14.8439,21.745
1.137118,3.6118,-14.4711,-14.5643,20.846
1.144685,6.6067,-12.6117,-14.4998,20.321
1.147446,11.0769,-10.1384,-15.1116,21.304
1.152211,17.1266,-7.0354,-16.2819,24.656
1.157111,23.5541,-3.3842,-17.5711,29.580
1.162100,28.3569,1.1428,-17.6313,33.411
1.168584,34.2181,3.4838,-18.2833,38.952
1.172514,37.2759,5.5458,-17.7394,41.653
1.176861,40.3202,6.3191,-16.9365,44.187
1.182091,40.2318,6.6034,-15.4197,43.589
1.187103,35.7621,7.2594,-12.4524,38.558
1.193953,30.3651,7.5670,-9.1805,32.613
1.196882,26.2251,6.5037,-6.5613,27.805
1.201799,22.1722,5.2079,-4.0643,23.135
1.206976,18.2030,4.4105,-1.9120,18.827
1.212185,14.6215,3.8890,-0.3287,15.133
1.219118,11.5063,3.3140,0.7901,12.000
1.221819,8.8543,2.8711,1.4896,9.427
1.226682,6.7046,2.4949,1.7596,7.367
1.232191,4.8253,2.0792,1.5629,5.482
1.236880,3.1796,1.5843,1.0928,3.717
1.242202,1.8720,1.0226,0.4477,2.180
1.246852,0.8800,0.3748,-0.1548,0.969
1.251758,0.0621,-0.2354,-0.7127,0.753
1.256908,-0.5505,-0.8657,-1.1377,1.532
1.261973,-0.8964,-1.5670,-1.5009,2.348
1.267070,-1.1277,-2.3101,-1.8197,3.149
1.271659,-1.4787,-3.0689,-1.9291,3.915
1.276665,-1.9265,-3.7667,-1.9342,4.652
1.281784,-2.3864,-4.3653,-1.8438,5.306
1.287011,-2.8791,-4.8886,-1.6853,5.918
1.294575,-3.4344,-5.2835,-1.4685,6.470
1.296518,-3.7833,-5.5335,-1.2826,6.825
1.301602,-4.0511,-5.7388,-1.2332,7.132
1.306684,-4.3880,-5.8861,-1.2758,7.452
1.311847,-4.6711,-5.8713,-1.3380,7.621
1.317031,-4.8683,-5.8059,-1.3475,7.696
1.321780,-5.0943,-5.4900,-1.5188,7.642
1.326482,-5.2580,-5.0834,-1.7167,7.512
1.331485,-5.0716,-4.8453,-1.9988,7.293
1.336496,-4.7504,-4.7525,-2.3091,7.105
1.341862,-4.4282,-4.4801,-2.5156,6.783
1.346410,-4.0856,-4.0677,-2.6678,6.353
1.351500,-3.6567,-3.8220,-2.7569,5.965
1.356392,-3.2661,-3.6426,-2.7612,5.618
1.361239,-2.8287,-3.4341,-2.6523,5.180
1.366657,-2.3870,-3.1779,-2.4983,4.694
1.371272,-1.9209,-2.9409,-2.3766,4.241
1.376254,-1.5254,-2.8717,-2.2973,3.981
1.381303,-1.3395,-2.7933,-2.1645,3.779
1.386538,-1.2024,-2.6289,-1.9555,3.490
1.391881,-0.9758,-2.3503,-1.7420,3.084
1.396238,-0.6684,-2.0533,-1.6009,2.688
1.401094,-0.4232,-1.8478,-1.4936,2.413
1.406121,-0.2633,-1.7195,-1.2237,2.127
1.411115,-0.1267,-1.5008,-0.9490,1.780
1.421162,0.1761,-1.1533,-0.7133,1.367
1.421687,0.5922,-0.8303,-0.5395,1.154
1.426122,0.9168,-0.6081,-0.4703,1.196
1.431029,1.0835,-0.4433,-0.3429,1.220
1.436056,1.0689,-0.2164,-0.1910,1.107
1.441047,0.9539,-0.0184,-0.1482,0.965
1.446149,0.8257,0.1222,-0.0859,0.839
1.450889,0.7790,0.2533,0.0299,0.820
1.456034,0.7372,0.3938,0.1562,0.850
1.460943,0.7101,0.4913,0.2409,0.896
1.466010,0.6642,0.5648,0.2652,0.911
1.470721,0.5938,0.5664,0.2675,0.863
1.475808,0.5675,0.5970,0.3533,0.896
1.480714,0.6754,0.6134,0.5035,1.042
1.485791,0.7408,0.6538,0.5750,1.143
1.490840,0.9028,0.7183,0.4386,1.234
1.496441,1.0323,0.6876,0.3431,1.287
1.500825,1.0956,0.6716,0.1540,1.294
1.506489,1.1231,0.5848,-0.0904,1.269
1.511795,1.1718,0.4942,-0.2521,1.296
1.515788,1.1649,0.4382,-0.4465,1.322
1.520929,1.0882,0.3833,-0.7025,1.351
1.525607,0.8792,0.2720,-0.9150,1.298
1.530610,0.6512,0.1087,-1.1326,1.311
1.535463,0.4487,-0.0245,-1.3553,1.428
1.540586,0.2513,-0.1473,-1.5503,1.577
1.545488,0.0011,-0.2982,-1.6699,1.696
1.550514,-0.2163,-0.4723,-1.6855,1.764
1.555736,-0.3251,-0.6891,-1.5875,1.761
1.560472,-0.4654,-1.0064,-1.4907,1.858
1.565327,-0.7127,-1.3138,-1.4373,2.074
1.570434,-1.0162,-1.6934,-1.3790,2.409
1.575376,-1.2668,-2.0738,-1.3445,2.777
1.580382,-1.6380,-2.4078,-1.3100,3.193
1.585410,-2.1744,-2.6770,-1.2229,3.659
1.590355,-2.7960,-2.9589,-1.1692,4.236
1.595473,-3.3982,-3.3063,-1.0963,4.866
1.600267,-3.9011,-3.6721,-0.9900,5.448
1.605475,-4.3970,-3.9705,-0.8889,5.991
1.611057,-5.1023,-4.1830,-0.8551,6.653
1.615397,-6.1239,-4.4205,-0.8548,7.601
1.620291,-7.1907,-4.6739,-0.8784,8.621
1.627077,-8.3316,-4.9734,-1.0317,9.758
1.630220,-9.6019,-5.4579,-1.2481,11.115
1.635170,-10.7221,-6.0220,-1.5414,12.394
1.640227,-11.8007,-6.4835,-1.8668,13.593
1.645255,-12.9036,-7.0384,-2.0788,14.845
1.650289,-13.9734,-7.8230,-2.1177,16.154
1.655243,-14.7119,-8.6452,-2.1471,17.199
1.660063,-14.8976,-9.6206,-2.2375,17.875
1.664940,-15.1822,-10.7932,-2.3431,18.774
1.670072,-16.2549,-11.5653,-2.1150,20.061
1.675351,-16.5295,-12.8312,-2.0268,21.023
1.680032,-15.1570,-15.1421,-2.1955,21.537
1.685055,-15.0749,-16.3422,-2.1563,22.338
1.690124,-14.8209,-17.1276,-2.7286,22.814
1.695356,-12.6297,-19.3472,-4.7894,23.596
1.702989,-11.2400,-20.5342,-7.6756,24.636
1.705145,-9.9696,-20.4435,-10.9693,25.252
1.710635,-7.9522,-20.1566,-14.1088,25.857
1.715070,-5.1859,-19.6394,-16.6254,26.249
1.719983,-1.6502,-18.3907,-18.4020,26.069
1.724811,2.7293,-16.2027,-19.4150,25.435
1.729993,8.2196,-13.5600,-20.0667,25.576
1.734814,14.9499,-10.4239,-20.6064,27.510
1.739879,21.9692,-6.5846,-20.8900,31.022
1.744962,29.0226,-2.6592,-21.2678,36.079
1.753806,35.2999,1.1382,-21.4536,41.324
1.754957,40.6620,4.6250,-21.1256,46.055
1.759720,44.6155,7.1131,-20.5434,49.630
1.765020,45.6456,8.0535,-19.2622,50.194
1.769777,42.6674,8.0783,-16.6649,46.513
1.776566,37.1525,7.6481,-13.6059,40.298
1.779646,31.5464,6.6490,-10.9138,34.037
1.784534,26.1419,5.5430,-8.2248,27.960
1.789554,21.1644,4.7713,-5.5829,22.402
1.794728,16.7965,3.9336,-3.6804,17.639
1.801962,13.0005,2.8980,-2.5140,13.555
1.804712,9.6406,2.0321,-1.7349,10.004
1.814873,6.7768,1.4480,-1.0446,7.008
1.815160,4.4416,0.9844,-0.4624,4.573
1.820929,2.5626,0.4603,-0.1286,2.607
1.826905,1.1447,-0.0914,-0.2712,1.180
1.829495,-0.5714,-0.2148,-0.3170,0.688
1.834439,-1.6636,-0.7094,-0.6274,1.914
1.839384,-2.5265,-1.4348,-1.0328,3.084
1.844644,-3.5996,-2.1188,-1.3146,4.379
1.850263,-4.7672,-2.8383,-1.4125,5.725
1.854506,-5.7659,-3.5988,-1.4968,6.960
1.859504,-6.6943,-4.3240,-1.4393,8.098
1.865084,-7.3628,-4.9973,-1.1681,8.975
1.869409,-7.8161,-5.6338,-0.7535,9.664
1.878049,-7.9993,-6.1349,-0.3157,10.086
1.879423,-7.9143,-6.4786,-0.0174,10.228
1.884811,-7.9788,-6.3750,0.2758,10.217
1.889403,-7.6638,-6.1995,0.4208,9.866
1.894738,-6.9881,-6.1356,0.3391,9.306
1.899164,-6.3204,-6.0168,0.1123,8.727
1.904289,-5.7550,-5.7722,-0.2657,8.155
1.909104,-5.3382,-5.3692,-0.7922,7.613
1.914250,-4.9781,-4.9757,-1.3116,7.160
1.919040,-4.6791,-4.6733,-1.9218,6.887
1.925341,-4.2799,-4.3757,-2.5153,6.617
1.929270,-3.8093,-4.0927,-3.2044,6.444
1.934242,-3.4577,-3.8145,-3.8189,6.410
1.939054,-3.1426,-3.4837,-4.1648,6.274
1.944159,-2.7673,-3.1817,-4.3920,6.089
1.949236,-2.4557,-2.9419,-4.4956,5.907
1.954398,-2.1630,-2.7211,-4.2993,5.529
1.958887,-1.8364,-2.4810,-3.8646,4.946
1.967033,-1.4705,-2.3031,-3.3536,4.326
1.975514,-1.2037,-2.0964,-2.8411,3.730
1.976095,-0.9779,-1.8611,-2.3551,3.157
1.981021,-0.8457,-1.6691,-1.8609,2.639
1.985751,-0.7782,-1.4341,-1.3536,2.120
1.988848,-0.7420,-1.2426,-0.9619,1.738
1.995763,-0.7178,-0.9938,-0.6423,1.384
1.998672,-0.6770,-0.8029,-0.3417,1.104
2.003899,-0.5767,-0.6316,0.0362,0.856
2.008738,-0.4401,-0.4558,0.4143,0.757
2.014182,-0.2671,-0.3426,0.7314,0.851
2.018681,0.0001,-0.2346,1.0406,1.067
2.023767,0.1228,-0.1654,1.2996,1.316
2.028862,0.2453,-0.0775,1.6479,1.668
2.033721,0.2958,0.0144,1.9520,1.974
2.038565,0.3702,0.0723,2.1398,2.173
2.043781,0.5263,0.0767,2.1403,2.205
2.048465,0.6353,0.1142,2.0396,2.139
2.053779,0.7070,0.1511,1.8276,1.965
2.058546,0.7659,0.2020,1.5662,1.755
2.064347,0.7787,0.3100,1.2646,1.517
2.068462,0.7646,0.3939,0.9119,1.254
2.074033,0.6470,0.4633,0.5895,0.990
2.078422,0.5022,0.4946,0.2770,0.757
2.083389,0.3779,0.5165,0.0362,0.641
2.088356,0.2064,0.5147,-0.1863,0.585
2.093917,0.0113,0.4797,-0.3664,0.604
2.098414,-0.1981,0.3781,-0.3802,0.572
2.104133,-0.4033,0.3437,-0.3183,0.618
2.108969,-0.5236,0.2997,-0.2090,0.638
2.114060,-0.6263,0.2653,-0.0712,0.684
2.118781,-0.7022,0.2593,0.0910,0.754
2.123732,-0.6796,0.2193,0.1919,0.739
2.128517,-0.5773,0.1505,0.2121,0.633
2.136010,-0.4431,0.0958,0.2092,0.499
2.138176,-0.3818,-0.0212,0.1161,0.400
2.143321,-0.2830,-0.0856,0.0425,0.299
2.148109,-0.1656,-0.1547,-0.0164,0.227
2.153487,-0.0822,-0.1615,-0.0561,0.190
2.158218,-0.0182,-0.1731,-0.0722,0.188
2.163753,0.0264,-0.1941,-0.0166,0.197
2.167941,0.1092,-0.2438,-0.0140,0.267
2.173091,0.1201,-0.2742,0.0793,0.310
2.178227,0.0782,-0.2950,0.1632,0.346
2.183207,0.0505,-0.3399,0.2428,0.421
2.187960,0.0464,-0.3896,0.3086,0.499
2.193519,0.0176,-0.3917,0.3896,0.553
2.197968,-0.0646,-0.3750,0.4666,0.602
2.203074,-0.1046,-0.3539,0.5015,0.623
2.208130,-0.1314,-0.3236,0.5040,0.613
2.213081,-0.1590,-0.3081,0.4840,0.595
2.218015,-0.0965,-0.2451,0.4409,0.514
2.222918,-0.0154,-0.1776,0.3125,0.360
2.227990,0.0028,-0.0625,0.2372,0.245
2.234068,0.0158,-0.0577,0.1527,0.164
2.238273,0.0285,-0.0098,0.0778,0.083
2.242919,0.1318,0.0285,0.0025,0.135
2.248067,0.3021,0.0286,-0.0637,0.310
2.253709,0.4010,0.0099,-0.1401,0.425
2.261365,0.4335,-0.0038,-0.1454,0.457
2.263467,0.3804,-0.0364,-0.1083,0.397
2.270250,0.3372,-0.0066,-0.0573,0.342
2.272706,0.2702,-0.0343,0.0557,0.278
2.277706,0.2033,-0.0523,0.1544,0.261
2.283138,0.1361,-0.0944,0.1911,0.253
2.287557,0.0877,-0.0936,0.2141,0.250
2.292668,0.0582,-0.1025,0.2858,0.309
2.297526,0.0091,-0.1165,0.2768,0.300
2.302993,-0.0405,-0.0876,0.2975,0.313
2.308245,-0.1100,-0.0783,0.3191,0.346
2.313243,-0.1898,-0.0740,0.2890,0.354
2.317540,-0.2369,-0.0365,0.2024,0.314
2.322569,-0.2846,-0.0089,0.1356,0.315
2.327521,-0.3188,-0.0102,0.0887,0.331
2.333508,-0.4016,-0.0212,0.0374,0.404
2.337553,-0.4326,0.0106,0.0011,0.433
2.343038,-0.4265,0.0087,-0.0825,0.434
2.347952,-0.4068,0.0306,-0.1323,0.429
2.352602,-0.3973,0.0044,-0.0947,0.408
2.357516,-0.1820,0.0059,1.0761,1.091
2.363044,0.4695,-0.2662,1.6282,1.715
2.367357,1.4250,-0.7688,2.1481,2.690
2.372981,0.8110,-0.3532,2.4527,2.607
2.377533,-0.7864,0.4054,1.7263,1.940
2.382454,-0.7483,0.2674,1.7073,1.883
2.387366,-0.1944,-0.0333,1.3650,1.379
2.393695,0.0719,-0.0464,0.7453,0.750
2.397215,0.1703,0.1802,0.1108,0.272
2.402457,0.2737,0.3404,-0.4449,0.623
2.407055,0.2100,0.4774,-0.8699,1.014
2.412387,0.2093,0.5196,-1.0934,1.229
2.417333,0.2479,0.5102,-1.2112,1.337
2.422405,0.2734,0.4732,-1.2379,1.353
2.427189,0.2761,0.3988,-1.2016,1.296
2.433298,0.3088,0.3540,-1.1447,1.237
2.437026,0.2612,0.3673,-1.0425,1.136
2.442161,0.2626,0.2613,-0.9087,0.981
2.446996,0.3850,0.1796,-0.6991,0.818
2.452102,0.3844,0.1650,-0.4844,0.640
2.457249,0.3319,0.1694,-0.3216,0.492
2.462194,0.1841,0.1400,-0.1289,0.265
2.467660,-0.0262,0.1007,-0.0064,0.104
2.472252,-0.0457,0.0086,0.0982,0.109
2.477031,-0.0037,-0.0934,0.0893,0.129
2.482372,-0.1351,-0.0662,0.0529,0.159
2.487255,-0.1432,-0.1016,0.0414,0.180
2.492652,-0.2338,-0.0701,-0.0173,0.245
2.496936,-0.1290,-0.0961,-0.1048,0.192
2.502148,-0.1305,-0.1173,-0.1638,0.240
2.506869,0.0542,-0.2005,-0.1751,0.272
2.512405,0.0715,-0.2069,-0.1536,0.267
2.520166,0.1798,-0.1797,-0.2091,0.329
2.522308,0.2407,-0.0902,-0.2751,0.376
2.530035,0.2879,-0.0340,-0.3659,0.467
2.531859,0.3313,-0.0254,-0.4866,0.589
2.536637,0.3374,-0.0213,-0.5655,0.659
2.541886,0.3063,-0.0026,-0.5833,0.659
2.546740,0.2520,-0.0315,-0.5207,0.579
2.552374,0.2273,-0.0554,-0.4732,0.528
2.556702,0.1646,-0.0218,-0.3977,0.431
2.561888,0.1071,-0.0407,-0.3273,0.347
2.567593,0.1074,-0.0453,-0.2812,0.304
2.571743,0.1127,-0.0354,-0.2447,0.272
2.576786,0.1708,-0.0639,-0.1795,0.256
2.581587,0.1956,-0.0540,-0.1428,0.248
2.586783,0.2494,-0.0251,-0.1492,0.292
2.591676,0.2797,-0.0248,-0.1698,0.328
2.596597,0.2767,-0.0342,-0.1617,0.322
2.601993,0.2552,-0.0195,-0.0962,0.273
2.606538,0.1859,-0.0671,-0.0740,0.211
2.612064,0.1409,-0.0716,-0.0660,0.171
2.616494,0.1343,-0.0521,0.0140,0.145
2.621548,0.1135,-0.0327,0.0365,0.124
2.626482,0.0305,-0.0421,0.0833,0.098
2.631409,-0.0428,0.0058,0.1162,0.124
2.636473,-0.1068,0.0296,0.1686,0.202
2.641474,-0.1567,0.0007,0.2310,0.279
2.646538,-0.2311,0.0004,0.2701,0.355
2.653697,-0.2149,-0.0192,0.2620,0.339
2.656461,-0.1847,-0.0342,0.1972,0.272
2.661444,-0.3227,0.0274,0.1904,0.376
2.669436,-0.3751,0.0695,0.1938,0.428
2.671712,-0.1408,0.0349,0.1594,0.216
2.676411,-0.0744,0.0290,0.1111,0.137
2.681269,-0.0081,0.0710,0.1298,0.148
2.686102,0.0152,0.0938,0.1436,0.172
2.691437,0.1679,0.1166,0.1192,0.237
2.696161,0.2299,0.1346,0.0661,0.274
2.701309,0.2300,0.1527,-0.0016,0.276
2.706481,0.2736,0.1900,-0.0795,0.342
2.711136,0.2649,0.1413,-0.1534,0.337
2.716504,0.3190,0.1263,-0.1989,0.397
2.721170,0.3212,0.0683,-0.2019,0.385
2.726047,0.3477,0.0679,-0.1427,0.382
2.730919,0.3220,0.0340,-0.0453,0.327
2.735912,0.3112,-0.0191,0.0621,0.318
2.741482,0.2575,-0.0291,0.1364,0.293
2.746102,0.2036,-0.0106,0.1874,0.277
2.751205,0.1256,-0.0209,0.1432,0.192
2.756010,0.0426,0.0022,0.1618,0.167
2.760987,0.0262,0.0396,0.0945,0.106
2.766555,0.0525,0.0195,0.0657,0.086
2.770951,0.0450,0.0568,0.0560,0.092
2.775829,-0.0203,0.1084,-0.0064,0.111
2.780841,-0.0191,0.1074,-0.0163,0.110
2.786516,0.0008,0.0777,-0.0887,0.118
2.794952,0.0395,0.0624,-0.1037,0.127
2.795710,0.0636,0.0519,-0.0998,0.129
2.800750,0.1404,0.0608,-0.4506,0.476
2.805622,0.2032,0.0555,-0.8936,0.918
2.810868,0.1895,0.0650,-0.8930,0.915
2.816347,0.2237,0.0220,-0.5392,0.584
2.820650,0.2625,-0.0305,-0.2339,0.353
2.825833,0.2372,-0.0634,0.0233,0.247
2.830729,0.2312,-0.1057,0.1939,0.320
2.835709,0.2395,-0.1336,0.3741,0.464
2.841550,0.1668,-0.1141,0.4877,0.528
2.845458,0.1419,-0.0427,0.4356,0.460
2.850569,0.0883,-0.0244,0.2802,0.295
2.855485,0.0539,-0.0347,0.0503,0.081
2.860512,0.0146,0.0263,-0.1304,0.134
2.865803,0.0371,0.0490,-0.2723,0.279
2.870947,0.0735,0.0622,-0.4048,0.416
2.875447,0.1050,0.0897,-0.4994,0.518
2.880806,0.1508,0.0888,-0.4711,0.503
