0.002566,0.2850,0.0870,-1.0335,1.076
0.002788,0.2673,0.1352,-1.0880,1.129
0.005624,0.2885,0.1360,-1.0080,1.057
0.010675,0.3345,0.1325,-0.8365,0.911
0.015689,0.4817,0.1055,-0.6781,0.838
0.020459,0.8498,0.0123,-0.5515,1.013
0.025645,0.7415,0.1293,-0.4223,0.863
0.030587,0.6541,0.1505,-0.2753,0.725
0.036164,0.5782,0.1766,-0.1787,0.630
0.040503,0.5230,0.0931,-0.1454,0.551
0.045473,0.4548,0.0866,-0.1513,0.487
0.050515,0.3781,0.0945,-0.0532,0.393
0.055739,0.3069,0.1217,-0.0040,0.330
0.060504,0.2359,0.1344,0.0740,0.281
0.065553,0.1800,0.1330,0.1654,0.278
0.070396,0.1003,0.1412,0.2614,0.314
0.075426,0.0684,0.1065,0.3290,0.353
0.080382,0.0124,0.1099,0.3879,0.403
0.085570,0.0038,0.0704,0.4431,0.449
0.090952,-0.0581,0.0069,0.4811,0.485
0.095310,-0.1008,-0.0373,0.5200,0.531
0.100319,-0.1298,-0.0530,0.5653,0.582
0.105275,-0.1595,-0.1070,0.5647,0.597
0.110256,-0.2282,-0.1325,0.5185,0.582
0.116281,-0.2546,-0.1677,0.4934,0.580
0.120250,-0.2917,-0.1887,0.4371,0.558
0.125271,-0.3630,-0.2051,0.3873,0.569
0.130727,-0.4015,-0.1645,0.3009,0.528
0.135175,-0.4360,-0.1766,0.2349,0.526
0.140121,-0.4427,-0.1984,0.1319,0.503
0.145372,-0.4406,-0.1581,0.0345,0.469
0.150148,-0.4440,-0.1705,0.0189,0.476
0.155157,-0.4527,-0.1352,0.0226,0.473
0.160046,-0.4764,-0.1143,0.0218,0.490
0.165317,-0.4912,-0.1175,0.0593,0.509
0.170215,-0.4731,-0.1302,0.0588,0.494
0.175105,-0.4604,-0.1715,0.0681,0.496
0.180008,-0.4339,-0.1840,0.0392,0.473
0.184994,-0.4176,-0.2202,0.0389,0.474
0.190487,-0.3971,-0.2323,0.0621,0.464
0.195219,-0.3867,-0.2873,0.0995,0.492
0.200443,-0.3816,-0.3230,0.1751,0.530
0.205201,-0.3533,-0.3633,0.2650,0.572
0.209773,-0.3208,-0.3607,0.3696,0.608
0.215974,-0.2891,-0.3822,0.4510,0.658
0.219841,-0.2579,-0.4325,0.5141,0.720
0.225018,-0.2367,-0.4351,0.5209,0.719
0.229928,-0.2350,-0.4046,0.5289,0.706
0.234860,-0.2717,-0.4031,0.4900,0.690
0.239776,-0.2514,-0.3826,0.3900,0.601
0.245105,-0.2410,-0.3623,0.3100,0.534
0.249761,-0.2306,-0.3421,0.2209,0.468
0.254837,-0.2345,-0.3410,0.0937,0.424
0.259776,-0.2190,-0.3351,0.0144,0.401
0.265695,-0.2511,-0.3386,-0.0747,0.428
0.270207,-0.3116,-0.3372,-0.1451,0.482
0.275329,-0.3576,-0.3357,-0.1825,0.523
0.279799,-0.4082,-0.3769,-0.2396,0.605
0.284808,-0.5115,-0.3700,-0.2734,0.688
0.289788,-0.5623,-0.3774,-0.2551,0.724
0.295170,-0.5992,-0.3751,-0.2276,0.743
0.300159,-0.6748,-0.3680,-0.1814,0.790
0.304611,-0.7032,-0.3848,-0.1590,0.817
0.309497,-0.7182,-0.4159,-0.1171,0.838
0.316382,-0.7816,-0.4232,-0.1081,0.895
0.319603,-0.8078,-0.4163,-0.1029,0.915
0.325419,-0.8687,-0.4144,-0.1204,0.970
0.329694,-0.9354,-0.3603,-0.1557,1.014
0.334915,-0.9323,-0.3781,-0.1755,1.021
0.339626,-0.9644,-0.3722,-0.1700,1.048
0.344885,-0.9456,-0.3952,-0.1105,1.031
0.349452,-0.8999,-0.3660,-0.0828,0.975
0.354618,-0.8801,-0.3562,-0.0153,0.950
0.359368,-0.8999,-0.3229,0.0254,0.956
0.364583,-0.8693,-0.3331,0.0637,0.933
0.370175,-0.8357,-0.3628,0.0996,0.916
0.374607,-0.7943,-0.4022,0.1045,0.896
0.379411,-0.7690,-0.3750,0.0595,0.858
0.385003,-0.7407,-0.3099,0.0312,0.803
0.389249,-0.6992,-0.2357,-0.0576,0.740
0.395185,-0.6600,-0.1904,-0.1633,0.706
0.400052,-0.5984,-0.1881,-0.2962,0.694
0.404284,-0.5619,-0.1905,-0.3993,0.715
0.409140,-0.5601,-0.1257,-0.4301,0.717
0.414442,-0.5404,-0.0323,-0.4656,0.714
0.420644,-0.4636,0.0756,-0.5354,0.712
0.424075,-0.3455,0.1405,-0.5812,0.691
0.428938,-0.1949,0.1866,-0.5661,0.627
0.433943,-0.0354,0.2425,-0.5138,0.569
0.439874,0.0614,0.3034,-0.3432,0.462
0.444963,0.1960,0.4073,-0.0925,0.461
0.449067,0.3211,0.5063,0.1571,0.620
0.454323,0.3729,0.5812,0.4313,0.814
0.458986,0.3854,0.6465,0.6485,0.993
0.463948,0.4066,0.7211,0.8857,1.212
0.468937,0.4266,0.8052,1.1003,1.429
0.473986,0.5598,0.9178,1.3212,1.703
0.478941,0.6635,1.0395,1.5244,1.961
0.483989,0.8461,1.1228,1.7213,2.222
0.488807,1.1374,1.1484,1.8446,2.453
0.493970,1.4471,1.2359,1.9521,2.726
0.499622,1.7664,1.2847,2.0632,3.005
0.504769,2.0339,1.3331,2.1062,3.217
0.508678,2.2369,1.4000,2.1660,3.414
0.514711,2.3936,1.4186,2.2114,3.554
0.518874,2.5673,1.4463,2.1885,3.670
0.524575,2.7206,1.4592,2.1448,3.759
0.528824,2.8204,1.4667,2.0560,3.786
0.533726,2.9105,1.5884,1.9311,3.837
0.538621,3.0584,1.7760,1.7583,3.950
0.543614,3.2110,1.8526,1.5734,4.027
0.548477,3.2680,1.8713,1.3592,4.004
0.553588,3.4162,1.8943,1.1479,4.071
0.558537,3.6748,1.8738,0.8284,4.207
0.564218,3.7856,1.8624,0.4856,4.247
0.568442,3.8157,1.7886,0.2748,4.223
0.573493,3.8472,1.7000,0.1787,4.210
0.578560,3.8609,1.6109,0.2056,4.189
0.583386,3.9001,1.5595,0.3226,4.213
0.588247,3.8641,1.5646,0.3631,4.185
0.593738,3.8251,1.5211,0.3754,4.134
0.598880,3.8728,1.3482,0.3309,4.114
0.603310,3.8706,1.1748,0.2786,4.055
0.608261,3.8891,1.1016,0.1895,4.047
0.613593,3.9143,1.0279,0.0449,4.047
0.618438,3.8940,1.0159,-0.0884,4.025
0.623946,3.8998,0.9272,-0.2061,4.014
0.628143,3.9251,0.7957,-0.3565,4.021
0.633277,3.8496,0.7167,-0.6542,3.970
0.638164,3.7340,0.6380,-0.9314,3.901
0.643229,3.5358,0.5694,-1.0833,3.742
0.648184,3.2310,0.5015,-1.1769,3.475
0.653379,2.9197,0.4108,-1.3652,3.249
0.658381,2.7328,0.2168,-1.4892,3.120
0.663382,2.6849,-0.0662,-1.5786,3.115
0.668048,2.6536,-0.3083,-1.6754,3.153
0.673100,2.6533,-0.6527,-1.7888,3.266
0.678193,2.7031,-1.0653,-1.8221,3.430
0.683850,2.6500,-1.4214,-1.8078,3.509
0.687980,2.4185,-1.7783,-1.7537,3.477
0.692953,2.1061,-2.0401,-1.6885,3.384
0.698137,1.6698,-2.3215,-1.7199,3.337
0.703114,1.2092,-2.5986,-1.7368,3.351
0.707899,0.7180,-2.7901,-1.8245,3.410
0.712896,0.0463,-2.8963,-2.0114,3.527
0.718105,-0.6340,-3.0233,-2.3929,3.907
0.722912,-1.2215,-3.2182,-2.8309,4.457
0.730774,-1.8695,-3.4288,-3.3929,5.173
0.732912,-2.4694,-3.5984,-3.9845,5.910
0.737844,-3.0653,-3.7273,-4.6834,6.725
0.743488,-3.7154,-3.8879,-5.3810,7.608
0.747816,-4.4323,-4.0525,-5.9115,8.427
0.753104,-5.1306,-4.2445,-6.1999,9.098
0.757817,-5.8472,-4.4697,-6.2812,9.676
0.762814,-6.5257,-4.7050,-6.2517,10.189
0.767804,-7.2199,-4.9989,-6.1593,10.726
0.772736,-7.9790,-5.3140,-5.9278,11.271
0.778086,-8.8114,-5.6662,-5.4474,11.808
0.782693,-9.7027,-5.9655,-4.9527,12.420
0.787556,-10.7570,-6.2805,-4.4558,13.229
0.792605,-12.0246,-6.6702,-3.8364,14.276
0.797520,-13.4079,-7.2218,-3.2522,15.573
0.803224,-15.3136,-7.7028,-2.8070,17.370
0.807577,-17.6828,-8.2341,-2.2940,19.640
0.812623,-19.9361,-8.9232,-1.7415,21.911
0.817831,-21.5226,-9.9311,-1.3326,23.741
0.822512,-22.4410,-11.1737,-1.0801,25.092
0.829664,-22.7600,-12.5944,-0.9905,26.031
0.832740,-22.5604,-14.2258,-1.1021,26.694
0.837408,-21.8421,-15.9882,-1.5407,27.112
0.842551,-20.6361,-17.6666,-2.3567,27.267
0.847318,-18.9945,-19.1083,-3.5639,27.178
0.855046,-16.8020,-20.2917,-4.9913,26.814
0.857412,-14.1384,-21.1815,-6.5767,26.302
0.862970,-11.1265,-21.4670,-8.2247,25.540
0.867463,-7.5055,-20.8852,-10.0085,24.345
0.872493,-2.8671,-19.5175,-12.4390,23.321
0.879203,3.1731,-17.9262,-15.4854,23.900
0.882598,10.1049,-15.7060,-18.3424,26.177
0.887180,17.4680,-12.6763,-20.4093,29.704
0.892271,24.8732,-8.9735,-21.2965,33.952
0.897259,31.6546,-4.7651,-20.8084,38.180
0.904852,37.3226,-0.3749,-19.5288,42.125
0.907479,41.1905,3.7496,-17.8693,45.056
0.912966,42.7327,6.9724,-15.9382,46.138
0.917235,42.7545,8.7626,-14.2870,45.922
0.922437,40.5868,9.8042,-12.7796,43.666
0.927151,37.8050,9.9145,-10.5664,40.487
0.932233,35.9293,8.5591,-9.1061,38.041
0.937850,31.1772,8.0787,-7.1216,32.985
0.942153,26.2754,7.5872,-5.2689,27.852
0.947300,22.3493,6.3709,-3.6532,23.525
0.952085,19.1458,4.8484,-2.1712,19.869
0.956960,16.3838,3.6439,-0.7710,16.802
0.962190,13.9596,2.7168,0.3944,14.227
0.966969,11.9479,1.8278,1.0733,12.134
0.971998,10.1171,0.8921,1.1778,10.224
0.976965,8.3174,-0.1177,0.7435,8.351
0.982106,6.4324,-1.0806,-0.1616,6.525
0.986926,4.5216,-1.9653,-1.3289,5.106
0.992009,2.7644,-2.8841,-2.6844,4.813
0.996808,1.1330,-3.9437,-4.0200,5.744
1.001817,-0.5676,-5.1427,-5.3182,7.420
1.006785,-2.2934,-6.2602,-6.2403,9.132
1.013955,-3.9432,-7.2100,-6.7003,10.603
1.016745,-5.4218,-8.0928,-6.8138,11.888
1.022527,-6.8705,-9.0107,-6.6708,13.149
1.026624,-8.5186,-9.6348,-6.2088,14.281
1.031784,-10.3276,-9.9201,-5.4739,15.331
1.036671,-12.3460,-9.9895,-4.8331,16.600
1.041831,-14.6233,-9.9380,-4.3143,18.199
1.046564,-17.0641,-9.9660,-3.9085,20.144
1.051806,-19.4518,-10.1860,-3.5304,22.239
1.056692,-21.5805,-10.3391,-2.8663,24.100
1.068582,-23.5668,-10.2383,-2.0906,25.780
1.069169,-25.4399,-10.0834,-1.1364,27.389
1.073763,-26.3567,-10.5125,-0.2698,28.377
1.076594,-26.0162,-11.5911,0.3786,28.484
1.081681,-25.5073,-12.5764,0.7802,28.450
1.086728,-25.9126,-12.6687,1.5414,28.885
1.091548,-23.7442,-14.1362,1.5726,27.678
1.096517,-21.4711,-15.7515,1.3759,26.665
1.101561,-19.9846,-16.6913,0.7352,26.048
1.106511,-18.4570,-17.1424,-0.2153,25.191
1.112552,-16.8303,-17.5078,-1.5790,24.337
1.116407,-15.2205,-17.6956,-3.3694,23.583
1.121568,-13.5300,-17.5724,-5.3081,22.804
1.126477,-11.3122,-17.2691,-7.1195,21.837
1.131456,-8.5666,-16.7315,-8.8597,20.780
1.138160,-5.5354,-15.8566,-10.5539,19.836
1.141440,-1.7047,-14.7307,-12.0638,19.116
1.146462,2.9204,-13.1502,-13.5078,19.077
1.151663,7.9451,-11.0041,-14.7932,20.076
1.156300,13.1364,-8.3557,-15.7928,22.176
1.163031,18.5818,-5.4079,-16.3398,25.328
1.166283,23.0655,-2.0209,-16.3436,28.341
1.171232,26.0600,1.3757,-15.6068,30.407
1.176252,27.8233,4.2584,-14.0809,31.473
1.181344,29.9976,5.4295,-12.9126,33.107
1.187133,30.4272,6.0723,-11.3038,33.022
1.191386,31.2366,5.7713,-10.0871,33.328
1.196832,30.0940,5.8884,-8.7861,31.899
1.201270,27.4166,6.2256,-7.0068,28.975
1.206503,24.3382,6.2491,-5.3064,25.682
1.211306,21.6126,5.5495,-3.8123,22.637
1.216100,18.8744,4.5970,-2.6617,19.608
1.222702,16.0069,3.9274,-1.6379,16.563
1.225939,13.2111,3.4651,-0.6504,13.673
1.232523,10.7318,3.0752,0.2453,11.166
1.236082,8.5502,2.6709,0.9518,9.008
1.241033,6.6590,2.2251,1.4487,7.169
1.245909,4.9746,1.7674,1.6909,5.543
1.251189,3.4708,1.2748,1.7952,4.110
1.255985,2.1191,0.8585,1.8083,2.915
1.261718,0.8789,0.4351,1.7408,1.998
1.266308,-0.2302,-0.0276,1.6197,1.636
1.270937,-1.2967,-0.4386,1.4401,1.987
1.276036,-2.1699,-0.8557,1.2261,2.635
1.280888,-2.8813,-1.2644,1.0974,3.332
1.286828,-3.6126,-1.6742,0.9454,4.092
1.290978,-4.1318,-1.9766,0.8388,4.656
1.295829,-4.5581,-2.2054,0.8126,5.128
1.300807,-4.8647,-2.3803,0.7086,5.462
1.305852,-5.0391,-2.4927,0.6363,5.658
1.310832,-5.1208,-2.6150,0.5520,5.776
1.315753,-5.1840,-2.7285,0.3930,5.871
1.325687,-5.2927,-2.7530,0.2816,5.973
1.326186,-5.3052,-2.7033,0.2033,5.958
1.330695,-5.2648,-2.5754,0.1621,5.863
1.336062,-5.1134,-2.4224,0.1429,5.660
1.340761,-4.9320,-2.2495,0.1072,5.422
1.345641,-4.7540,-2.0523,0.0735,5.179
1.350750,-4.5202,-1.8597,0.0460,4.888
1.357122,-4.1299,-1.7339,0.0383,4.479
1.360891,-3.6778,-1.5890,0.0067,4.006
1.365658,-3.2582,-1.4631,0.0080,3.572
1.370815,-2.8127,-1.3946,-0.0296,3.140
1.375592,-2.3731,-1.3261,-0.0401,2.719
1.380697,-1.9866,-1.2241,0.0013,2.333
1.385501,-1.6998,-1.0599,0.0078,2.003
1.390553,-1.4166,-0.8576,-0.0544,1.657
1.395631,-1.2085,-0.6698,-0.0378,1.382
1.400566,-0.9793,-0.4869,-0.0433,1.094
1.405719,-0.7186,-0.3517,-0.1392,0.812
1.410600,-0.4648,-0.1496,-0.1909,0.524
1.415367,-0.1259,-0.0814,-0.2571,0.298
1.427722,0.2942,0.0252,-0.2472,0.385
1.428015,0.7535,0.1364,-0.1856,0.788
1.430271,1.1764,0.2570,-0.1107,1.209
1.435257,1.5066,0.3965,-0.0759,1.560
1.440281,1.7446,0.5784,-0.0612,1.839
1.445304,1.9534,0.7215,-0.0676,2.083
1.450403,2.1190,0.8688,-0.0768,2.292
1.455220,2.3328,0.9102,-0.1179,2.507
1.460219,2.5855,0.9796,-0.1343,2.768
1.465389,2.7383,1.0532,-0.2128,2.942
1.470409,2.8686,1.1403,-0.2575,3.098
1.475228,2.9571,1.1406,-0.2498,3.179
1.480416,3.0236,1.0925,-0.2280,3.223
1.485132,2.9676,1.1204,-0.1297,3.175
1.490218,2.8607,1.1525,0.0069,3.084
1.494998,2.7738,1.1317,0.0723,2.997
1.500600,2.6985,1.0198,0.1100,2.887
1.505079,2.6056,0.9128,0.1728,2.766
1.510212,2.5091,0.8635,0.2946,2.670
1.515532,2.4187,0.7666,0.3708,2.564
1.524861,2.3010,0.5699,0.4739,2.417
1.525276,2.1357,0.3359,0.6193,2.249
1.529878,2.0257,0.2273,0.7836,2.184
1.534772,1.9264,0.0672,0.9247,2.138
1.540051,1.7036,-0.1010,0.9861,1.971
1.544813,1.4576,-0.1912,0.9826,1.768
1.549918,1.2163,-0.3037,0.8953,1.541
1.554811,1.0304,-0.4480,0.6234,1.285
1.559808,0.9644,-0.6716,0.3150,1.217
1.564832,0.9547,-0.9504,0.0991,1.351
1.569712,0.9918,-1.2362,-0.0198,1.585
1.574955,1.0804,-1.3952,-0.1039,1.768
1.579778,1.0334,-1.4655,-0.2530,1.811
1.584939,0.9108,-1.5289,-0.4474,1.835
1.589641,0.7587,-1.6805,-0.6292,1.948
1.594840,0.5268,-1.9490,-0.8177,2.178
1.600612,0.1334,-2.1670,-1.1179,2.442
1.604500,-0.2454,-2.2293,-1.4486,2.670
1.610216,-0.5961,-2.2751,-1.7907,2.956
1.614573,-0.8451,-2.3529,-2.0588,3.239
1.621470,-1.0854,-2.4383,-2.3342,3.546
1.624876,-1.3527,-2.5796,-2.6507,3.938
1.629664,-1.7095,-2.7386,-3.0036,4.410
1.634636,-2.0267,-2.8103,-3.4125,4.863
1.639978,-2.3473,-2.9242,-3.9691,5.460
1.644990,-2.5969,-3.0714,-4.4978,6.034
1.649749,-2.8831,-3.2513,-5.0328,6.649
1.654670,-3.2793,-3.5029,-5.5276,7.320
1.659616,-3.6904,-3.7405,-6.0309,7.999
1.664619,-4.0119,-3.9693,-6.5290,8.630
1.669908,-4.4269,-4.1997,-6.9608,9.257
1.675056,-4.9515,-4.4997,-7.2936,9.898
1.679474,-5.6619,-4.9507,-7.5137,10.631
1.684313,-6.6319,-5.4674,-7.4825,11.396
1.689490,-7.7339,-6.0699,-7.0616,12.105
1.694946,-9.1659,-6.5056,-6.1312,12.803
1.700362,-10.8489,-6.7523,-4.9164,13.692
1.704702,-12.5368,-6.8258,-3.5936,14.720
1.709420,-14.5744,-6.8146,-2.3170,16.255
1.714363,-16.7086,-7.0746,-1.3240,18.193
1.724632,-18.8414,-7.5735,-0.8365,20.324
1.725207,-20.8939,-8.3170,-0.3960,22.492
1.729750,-22.1198,-9.5472,-0.1413,24.093
1.734659,-22.6875,-11.1353,-0.2124,25.274
1.739454,-22.8074,-12.9402,-0.5380,26.228
1.744950,-22.7393,-14.8254,-0.8579,27.159
1.749532,-22.0779,-16.7591,-1.2476,27.746
1.754603,-20.8831,-18.6417,-1.8931,28.057
1.759169,-19.5283,-20.3440,-3.0788,28.367
1.764810,-17.9634,-21.9431,-4.7755,28.757
1.773624,-15.8326,-23.5174,-6.8512,29.166
1.774158,-13.0885,-24.4525,-9.2568,29.239
1.779422,-9.7657,-24.5021,-11.6958,28.853
1.783882,-5.6405,-23.8827,-13.9127,28.209
1.789360,-0.5825,-22.5321,-15.7341,27.488
1.793776,5.4776,-20.1328,-17.3005,27.104
1.799560,12.9465,-16.6091,-19.3080,28.571
1.804806,21.8915,-12.4689,-22.0579,33.485
1.808900,31.2687,-8.0236,-24.6215,40.600
1.813833,38.7815,-2.8846,-25.9522,46.753
1.821476,45.4443,1.4839,-25.5950,52.177
1.824402,50.1533,4.4477,-24.6390,56.055
1.828788,51.4112,6.4424,-22.1293,56.341
1.833681,49.1979,7.5600,-18.7540,53.191
1.839003,44.3180,7.5934,-14.9169,47.374
1.843747,38.7063,6.6112,-11.3952,40.887
1.848931,33.2853,5.2213,-8.4472,34.735
1.853650,27.8591,4.0508,-5.9297,28.770
1.858921,22.3041,3.3070,-4.0579,22.910
1.863900,17.1475,2.6122,-3.0796,17.617
1.868711,12.9334,1.7707,-2.9258,13.378
1.873614,9.5403,0.9201,-2.9949,10.042
1.878585,6.6231,0.1823,-2.9689,7.260
1.884256,3.9358,-0.3918,-2.4826,4.670
1.888718,1.2728,-0.8902,-1.6723,2.282
1.893611,-1.2532,-1.3005,-0.6166,1.908
1.899466,-3.4234,-1.6653,0.4721,3.836
1.903497,-5.2008,-1.9897,1.2835,5.714
1.908598,-6.1165,-2.6336,1.4143,6.808
1.914251,-7.2689,-2.9033,1.3135,7.937
1.918656,-8.6819,-2.6536,1.2335,9.162
1.923491,-8.8248,-3.1102,0.8469,9.395
1.928367,-9.0170,-3.5702,0.4473,9.708
1.933404,-9.1170,-3.9728,-0.0211,9.945
1.938746,-9.0548,-4.3813,-0.4602,10.070
1.944022,-8.9238,-4.6772,-0.7469,10.103
1.948448,-8.6066,-4.8527,-0.9076,9.922
1.953258,-8.1044,-4.9757,-0.8945,9.552
1.958529,-7.3871,-5.0235,-0.8087,8.970
1.963230,-6.9219,-4.7100,-0.6500,8.398
1.968231,-6.4728,-4.2422,-0.4755,7.754
1.973420,-5.6171,-4.0225,-0.4383,6.923
1.978511,-4.7587,-3.9171,-0.5250,6.186
1.983292,-4.0582,-3.7825,-0.7025,5.592
1.988335,-3.4371,-3.5569,-0.9047,5.028
1.993196,-2.9130,-3.2454,-1.0840,4.494
1.998764,-2.4414,-2.9389,-1.2938,4.034
2.003750,-2.1021,-2.6090,-1.4584,3.654
2.008169,-1.8654,-2.3131,-1.7273,3.437
2.014180,-1.6831,-2.0415,-1.9434,3.283
2.018556,-1.5787,-1.7845,-2.1800,3.229
2.024350,-1.4900,-1.4943,-2.3809,3.181
2.028035,-1.3739,-1.2474,-2.5278,3.136
2.032951,-1.3260,-1.0007,-2.5544,3.047
2.038231,-1.2600,-0.7350,-2.4663,2.865
2.043037,-1.0947,-0.4694,-2.2681,2.562
2.048118,-0.9254,-0.2710,-2.0173,2.236
2.053241,-0.7042,-0.0821,-1.7758,1.912
2.058137,-0.4450,-0.0273,-1.5384,1.602
2.063470,-0.2000,-0.0345,-1.2708,1.287
2.067932,-0.1554,-0.0222,-1.0071,1.019
2.073010,0.0911,-0.0337,-0.7751,0.781
2.078436,0.2335,-0.0258,-0.6418,0.683
2.082906,0.1951,0.0351,-0.5447,0.580
2.087888,0.2344,0.0962,-0.4264,0.496
2.092788,0.3370,0.1480,-0.3202,0.488
2.097941,0.5175,0.1667,-0.2990,0.620
2.103863,0.7621,0.1619,-0.2568,0.820
2.108186,1.0238,0.1719,-0.2510,1.068
2.112645,1.1692,0.1392,-0.2236,1.199
2.117875,1.2229,0.1212,-0.1934,1.244
2.123260,1.2086,0.1659,-0.1403,1.228
2.132847,1.1121,0.1822,-0.1467,1.136
2.133252,0.9763,0.1034,-0.1784,0.998
2.137611,0.7914,0.0684,-0.2493,0.833
2.142548,0.6577,0.0675,-0.3546,0.750
2.147936,0.5075,0.0433,-0.3985,0.647
2.153263,0.3354,0.0151,-0.3608,0.493
2.157607,0.1413,0.0212,-0.2765,0.311
2.162735,-0.0709,0.0279,-0.2110,0.224
2.167575,-0.2493,0.0449,-0.1354,0.287
2.172575,-0.3991,0.0289,-0.0112,0.400
2.178435,-0.5306,-0.0631,0.0904,0.542
2.182643,-0.6687,-0.1452,0.1802,0.708
2.187476,-0.7894,-0.1407,0.3098,0.860
2.192411,-0.8986,-0.1744,0.3938,0.996
2.197781,-0.9918,-0.2224,0.4420,1.108
2.202649,-1.0358,-0.2848,0.5119,1.190
2.207467,-1.0784,-0.3760,0.6089,1.294
2.215369,-1.0674,-0.4438,0.7480,1.377
2.217653,-1.0838,-0.4737,0.9043,1.489
2.226395,-1.0226,-0.4900,1.0837,1.569
2.230841,-0.9793,-0.5216,1.1859,1.624
2.232186,-0.9537,-0.5206,1.2205,1.634
2.237432,-0.8644,-0.5495,1.2501,1.616
2.242633,-0.7974,-0.5317,1.3034,1.618
2.247382,-0.6663,-0.5436,1.2887,1.549
2.252204,-0.5236,-0.5087,1.2059,1.410
2.257297,-0.3591,-0.5177,1.1025,1.270
2.262205,-0.2345,-0.4653,0.9733,1.104
2.267438,-0.0777,-0.4040,0.8942,0.984
2.272194,0.0448,-0.3577,0.8411,0.915
2.277070,0.1427,-0.3166,0.7846,0.858
2.282132,0.2310,-0.2807,0.6909,0.781
2.287183,0.2860,-0.2929,0.6319,0.753
2.292343,0.3706,-0.3100,0.5544,0.735
2.297167,0.4513,-0.2890,0.4489,0.699
2.301880,0.5235,-0.3207,0.4106,0.739
2.306987,0.5108,-0.2519,0.3578,0.673
2.314290,0.5088,-0.2261,0.3287,0.647
2.317496,0.5127,-0.1906,0.3087,0.628
2.322166,0.4890,-0.2029,0.2882,0.603
2.326895,0.4278,-0.2819,0.2575,0.573
2.331902,0.3625,-0.2315,0.2692,0.507
2.336867,0.3217,-0.1713,0.3089,0.478
2.342077,0.3005,-0.1301,0.3143,0.454
2.347310,0.3851,-0.1369,0.4679,0.621
2.351872,1.0750,-0.2352,1.2740,1.683
2.356947,1.9447,-0.1193,2.2359,2.966
2.361772,1.8156,0.2824,2.0942,2.786
2.366820,0.5425,0.5592,1.3115,1.525
2.371931,-0.2907,0.4676,0.7251,0.910
2.376887,0.2655,0.1083,0.6609,0.720
2.381913,1.1017,-0.1740,0.7980,1.371
2.386895,0.8476,0.0944,0.6760,1.088
2.391691,0.5079,0.3483,0.5485,0.825
2.396780,0.5429,0.2767,0.5257,0.805
2.401748,0.5741,0.1719,0.5173,0.792
2.406729,0.5633,0.1627,0.5618,0.812
2.414233,0.4953,0.1678,0.6258,0.816
2.417026,0.2738,0.1155,0.3979,0.497
2.421874,0.1139,0.0969,0.2084,0.257
2.426814,-0.0710,0.0353,0.0620,0.101
2.431538,-0.2912,0.0888,-0.1373,0.334
2.436515,-0.4462,0.1234,-0.3132,0.559
2.441379,-0.4597,0.1199,-0.4035,0.623
2.446565,-0.4561,0.0591,-0.4606,0.651
2.451453,-0.4210,-0.0158,-0.4318,0.603
2.456540,-0.3685,-0.0573,-0.2830,0.468
2.461962,-0.3271,-0.0943,-0.1093,0.358
2.466643,-0.2825,-0.1127,0.0852,0.316
2.471330,-0.2202,-0.1366,0.3057,0.401
2.476541,-0.1831,-0.1662,0.4762,0.537
2.481472,-0.1040,-0.2158,0.6110,0.656
2.486838,-0.0208,-0.2950,0.7247,0.783
2.491306,-0.0002,-0.3080,0.7455,0.807
2.496356,0.0060,-0.2883,0.6925,0.750
2.501169,-0.0024,-0.2836,0.6178,0.680
2.506682,-0.0014,-0.2651,0.4922,0.559
2.514579,0.0378,-0.1798,0.3964,0.437
2.516323,0.0527,-0.1712,0.1862,0.258
2.523880,0.0437,-0.1145,-0.0100,0.123
2.526272,0.0779,-0.0384,-0.1880,0.207
2.531217,0.1221,0.0094,-0.3195,0.342
2.536588,0.1287,0.0051,-0.3330,0.357
2.541253,0.0687,-0.0273,-0.3386,0.347
2.546362,0.0092,-0.1261,-0.4469,0.464
2.551123,-0.0018,-0.1618,-0.5380,0.562
2.556312,-0.0458,-0.1875,-0.5350,0.569
2.561672,-0.1659,-0.1744,-0.4519,0.512
2.566127,-0.2714,-0.1707,-0.3746,0.493
2.571176,-0.2906,-0.1669,-0.2310,0.407
2.576060,-0.2624,-0.1581,-0.0975,0.322
2.581172,-0.2681,-0.2356,0.1078,0.373
2.587125,-0.3173,-0.2845,0.2852,0.513
2.590989,-0.3574,-0.2810,0.4875,0.667
2.596100,-0.3743,-0.2540,0.6335,0.778
2.600811,-0.3920,-0.2131,0.7041,0.834
2.606095,-0.3771,-0.1630,0.7376,0.844
2.610953,-0.3053,-0.0939,0.6760,0.748
2.615937,-0.1571,-0.0250,0.5717,0.593
2.623705,-0.0230,0.0103,0.5151,0.516
2.625930,0.0783,0.0600,0.5447,0.554
2.630890,0.1616,0.1097,0.6028,0.634
2.636756,0.1980,0.2023,0.6561,0.715
2.640763,0.2593,0.2422,0.6327,0.725
2.645793,0.2975,0.2822,0.5081,0.653
2.650834,0.2795,0.3273,0.3060,0.528
2.655797,0.2482,0.3153,0.0928,0.412
2.660687,0.2515,0.3374,-0.1031,0.433
2.665800,0.2224,0.3122,-0.2195,0.442
2.670638,0.1562,0.2684,-0.3474,0.466
2.675720,0.1005,0.2060,-0.4101,0.470
2.681474,0.0264,0.1920,-0.4215,0.464
2.685660,-0.0566,0.1112,-0.4290,0.447
2.690937,-0.1346,0.0640,-0.3792,0.407
2.695687,-0.2032,0.0456,-0.3389,0.398
2.700384,-0.2482,-0.0112,-0.2646,0.363
2.705844,-0.3034,-0.0490,-0.2229,0.380
2.710871,-0.3356,-0.0824,-0.0890,0.357
2.715590,-0.3495,-0.1496,-0.0444,0.383
2.724165,-0.3404,-0.1311,-0.0173,0.365
2.725617,-0.3562,-0.1130,-0.0364,0.376
2.730833,-0.3230,-0.1280,-0.0821,0.357
2.735443,-0.2482,-0.1288,-0.1169,0.303
2.740616,-0.1983,-0.1392,-0.1412,0.280
2.745487,-0.1588,-0.1070,-0.2265,0.297
2.750567,-0.0910,-0.0940,-0.3015,0.329
2.755488,-0.0236,-0.1000,-0.3811,0.395
2.760515,0.0818,-0.1296,-0.3846,0.414
2.765675,0.1870,-0.1491,-0.3795,0.449
2.770356,0.2066,-0.1065,-0.4233,0.483
2.775447,0.3174,-0.0685,-0.4826,0.582
2.780979,0.3762,-0.1017,-0.5052,0.638
2.785692,0.3598,-0.1008,-0.5105,0.633
2.790619,0.3731,-0.1281,-0.4558,0.603
2.795288,0.3830,-0.1452,-0.4080,0.578
2.800368,0.2606,-0.1096,-0.3619,0.459
2.805289,0.1494,-0.0931,-0.2410,0.299
2.810134,0.0917,-0.1147,-0.0599,0.159
2.815260,-0.0036,-0.1266,0.1485,0.195
2.822439,-0.0697,-0.1290,0.3034,0.337
2.825227,-0.1024,-0.1744,0.4579,0.501
2.830131,-0.1163,-0.1817,0.5840,0.623
2.835192,-0.1306,-0.2179,0.6961,0.741
2.840244,-0.1312,-0.1923,0.7518,0.787
2.845264,-0.1038,-0.1768,0.7608,0.788
2.849899,-0.0913,-0.1902,0.7185,0.749
2.854992,-0.0791,-0.1371,0.6630,0.682
2.859920,-0.0339,-0.0655,0.5368,0.542
2.865086,0.0299,0.0341,0.4445,0.447
2.870195,0.1031,0.0572,0.3281,0.349
2.874942,0.2190,0.0519,0.2065,0.305
2.879956,0.3065,0.0708,0.1176,0.336
2.884885,0.2660,0.1376,0.0370,0.302
2.889871,0.1789,0.1140,-0.0258,0.214
2.895100,0.0786,0.1291,-0.0803,0.171
2.900386,-0.0208,0.1492,-0.0928,0.177
2.905114,-0.0910,0.0934,-0.0492,0.139
2.909755,-0.0991,0.0523,0.0700,0.132
2.915005,-0.1455,0.0067,0.1746,0.227
2.922566,-0.1968,-0.0150,0.2271,0.301
2.925153,-0.2342,-0.0323,0.3377,0.412
2.933345,-0.2247,-0.0355,0.3778,0.441
2.934721,-0.2256,-0.0536,0.4482,0.505
2.939640,-0.1894,-0.0626,0.4679,0.509
2.944790,-0.1829,-0.0102,0.4512,0.487
2.949509,-0.1820,-0.0108,0.4026,0.442
2.954661,-0.2489,0.0405,0.3414,0.424
2.959400,-0.1830,0.0389,0.2718,0.330
2.965102,-0.1135,0.0610,0.1844,0.225
2.969855,-0.1496,0.0923,0.0836,0.195
2.974433,-0.1528,0.1045,-0.0071,0.185
2.979396,-0.0658,0.0074,-0.0498,0.083
2.984446,-0.1081,0.0014,-0.0827,0.136
2.989432,-0.1788,0.0477,-0.0536,0.193
2.994651,-0.1590,0.0272,-0.0582,0.171
3.000439,-0.1728,0.0306,-0.1197,0.212
3.004362,-0.0676,0.0341,-0.1622,0.179
3.009641,0.0418,-0.0241,-0.2143,0.220
3.014408,0.0322,0.0134,-0.1903,0.193
3.022482,0.0467,0.0268,-0.1336,0.144
3.024822,0.0045,0.0117,-0.0726,0.074
3.030655,-0.0087,0.0204,-0.0453,0.050
3.034412,-0.0314,0.0147,-0.0466,0.058
3.039195,-0.0491,-0.0384,-0.0431,0.076
3.045178,-0.0862,-0.0531,0.0128,0.102
3.049298,-0.1184,-0.0630,0.0683,0.150
3.054185,-0.1270,-0.0823,0.0904,0.176
3.059148,-0.1072,-0.0873,0.1743,0.222
3.064261,-0.1116,-0.0971,0.2057,0.253
3.069081,-0.1064,-0.0927,0.3087,0.339
3.074294,-0.0917,-0.0885,0.3589,0.381
3.078987,-0.0865,-0.0416,0.2901,0.306
3.084677,-0.0858,-0.0520,0.2218,0.243
3.089080,-0.0514,-0.0528,0.1585,0.175
3.094127,-0.0740,-0.0487,0.1616,0.184
3.099423,-0.0864,-0.0445,0.2071,0.229
3.103932,-0.0745,-0.0022,0.1993,0.213
3.108917,-0.0909,0.0162,0.1910,0.212
3.114000,-0.0924,0.0297,0.1965,0.219
3.118886,-0.0887,0.0243,0.2063,0.226
3.123948,-0.1181,-0.0286,0.2159,0.248
3.132855,-0.1426,0.0473,0.1966,0.247
3.133889,-0.1672,0.0608,0.1585,0.238
3.138889,-0.1918,0.0315,0.1016,0.219
3.144913,-0.1880,0.0309,0.0880,0.210
3.148880,-0.1797,0.0493,0.1221,0.223
3.153850,-0.1716,0.0440,-0.2391,0.298
3.158750,-0.0966,0.0868,-0.8701,0.880
3.163848,0.0161,0.1582,-0.8234,0.839
3.168794,0.1614,0.1770,-0.2503,0.346
3.173885,0.2441,0.1812,0.2666,0.404
3.178698,0.2552,0.1231,0.4576,0.538
3.183877,0.2190,0.1078,0.4872,0.545
3.188697,0.1262,0.0970,0.4370,0.465
3.193747,0.0195,0.1003,0.3885,0.402
3.199226,-0.0823,0.1509,0.3125,0.357
3.204196,-0.1367,0.1013,0.1615,0.235
3.208521,-0.1627,0.0617,-0.0408,0.179
3.213585,-0.1176,0.0179,-0.2660,0.291
3.218526,-0.0969,0.0175,-0.3860,0.398
3.223559,-0.1146,0.0697,-0.3967,0.419
3.229498,-0.0898,0.0932,-0.3941,0.415
