0.002993,-0.0454,0.4583,-0.7008,0.839
0.003257,-0.0152,0.4920,-0.7395,0.888
0.005676,0.0294,0.4782,-0.6987,0.847
0.011416,0.1311,0.4031,-0.7074,0.825
0.015198,0.2089,0.3430,-0.6411,0.757
0.020370,0.1586,0.3359,-0.5335,0.650
0.025430,0.1475,0.2909,-0.4656,0.568
0.030518,0.1417,0.2416,-0.3701,0.464
0.040928,0.1460,0.1927,-0.3040,0.388
0.041252,0.1174,0.1157,-0.2286,0.282
0.045903,0.0655,0.0391,-0.1199,0.142
0.050438,0.0617,-0.0560,0.0223,0.086
0.055580,0.1774,-0.0983,0.1978,0.283
0.060426,0.2499,-0.1501,0.2688,0.397
0.065308,0.1655,-0.1447,0.2693,0.348
0.070183,0.0389,-0.1158,0.2472,0.276
0.075057,0.1889,-0.0588,0.1881,0.273
0.080189,0.3667,0.0119,0.1391,0.392
0.085988,0.3821,0.0157,0.0802,0.391
0.090215,0.3979,0.0244,0.0681,0.404
0.095049,0.4000,0.0191,0.0690,0.406
0.100121,0.3837,0.0139,0.1024,0.397
0.105612,0.2919,0.0374,0.1632,0.336
0.111016,0.1963,0.0608,0.2278,0.307
0.115021,0.1682,0.0650,0.2629,0.319
0.119983,0.1883,0.0408,0.2927,0.350
0.124882,0.1228,-0.0165,0.3223,0.345
0.130095,0.0818,-0.0116,0.3614,0.371
0.136009,0.0365,-0.0068,0.3673,0.369
0.140197,-0.0232,-0.0353,0.3687,0.371
0.145054,-0.0731,-0.0732,0.3086,0.325
0.149863,-0.1328,-0.1202,0.2347,0.295
0.155110,-0.1975,-0.1335,0.1898,0.305
0.166036,-0.2150,-0.1561,0.1829,0.323
0.166866,-0.2381,-0.1832,0.1710,0.346
0.169783,-0.2239,-0.2100,0.1640,0.348
0.174868,-0.2106,-0.2462,0.1904,0.376
0.180605,-0.2457,-0.3106,0.2027,0.445
0.184696,-0.2718,-0.3508,0.1961,0.485
0.189672,-0.3177,-0.3764,0.1948,0.530
0.194587,-0.3834,-0.4019,0.2083,0.593
0.199737,-0.4164,-0.4558,0.2175,0.655
0.204648,-0.4457,-0.4667,0.1801,0.670
0.209786,-0.4620,-0.4871,0.1630,0.691
0.214722,-0.5225,-0.4933,0.0997,0.725
0.219681,-0.5839,-0.4617,0.1236,0.755
0.225174,-0.5703,-0.4400,0.0534,0.722
0.230238,-0.5296,-0.3806,-0.0389,0.653
0.234363,-0.5764,-0.3837,-0.1434,0.707
0.239400,-0.5956,-0.3537,-0.2174,0.726
0.244441,-0.5970,-0.3193,-0.2947,0.738
0.249483,-0.5665,-0.2758,-0.3660,0.729
0.254285,-0.5659,-0.2040,-0.4507,0.752
0.259639,-0.5186,-0.2041,-0.5441,0.779
0.264922,-0.4491,-0.1329,-0.6034,0.764
0.269508,-0.4141,-0.1381,-0.6101,0.750
0.274369,-0.3800,-0.1194,-0.6074,0.726
0.279221,-0.3468,-0.0818,-0.5478,0.653
0.284143,-0.2718,-0.0540,-0.4552,0.533
0.289307,-0.2165,-0.0738,-0.4061,0.466
0.294190,-0.1242,-0.0317,-0.3903,0.411
0.299162,-0.0326,-0.0801,-0.4222,0.431
0.306473,0.0395,-0.0425,-0.3922,0.397
0.309317,0.1398,-0.0289,-0.3722,0.399
0.314083,0.1970,-0.0533,-0.3051,0.367
0.321091,0.1976,-0.0679,-0.1912,0.283
0.324098,0.1555,0.0126,-0.1015,0.186
0.329065,0.1283,0.0924,-0.0073,0.158
0.334042,0.1202,0.1146,0.0578,0.176
0.339069,0.1833,0.0986,0.0322,0.211
0.343924,0.2321,0.0543,0.0257,0.240
0.349052,0.2526,0.0864,0.0477,0.271
0.353886,0.2730,0.1706,0.0836,0.333
0.358922,0.3028,0.2400,0.1286,0.407
0.364203,0.3278,0.2756,0.1397,0.450
0.369228,0.4337,0.3252,0.1886,0.574
0.374053,0.5250,0.3364,0.1750,0.648
0.378935,0.5972,0.3809,0.2277,0.744
0.383805,0.6171,0.4108,0.2752,0.791
0.389101,0.6611,0.4071,0.2890,0.828
0.394021,0.6770,0.4320,0.3076,0.860
0.398862,0.6601,0.5231,0.3406,0.909
0.403760,0.6723,0.5517,0.3308,0.931
0.408930,0.6473,0.5468,0.3112,0.903
0.413750,0.6799,0.5705,0.2680,0.927
0.418957,0.6606,0.6224,0.2629,0.945
0.423677,0.6660,0.6693,0.2432,0.975
0.429116,0.7052,0.6967,0.2423,1.021
0.434820,0.7451,0.7192,0.2410,1.063
0.438739,0.7575,0.7224,0.2821,1.084
0.446543,0.7900,0.8015,0.2371,1.150
0.448832,0.8236,0.9037,0.1586,1.233
0.455528,0.8780,0.9253,0.1089,1.280
0.458883,0.9579,0.9756,0.1010,1.371
0.463651,0.9677,0.9827,0.0966,1.383
0.468972,1.0032,1.0233,0.1291,1.439
0.473779,1.0262,1.0637,0.1746,1.488
0.478496,1.0893,1.0945,0.2716,1.568
0.483351,1.0634,1.0677,0.3533,1.548
0.488644,1.1161,0.9882,0.4726,1.564
0.494032,1.1132,0.9564,0.5821,1.579
0.498507,1.0592,0.8863,0.6630,1.532
0.503420,1.0212,0.8592,0.7299,1.521
0.508403,0.9989,0.8797,0.8069,1.557
0.513421,0.9730,0.8426,0.8127,1.522
0.518940,1.0439,0.7958,0.7953,1.535
0.523323,1.0971,0.7489,0.8313,1.567
0.528319,1.1086,0.7163,0.8441,1.567
0.533382,1.1219,0.7025,0.8578,1.577
0.538565,1.1658,0.7221,0.8245,1.600
0.544640,1.2163,0.7557,0.8207,1.650
0.548566,1.3170,0.7411,0.7794,1.700
0.553240,1.4776,0.7073,0.7529,1.803
0.558232,1.5641,0.6781,0.7652,1.869
0.564102,1.5731,0.7108,0.7542,1.884
0.573457,1.5715,0.7385,0.7195,1.880
0.573883,1.4967,0.6514,0.6130,1.744
0.578288,1.4635,0.6266,0.4869,1.665
0.583086,1.4479,0.5016,0.3840,1.580
0.588190,1.4540,0.4011,0.3084,1.539
0.594087,1.4069,0.3631,0.1788,1.464
0.598078,1.3823,0.3016,0.1053,1.419
0.602925,1.3612,0.2263,0.1119,1.384
0.608069,1.4204,0.1468,0.1747,1.439
0.613018,1.4835,0.0582,0.2705,1.509
0.619056,1.4397,0.0372,0.3231,1.476
0.623001,1.3488,-0.0503,0.3041,1.384
0.627962,1.1900,-0.0940,0.1897,1.209
0.633306,1.1065,-0.1703,0.0751,1.122
0.638400,1.1222,-0.3269,-0.1023,1.173
0.643233,1.1124,-0.5156,-0.2947,1.261
0.647962,1.0618,-0.6169,-0.4205,1.298
0.653176,0.9202,-0.7024,-0.3984,1.224
0.658142,0.6712,-0.8010,-0.3430,1.100
0.662869,0.4529,-0.9079,-0.3161,1.063
0.667841,0.2787,-0.9657,-0.2980,1.048
0.672857,0.4262,-1.0940,-0.2936,1.210
0.678223,0.8465,-1.2066,-0.3457,1.514
0.682752,1.2513,-1.3127,-0.4446,1.867
0.687863,1.4635,-1.3930,-0.7431,2.153
0.692692,1.5652,-1.5145,-1.1358,2.456
0.697687,1.5804,-1.6480,-1.3259,2.640
0.706247,1.4897,-1.8317,-1.2802,2.686
0.707748,1.2769,-1.9224,-1.2186,2.610
0.712777,0.8627,-1.8099,-1.3939,2.442
0.717669,0.3400,-1.7006,-1.6475,2.392
0.722672,-0.1008,-1.8625,-1.7784,2.577
0.727729,-0.5374,-2.1422,-1.8586,2.887
0.732548,-1.0236,-2.2195,-2.0558,3.194
0.737724,-1.6054,-2.2820,-2.4421,3.708
0.742603,-2.2283,-2.3438,-2.8596,4.317
0.747592,-2.9237,-2.4964,-3.3049,5.070
0.752447,-3.6398,-2.7306,-3.8274,5.946
0.757515,-4.3447,-2.8699,-4.2802,6.740
0.762526,-4.9872,-3.0968,-4.6265,7.474
0.768020,-5.5790,-3.3451,-4.8054,8.087
0.772407,-6.0571,-3.5575,-4.8985,8.564
0.777543,-6.4185,-3.7970,-4.8676,8.906
0.782755,-6.8462,-4.0596,-4.7505,9.269
0.787755,-7.4226,-4.3316,-4.4938,9.698
0.792921,-8.1307,-4.5662,-4.1589,10.211
0.797527,-9.0686,-4.7886,-3.8074,10.939
0.809813,-9.9719,-5.0766,-3.4492,11.709
0.810303,-10.7809,-5.4545,-3.2181,12.503
0.812171,-11.6985,-5.8268,-2.8451,13.375
0.817216,-12.5364,-6.2942,-2.3136,14.217
0.822152,-13.7479,-6.8327,-1.7072,15.447
0.827386,-15.0037,-7.4077,-1.2332,16.778
0.832038,-15.6979,-8.2245,-0.6491,17.734
0.837157,-16.2268,-8.9685,-0.1116,18.541
0.842054,-16.7287,-9.5796,0.5416,19.285
0.847580,-16.2105,-10.6276,1.0849,19.414
0.852153,-15.1570,-11.7624,1.6457,19.256
0.857104,-13.8055,-12.9489,1.9987,19.033
0.862016,-12.1765,-14.1154,2.0349,18.752
0.866955,-10.3162,-14.9681,1.6655,18.255
0.871925,-8.5532,-15.3587,0.8471,17.600
0.877109,-6.8973,-15.2643,-0.5019,16.758
0.882368,-5.1115,-14.7066,-2.6500,15.793
0.887671,-2.3535,-13.5588,-5.7239,14.904
0.892424,1.8111,-12.0956,-9.5185,15.498
0.897533,6.8374,-10.4859,-13.4644,18.385
0.905188,12.1067,-8.1065,-16.8844,22.302
0.906852,17.1381,-4.9535,-19.0187,26.076
0.911717,21.9237,-1.0934,-19.7908,29.555
0.916835,27.8182,2.1479,-19.6690,34.137
0.921837,32.6771,4.9223,-19.3849,38.312
0.927123,35.2595,7.2751,-18.3805,40.423
0.931759,37.1873,8.2037,-16.8882,41.658
0.937218,37.3365,8.6955,-15.4245,41.322
0.941900,35.5885,8.9850,-13.3104,39.044
0.947886,32.3626,9.1199,-10.9460,35.360
0.958142,28.6749,8.4374,-8.6224,31.109
0.958606,25.1327,7.0447,-6.2979,26.850
0.961801,21.7057,5.6778,-4.1539,22.817
0.966917,18.7219,4.5728,-2.1723,19.394
0.972515,16.4654,3.3942,-0.3613,16.815
0.979376,14.6485,2.1951,1.1433,14.856
0.982361,12.9814,0.9459,2.1814,13.197
0.986568,11.1336,-0.1151,2.3812,11.386
0.991455,9.1990,-1.1399,1.9845,9.479
0.996849,7.3335,-2.1801,1.2182,7.747
1.002230,5.5877,-3.0816,0.0789,6.382
1.007356,4.0706,-3.8719,-1.3488,5.778
1.011575,2.5481,-4.7917,-2.9452,6.175
1.016744,0.8466,-5.7149,-4.7323,7.468
1.021878,-0.9217,-6.5454,-6.6487,9.375
1.030659,-2.6645,-7.3118,-8.2259,11.324
1.031571,-4.5249,-7.9712,-9.3110,13.066
1.036532,-6.3626,-8.6678,-10.1235,14.768
1.041526,-8.5084,-9.3071,-10.7426,16.566
1.046434,-11.3183,-9.7185,-11.0225,18.549
1.052246,-14.7299,-10.1640,-11.0640,21.040
1.056440,-18.1010,-10.8003,-10.8179,23.692
1.064585,-21.1138,-11.1483,-10.1107,25.929
1.067068,-24.2617,-11.1275,-8.9299,28.146
1.073889,-26.6195,-11.2108,-7.2214,29.773
1.077037,-28.2624,-11.4785,-5.3912,30.977
1.081681,-30.8391,-11.2783,-3.5737,33.031
1.086217,-31.3949,-12.0518,-1.9869,33.687
1.091204,-30.7298,-13.6714,-0.9717,33.648
1.096275,-29.3456,-15.6294,-0.7104,33.256
1.102256,-27.3994,-17.5667,-0.9349,32.561
1.107691,-25.1760,-19.1602,-1.5377,31.675
1.115691,-22.5768,-20.5459,-2.6884,30.644
1.122621,-19.8457,-21.6022,-4.3584,29.656
1.123129,-16.9809,-21.9213,-6.4380,28.466
1.130595,-14.2776,-21.3465,-8.6245,27.091
1.131964,-11.5075,-20.4506,-10.5882,25.744
1.141910,-8.4632,-19.2861,-12.0572,24.268
1.143254,-4.7184,-17.7176,-13.0896,22.528
1.149613,-0.2058,-15.9100,-14.0438,21.223
1.151005,4.7773,-13.7805,-14.8393,20.807
1.156099,9.9323,-11.2899,-15.2621,21.425
1.162296,15.1417,-8.5533,-15.0473,22.997
1.166043,20.2643,-5.5754,-14.2336,25.384
1.170966,24.8063,-2.1751,-12.9969,28.089
1.176003,28.4274,1.0752,-11.4346,30.660
1.181426,29.5187,4.4106,-9.6678,31.373
1.189493,33.2352,5.0009,-7.3320,34.400
1.190848,36.1552,4.6728,-6.8783,37.099
1.196006,36.6976,4.7366,-6.1124,37.503
1.200981,35.5817,5.4616,-5.1940,36.371
1.206001,32.7534,6.7121,-4.3658,33.718
1.210955,29.4192,7.3832,-3.5871,30.543
1.215780,26.3556,7.1023,-3.1429,27.476
1.220780,23.1798,6.4107,-2.9598,24.231
1.225940,19.8720,5.8252,-2.8452,20.903
1.231464,16.6495,5.4134,-2.5903,17.698
1.241801,13.7432,4.9842,-2.2627,14.793
1.242151,11.1253,4.3366,-1.9518,12.099
1.247681,8.8603,3.5400,-1.6925,9.690
1.250597,6.9122,2.7017,-1.4392,7.560
1.255702,5.1349,1.8472,-1.2767,5.604
1.260820,3.5181,1.0122,-1.1151,3.827
1.265662,2.0882,0.2097,-0.9964,2.323
1.271706,0.8255,-0.5969,-0.9564,1.397
1.275648,-0.2681,-1.3689,-0.9665,1.697
1.281048,-1.2718,-2.0248,-1.0177,2.599
1.285480,-2.0210,-2.6174,-1.1013,3.485
1.290411,-2.7463,-3.1895,-1.1690,4.368
1.295452,-3.3577,-3.6136,-1.3161,5.105
1.300535,-3.6690,-3.9614,-1.5042,5.605
1.306218,-3.9221,-4.3771,-1.7060,6.120
1.310414,-4.1996,-4.7849,-1.8842,6.639
1.315403,-4.6416,-5.0276,-2.0444,7.141
1.320425,-5.0214,-5.1159,-1.9604,7.432
1.325619,-5.3113,-5.0079,-1.7250,7.501
1.330393,-5.6582,-4.7527,-1.3891,7.519
1.335381,-5.7805,-4.4902,-0.9950,7.387
1.340419,-5.7407,-4.2356,-0.6667,7.165
1.345355,-5.5287,-3.9945,-0.4561,6.836
1.350265,-5.2982,-3.8491,-0.2187,6.552
1.355418,-5.1028,-3.6510,-0.0798,6.275
1.361800,-4.9097,-3.4537,-0.0341,6.003
1.366081,-4.8481,-3.2860,-0.0391,5.857
1.372295,-4.8459,-3.1053,-0.0858,5.756
1.375253,-4.8024,-2.9548,-0.2136,5.643
1.380183,-4.7707,-2.8537,-0.4139,5.574
1.387263,-4.7066,-2.7731,-0.5968,5.495
1.390029,-4.6440,-2.7755,-0.7341,5.460
1.395059,-4.4965,-2.6836,-0.7783,5.294
1.399981,-4.3216,-2.5025,-0.6101,5.031
1.405052,-4.0804,-2.2705,-0.4208,4.689
1.410380,-3.7962,-2.0068,-0.1666,4.297
1.414975,-3.4878,-1.7688,0.0333,3.911
1.419860,-3.1686,-1.5324,0.1647,3.524
1.425708,-2.7473,-1.2591,0.2803,3.035
1.430024,-2.2369,-1.0109,0.2790,2.471
1.435434,-1.6603,-0.8687,0.1652,1.881
1.439850,-1.0631,-0.6838,0.0386,1.265
1.444949,-0.5743,-0.4990,-0.1155,0.770
1.449837,0.0571,-0.2902,-0.1497,0.331
1.455001,0.7509,-0.0285,-0.0939,0.757
1.460169,1.3506,0.2096,-0.0586,1.368
1.465149,1.8960,0.4625,0.0231,1.952
1.469760,2.4707,0.7302,0.1939,2.584
1.474890,2.9888,0.9839,0.3682,3.168
1.479694,3.3659,1.2188,0.5793,3.626
1.485578,3.7274,1.4253,0.8700,4.084
1.489634,3.9928,1.5844,1.1017,4.435
1.494646,4.1577,1.7200,1.1689,4.649
1.499596,4.1985,1.8608,1.2013,4.747
1.504968,4.0627,1.9685,1.1846,4.667
1.514346,3.9126,2.0097,1.0944,4.533
1.515537,3.6905,1.9990,0.9494,4.303
1.522579,3.4437,1.9509,0.8206,4.042
1.524715,3.2438,1.8799,0.6503,3.805
1.529724,3.0033,1.7957,0.4387,3.527
1.535225,2.6897,1.6650,0.2911,3.177
1.539793,2.4553,1.5166,0.3704,2.910
1.544853,2.3142,1.3363,0.5618,2.731
1.549442,2.1750,1.1674,0.6894,2.563
1.554529,2.0279,0.9524,0.8069,2.381
1.559513,1.8380,0.7392,0.9011,2.176
1.564588,1.7412,0.4708,0.9485,2.038
1.569430,1.7167,0.1710,1.1510,2.074
1.574734,1.7119,-0.0833,1.3703,2.194
1.579361,1.6978,-0.2969,1.6027,2.354
1.584576,1.6261,-0.4269,1.6577,2.361
1.589379,1.3701,-0.4689,1.5170,2.097
1.594796,1.0709,-0.5994,1.3388,1.816
1.599907,0.7836,-0.7900,1.1133,1.574
1.604401,0.5068,-0.9641,0.8399,1.375
1.610230,0.2160,-1.1315,0.5423,1.273
1.614509,-0.0369,-1.2300,0.2635,1.258
1.620791,-0.2591,-1.3225,-0.0399,1.348
1.624466,-0.5054,-1.5090,-0.3528,1.630
1.629268,-0.7445,-1.7180,-0.6041,1.967
1.634282,-0.9385,-1.9737,-0.8328,2.339
1.639173,-1.2942,-2.1232,-1.2307,2.774
1.644236,-1.6731,-2.1143,-1.7740,3.228
1.649489,-2.0100,-2.1633,-2.2391,3.706
1.654165,-2.3508,-2.2552,-2.7366,4.255
1.659102,-2.5868,-2.3571,-3.2395,4.769
1.664185,-2.9002,-2.4644,-3.8448,5.410
1.668902,-3.3105,-2.5823,-4.5533,6.194
1.673958,-3.6504,-2.7687,-5.1218,6.872
1.678920,-3.9015,-3.0813,-5.5710,7.467
1.683909,-4.0912,-3.3857,-6.0112,8.021
1.688869,-4.2443,-3.7733,-6.4334,8.581
1.693920,-4.5188,-4.3449,-6.8235,9.266
1.698816,-5.0588,-5.0481,-7.1432,10.104
1.704602,-5.8167,-5.7444,-7.1868,10.885
1.709112,-6.8177,-6.3199,-6.9886,11.630
1.713861,-8.1640,-6.5608,-6.5926,12.376
1.718811,-9.8981,-6.5609,-6.1378,13.368
1.724111,-12.0350,-6.7111,-5.6645,14.899
1.728786,-14.2399,-7.2863,-5.3106,16.854
1.733834,-16.9250,-7.9438,-5.0215,19.359
1.738903,-19.4643,-8.4027,-4.3565,21.644
1.743792,-21.3660,-8.9292,-3.4580,23.414
1.748853,-22.6367,-9.9771,-2.5006,24.864
1.755577,-23.3628,-11.3950,-1.2976,26.026
1.759404,-22.9344,-13.3118,-0.2270,26.519
1.763735,-23.0238,-14.8891,0.5895,27.425
1.770152,-22.9220,-16.4162,0.8793,28.208
1.773641,-21.9658,-18.8815,0.3606,28.968
1.778639,-20.9584,-21.2571,-1.0033,29.868
1.783566,-19.3787,-23.1638,-3.4028,30.392
1.788527,-17.3699,-24.5772,-6.2550,30.739
1.793762,-14.7976,-25.3366,-9.0985,30.720
1.798459,-11.7667,-25.6197,-11.8348,30.576
1.805495,-8.5202,-25.5580,-14.1988,30.453
1.808714,-4.5920,-25.0722,-15.7543,29.965
1.813522,0.2075,-23.9093,-16.5109,29.057
1.819908,6.0277,-21.8490,-16.9538,28.304
1.823515,13.1194,-18.8437,-17.8251,29.068
1.828318,21.5164,-15.1709,-19.4438,32.729
1.833509,30.0384,-11.0781,-21.3112,38.460
1.838343,37.0749,-6.5854,-22.5668,43.900
1.843703,42.0458,-1.8730,-22.9345,47.931
1.848171,44.0421,2.3739,-22.3146,49.430
1.853298,45.3854,4.4579,-20.4888,49.995
1.858216,44.8898,5.1434,-18.8589,48.961
1.863409,41.8776,5.5839,-16.2381,45.261
1.873757,37.6269,6.0823,-13.2116,40.340
1.874463,33.2742,6.1133,-10.4948,35.422
1.880016,29.2065,5.5046,-8.3831,30.880
1.883086,24.9981,4.7489,-6.9595,26.380
1.888108,20.8703,3.9890,-6.1750,22.127
1.895798,17.2225,3.1455,-5.9794,18.500
1.898106,14.0923,2.2670,-5.9295,15.456
1.906403,11.2555,1.4624,-5.6183,12.665
1.908036,8.6902,0.7297,-5.0397,10.072
1.913113,6.3940,0.0282,-4.3541,7.736
1.918454,4.3484,-0.7485,-3.6997,5.758
1.923056,2.3158,-1.4727,-3.1118,4.149
1.927896,0.3339,-2.0791,-2.6339,3.372
1.933147,-1.5060,-2.7099,-2.2890,3.854
1.937926,-3.1857,-3.3446,-2.0871,5.069
1.943245,-4.8402,-3.9108,-2.0493,6.551
1.947896,-6.5835,-4.3356,-2.1805,8.179
1.952968,-8.1528,-4.6209,-2.3897,9.671
1.957799,-9.2731,-4.8385,-2.5038,10.755
1.962849,-10.0203,-4.9372,-2.5331,11.454
1.968674,-10.1383,-5.0671,-2.3631,11.578
1.972879,-9.7475,-5.1296,-2.0514,11.204
1.977735,-9.1885,-5.0930,-1.6727,10.638
1.982756,-8.4713,-4.9548,-1.1713,9.884
1.987673,-7.8064,-4.8073,-0.7080,9.195
1.993068,-7.1054,-4.6423,-0.3639,8.495
1.997958,-6.3853,-4.4608,-0.0574,7.789
2.002921,-5.7690,-4.2110,0.1011,7.143
2.007877,-5.2553,-3.9031,0.1547,6.548
2.012814,-4.7696,-3.6621,0.0387,6.013
2.017884,-4.2731,-3.4401,-0.1662,5.488
2.022784,-3.8985,-3.2228,-0.4523,5.078
2.030281,-3.6166,-3.0102,-0.6966,4.757
2.032942,-3.3600,-2.8214,-0.8959,4.478
2.039705,-3.1955,-2.6181,-1.0079,4.252
2.042682,-3.0844,-2.4192,-1.0337,4.054
2.047473,-2.9215,-2.2057,-1.0072,3.797
2.052689,-2.7261,-2.0638,-0.8708,3.528
2.057553,-2.5270,-1.9456,-0.7060,3.266
2.062587,-2.2619,-1.8797,-0.4840,2.981
2.067466,-2.0113,-1.8042,-0.1846,2.708
2.072621,-1.6699,-1.6759,0.2494,2.379
2.077405,-1.3328,-1.4856,0.5991,2.084
2.082513,-0.9131,-1.2814,0.9079,1.817
2.087505,-0.3569,-1.1208,1.1139,1.620
2.092564,0.1985,-0.9751,1.2266,1.579
2.097432,0.7067,-0.8587,1.1548,1.603
2.102641,1.1593,-0.6996,0.9643,1.662
2.107350,1.5140,-0.5790,0.8026,1.809
2.112316,1.7190,-0.4824,0.7022,1.919
2.117187,1.8560,-0.3763,0.6097,1.989
2.122273,1.9205,-0.2748,0.4865,2.000
2.127287,2.0087,-0.2068,0.4234,2.063
2.132434,2.0587,-0.1240,0.3574,2.093
2.137222,2.0416,-0.0601,0.2170,2.054
2.142280,2.0249,-0.0197,0.0833,2.027
2.147429,1.9316,-0.0459,-0.0051,1.932
2.154247,1.7376,-0.0427,-0.0340,1.738
2.157136,1.4658,-0.0341,-0.0314,1.467
2.162440,1.1257,-0.0440,0.0312,1.127
2.167063,0.8502,-0.0532,0.1833,0.871
2.172163,0.5953,-0.1195,0.3492,0.700
2.177102,0.3889,-0.1423,0.4675,0.625
2.182446,0.1200,-0.1648,0.5819,0.617
2.187001,-0.1358,-0.1586,0.6595,0.692
2.192038,-0.3211,-0.1620,0.8197,0.895
2.196926,-0.4939,-0.1749,0.9193,1.058
2.201978,-0.5921,-0.1976,0.9538,1.140
2.207260,-0.6877,-0.2302,0.9954,1.232
2.212047,-0.7467,-0.2727,0.9868,1.267
2.216825,-0.8030,-0.2487,0.9665,1.281
2.221928,-0.8515,-0.2395,0.9436,1.293
2.226962,-0.9357,-0.2020,0.8607,1.287
2.231893,-0.9792,-0.1986,0.8471,1.310
2.237073,-1.0156,-0.1861,0.8834,1.359
2.241908,-1.0161,-0.1407,0.8402,1.326
2.246913,-0.9379,-0.0718,0.8517,1.269
2.253024,-0.8571,0.0204,0.8887,1.235
2.256948,-0.7930,0.0593,0.9180,1.215
2.261786,-0.7454,0.0545,0.9348,1.197
2.267236,-0.6950,0.0731,0.9871,1.209
2.271715,-0.5988,0.0862,1.0558,1.217
2.280442,-0.5956,0.0889,1.1509,1.299
2.282487,-0.5274,0.0285,1.2150,1.325
2.286592,-0.4561,0.0199,1.2772,1.356
2.291870,-0.3242,-0.0232,1.2661,1.307
2.296760,-0.2464,-0.0433,1.2390,1.264
2.302123,-0.2462,-0.0502,1.1962,1.222
2.306739,-0.2279,-0.0243,1.0891,1.113
2.312026,-0.2008,0.0055,0.9605,0.981
2.316889,-0.1311,0.0301,0.7379,0.750
2.321788,-0.0806,0.0209,0.5214,0.528
2.327234,0.0132,0.0068,0.2721,0.272
2.331629,0.0884,0.1124,0.1043,0.177
2.336591,0.1309,0.1656,0.0267,0.213
2.341586,0.1790,0.1759,-0.0515,0.256
2.346673,0.2807,0.1913,-0.1020,0.355
2.351817,0.4607,0.1399,0.0049,0.481
2.356702,0.6187,0.1076,0.2171,0.664
2.361464,0.6155,0.0897,0.3192,0.699
2.366346,0.5322,0.0527,0.3350,0.631
2.372064,0.4498,-0.0273,0.2692,0.525
2.376659,0.3973,-0.1023,0.1075,0.424
2.382175,0.2787,-0.1340,0.0029,0.309
2.387205,0.1656,-0.1463,-0.1023,0.243
2.391382,0.0911,-0.1966,-0.1939,0.291
2.396472,0.0361,-0.2321,-0.2768,0.363
2.402247,0.0096,-0.2866,-0.3316,0.438
2.406351,0.0118,-0.3025,-0.3247,0.444
2.413206,0.0042,-0.3183,-0.3325,0.460
2.417003,-0.0084,-0.3339,-0.3888,0.513
2.422273,0.0267,-0.3638,-0.4164,0.554
2.426155,0.0283,-0.3504,-0.4395,0.563
2.431270,-0.0325,-0.3227,-0.4771,0.577
2.436237,-0.0791,-0.2997,-0.5533,0.634
2.441310,-0.0878,-0.2335,-0.6205,0.669
2.446697,-0.1353,-0.1911,-0.6978,0.736
2.451296,-0.1261,-0.1197,-0.7282,0.749
2.456464,-0.0841,-0.1054,-0.7026,0.715
2.461221,0.0103,-0.0525,-0.6926,0.695
2.466071,0.0665,-0.0088,-0.6601,0.664
2.471126,0.2238,0.0016,-0.5905,0.632
2.476163,0.3867,0.0219,-0.5173,0.646
2.481915,0.5367,-0.0102,-0.4258,0.685
2.485996,0.6265,-0.0278,-0.2730,0.684
2.491318,0.6707,-0.0069,-0.0632,0.674
2.495904,0.6209,0.0043,0.0888,0.627
2.501202,0.4286,0.0728,0.2028,0.480
2.506737,0.2561,0.0073,0.1970,0.323
2.513628,0.0886,-0.0821,0.1195,0.170
2.516369,-0.0698,-0.0899,0.0371,0.120
2.522768,-0.2958,-0.0547,-0.0211,0.302
2.525743,-0.5085,0.0187,0.0502,0.511
2.530887,-0.6124,0.0679,0.0980,0.624
2.535739,-0.6750,0.1312,0.0602,0.690
2.540952,-0.6818,0.1369,0.0183,0.696
2.545884,-0.6086,0.1711,0.0106,0.632
2.550893,-0.4745,0.2002,-0.0011,0.515
2.555877,-0.4371,0.3200,-0.0074,0.542
2.561144,-0.3862,0.4013,-0.0611,0.560
2.566193,-0.2687,0.3963,-0.1001,0.489
2.570726,-0.1898,0.3959,-0.1723,0.472
2.575574,-0.1492,0.4292,-0.2734,0.530
2.581291,-0.1182,0.4578,-0.3177,0.570
2.585787,-0.0824,0.4676,-0.4059,0.625
2.590919,-0.0512,0.4728,-0.4519,0.656
2.595582,0.0234,0.3970,-0.4223,0.580
2.600718,0.0602,0.3598,-0.3793,0.526
2.605790,0.0927,0.2989,-0.2937,0.429
2.610593,0.0970,0.2429,-0.2371,0.353
2.615483,0.1113,0.2108,-0.1133,0.264
2.621432,0.1213,0.1020,-0.0179,0.159
2.626045,0.1268,0.0219,0.0590,0.142
2.630615,0.1181,-0.0153,0.1030,0.157
2.635373,0.1097,-0.0909,0.1143,0.183
2.640683,0.1111,-0.1236,0.0737,0.182
2.645366,0.1126,-0.1613,0.0338,0.200
2.650468,0.1095,-0.1752,0.0091,0.207
2.655404,0.0827,-0.2181,0.0043,0.233
2.660804,0.0604,-0.2259,0.0142,0.234
2.665383,-0.0187,-0.2053,0.0243,0.208
2.670412,-0.0498,-0.1895,0.0107,0.196
2.675566,-0.0379,-0.1882,0.0591,0.201
2.680718,-0.0786,-0.2060,0.1545,0.269
2.685803,-0.0955,-0.1808,0.2778,0.345
2.690385,-0.1267,-0.1750,0.3339,0.398
2.695823,-0.1436,-0.1931,0.3662,0.438
2.700473,-0.1417,-0.2159,0.4033,0.479
2.705267,-0.1685,-0.2577,0.4549,0.549
2.710506,-0.2333,-0.2755,0.4922,0.610
2.715371,-0.2693,-0.2314,0.4535,0.576
2.720100,-0.2339,-0.2259,0.4156,0.528
2.725340,-0.2560,-0.2158,0.3638,0.494
2.730120,-0.2926,-0.2105,0.3602,0.510
2.739261,-0.3055,-0.2290,0.3567,0.522
2.740039,-0.3565,-0.1810,0.3822,0.553
2.745602,-0.3124,-0.1430,0.3696,0.505
2.750165,-0.2594,-0.1576,0.3097,0.434
2.754973,-0.2738,-0.1769,0.2840,0.432
2.760591,-0.2981,-0.1391,0.3111,0.453
2.764905,-0.2705,-0.1018,0.2195,0.363
2.769949,-0.1723,-0.0030,0.1049,0.202
2.774995,-0.0655,0.0571,-0.0328,0.093
2.779924,0.0455,0.0598,-0.0845,0.113
2.785953,0.1322,0.0675,-0.1269,0.195
2.789908,0.1523,0.1845,-0.1409,0.278
2.794882,0.1871,0.2058,-0.1649,0.323
2.799839,0.1747,0.2223,-0.1990,0.346
2.805429,0.1966,0.2389,-0.2002,0.369
2.810710,0.2146,0.1938,-0.2543,0.385
2.814734,0.1903,0.1920,-0.2658,0.379
2.819785,0.1478,0.1618,-0.2302,0.318
2.825060,0.0819,0.1795,-0.1761,0.264
2.829906,0.0498,0.1734,-0.1702,0.248
2.841935,0.0226,0.1103,-0.1597,0.195
2.842310,-0.0234,0.0287,-0.1207,0.126
2.844671,-0.0455,-0.0522,-0.1010,0.122
2.849771,-0.0725,-0.1183,-0.0860,0.163
2.854756,-0.1045,-0.1222,-0.0325,0.164
2.860587,-0.1463,-0.1310,-0.0217,0.198
2.864793,-0.1931,-0.1399,-0.0721,0.249
2.869562,-0.1641,-0.1916,-0.0980,0.271
2.874571,-0.1263,-0.2286,-0.1474,0.300
2.879527,-0.0987,-0.2226,-0.2344,0.338
2.884516,-0.0856,-0.2022,-0.3496,0.413
2.889522,-0.0253,-0.1722,-0.3838,0.421
2.894402,0.0156,-0.1234,-0.4184,0.436
2.899452,0.0752,-0.0556,-0.3825,0.394
2.904510,0.1490,-0.0499,-0.3334,0.369
2.909548,0.1750,-0.0251,-0.2377,0.296
2.914503,0.1681,0.0234,-0.0863,0.190
2.919414,0.1758,0.0145,0.0209,0.178
2.924458,0.1693,0.0294,0.1463,0.226
2.929438,0.1534,0.0442,0.2662,0.310
2.934353,0.1521,0.0016,0.3619,0.393
2.939611,0.1176,0.0019,0.3911,0.408
2.949758,0.0836,0.0257,0.4207,0.430
2.950033,0.0545,-0.0078,0.3793,0.383
2.954142,0.0020,0.0301,0.3103,0.312
2.959159,-0.0408,0.0248,0.3040,0.308
2.964306,-0.1217,0.0289,0.3266,0.350
2.969288,-0.1455,0.0661,0.3829,0.415
2.974148,-0.3076,0.0504,0.4443,0.543
2.979381,-0.3313,0.0584,0.4492,0.561
2.984196,-0.3222,0.0565,0.4123,0.526
2.989151,-0.3233,0.0259,0.3524,0.479
2.994147,-0.2964,0.0098,0.2982,0.421
2.999447,-0.3180,0.0650,0.2636,0.418
3.004101,-0.3256,0.0865,0.2151,0.400
3.009194,-0.2479,0.1126,0.1382,0.305
3.014227,-0.1424,0.1339,0.0569,0.204
3.019146,-0.0565,0.1313,0.0756,0.162
3.024102,-0.0279,0.1289,0.0986,0.165
3.029131,-0.0182,0.1265,0.1356,0.186
3.033877,-0.0130,0.1528,0.1911,0.245
3.039091,0.0161,0.1836,0.1888,0.264
3.046304,0.0309,0.1333,0.2106,0.251
3.049206,0.0266,0.0976,0.2372,0.258
3.054164,0.0268,0.1001,0.3164,0.333
3.058947,0.0221,0.0642,0.4103,0.416
3.063862,0.0315,0.0521,0.4285,0.433
3.069297,0.0167,0.0541,0.3951,0.399
3.073906,-0.0128,-0.0012,0.3108,0.311
3.079009,0.0099,-0.0563,0.2611,0.267
3.083651,0.0084,-0.0492,0.2029,0.209
3.088982,0.0161,-0.0471,0.0838,0.097
3.094064,-0.0005,-0.1020,-0.0247,0.105
3.098840,-0.0125,-0.0947,-0.0465,0.106
3.103624,0.0038,-0.1065,-0.0443,0.115
3.108739,0.0293,-0.1087,-0.0611,0.128
3.114207,0.0593,-0.1013,-0.0730,0.138
3.118798,0.1083,-0.0988,-0.1082,0.182
3.123589,0.1095,-0.1200,-0.1386,0.214
3.128706,0.1683,-0.1363,-0.1451,0.261
3.133589,0.2510,-0.1571,-0.1661,0.340
3.138740,0.2148,-0.2251,-0.2205,0.381
3.144091,0.1460,-0.2450,-0.1367,0.316
3.148829,0.1018,-0.2600,-0.0869,0.292
3.153479,0.0580,-0.2368,-0.1183,0.271
3.158562,0.0526,-0.2612,-0.0973,0.284
3.163459,0.0377,-0.2569,-0.0433,0.263
3.169540,0.0180,-0.2907,-0.0088,0.291
3.173711,-0.0160,-0.2576,0.0253,0.259
3.178472,0.0452,-0.2057,0.0259,0.212
3.183262,0.0915,-0.2303,0.0407,0.251
3.188438,0.0660,-0.2595,0.1269,0.296
3.197255,0.0976,-0.1555,0.2365,0.299
3.198452,0.1573,-0.0476,0.3314,0.370
3.203224,0.1929,0.0449,0.3359,0.390
3.208790,0.1616,0.0177,0.3123,0.352
3.213457,0.1974,0.0240,0.3130,0.371
3.219023,0.2520,0.1539,0.2848,0.410
3.223310,0.3306,0.2306,0.1656,0.436
3.228237,0.4046,0.2452,0.0653,0.478
3.233370,0.4127,0.2459,0.0259,0.481
3.238353,0.3646,0.2184,0.0327,0.426
3.243261,0.2939,0.2628,-0.0001,0.394
3.248779,0.2291,0.2929,-0.0675,0.378
3.253048,0.1795,0.2756,-0.0691,0.336
3.258160,0.0879,0.2159,-0.1101,0.258
3.263029,-0.0027,0.1428,-0.1088,0.180
3.271136,-0.1211,0.0942,-0.0657,0.167
3.273273,-0.2053,0.0702,-0.4996,0.545
3.278055,-0.2129,0.0093,-1.5845,1.599
3.282980,-0.2400,0.0446,-1.1477,1.173
3.287919,-0.2870,0.0702,-0.1064,0.314
3.292995,-0.2156,-0.0046,0.2532,0.333
3.298003,-0.1022,-0.0887,0.3123,0.340
3.302719,-0.0561,-0.1250,0.3253,0.353
3.307864,-0.0581,-0.0665,0.4636,0.472
3.312765,-0.0698,0.0813,0.6028,0.612
3.317840,-0.0103,0.1750,0.5816,0.607
3.322835,0.0391,0.2676,0.4433,0.519
3.328037,0.0644,0.2546,0.2551,0.366
3.332687,-0.0196,0.2511,0.0641,0.260
3.337691,-0.0983,0.3571,-0.2069,0.424
3.342693,-0.1197,0.4056,-0.4534,0.620
3.347815,-0.0934,0.4162,-0.5952,0.732
