0.001809,-0.0949,0.0589,-0.5168,0.529
0.002061,-0.0844,0.1019,-0.4402,0.460
0.006680,-0.0550,0.0830,-0.3659,0.379
0.013013,-0.0397,0.1167,-0.3032,0.327
0.017307,-0.0383,0.1172,-0.3089,0.333
0.021418,-0.0032,0.1226,-0.2729,0.299
0.026318,0.0561,0.1519,-0.3191,0.358
0.031622,0.0537,0.1811,-0.3086,0.362
0.036549,0.0474,0.1769,-0.2470,0.307
0.042342,0.1703,0.1680,-0.1434,0.279
0.046331,0.3221,0.1022,0.0066,0.338
0.051552,0.3693,0.0847,-0.2735,0.467
0.056324,0.2364,0.3192,-0.0860,0.406
0.061183,0.2049,0.4091,0.1671,0.487
0.066146,0.1836,0.4031,0.2949,0.532
0.071610,0.2105,0.3734,0.2940,0.520
0.076814,0.2233,0.3865,0.2939,0.534
0.081126,0.2031,0.4088,0.2850,0.538
0.086165,0.1407,0.4689,0.2673,0.558
0.091889,0.0786,0.5284,0.2458,0.588
0.097737,0.0552,0.5160,0.2390,0.571
0.101012,0.0604,0.5179,0.2566,0.581
0.106155,0.0083,0.5340,0.2841,0.605
0.113469,-0.0341,0.5024,0.2025,0.543
0.115916,-0.0337,0.4899,0.2507,0.551
0.121029,-0.0720,0.4869,0.2613,0.557
0.126522,-0.0962,0.4505,0.2913,0.545
0.130928,-0.0687,0.4144,0.2886,0.510
0.136758,-0.0182,0.3594,0.2724,0.451
0.140662,-0.0017,0.2952,0.2810,0.408
0.145882,-0.0238,0.2645,0.3240,0.419
0.150706,-0.0369,0.2576,0.3774,0.458
0.155752,-0.0506,0.2363,0.3791,0.450
0.160672,-0.0505,0.2245,0.3295,0.402
0.165707,-0.0653,0.1509,0.2435,0.294
0.170822,-0.0283,0.1014,0.2207,0.245
0.175692,-0.0156,0.1045,0.1465,0.181
0.180682,0.0159,0.0457,0.0685,0.084
0.185659,0.0329,-0.0032,-0.0036,0.033
0.190637,0.0074,0.0101,-0.0558,0.057
0.196285,-0.0272,0.0232,-0.1266,0.132
0.200730,-0.0186,-0.0065,-0.2066,0.208
0.205896,-0.0048,-0.0358,-0.2723,0.275
0.213803,0.0381,-0.0599,-0.3337,0.341
0.215815,0.0580,-0.0505,-0.4380,0.445
0.221058,0.0168,-0.0504,-0.4522,0.455
0.231105,0.0290,-0.0977,-0.3768,0.390
0.231577,0.0038,-0.1158,-0.2888,0.311
0.235603,-0.0446,-0.1242,-0.2306,0.266
0.240566,-0.0827,-0.1467,-0.1781,0.245
0.245844,-0.0913,-0.1927,-0.1171,0.243
0.250636,-0.1328,-0.2620,-0.0615,0.300
0.255827,-0.1740,-0.3211,-0.0018,0.365
0.260372,-0.2862,-0.3179,0.0098,0.428
0.265525,-0.3787,-0.2958,0.0450,0.483
0.270619,-0.4284,-0.3261,0.0846,0.545
0.276050,-0.4590,-0.3418,0.0002,0.572
0.280436,-0.4659,-0.3763,-0.0268,0.600
0.285285,-0.4779,-0.3915,-0.0156,0.618
0.290218,-0.5187,-0.3780,-0.0380,0.643
0.295512,-0.5407,-0.3361,-0.0556,0.639
0.300616,-0.5396,-0.3420,-0.0447,0.640
0.305478,-0.5673,-0.3431,-0.0102,0.663
0.310134,-0.5716,-0.3584,0.0144,0.675
0.315260,-0.5147,-0.4210,0.0294,0.666
0.324314,-0.5018,-0.4262,0.0538,0.661
0.325451,-0.5467,-0.4171,0.0926,0.694
0.330293,-0.5587,-0.4700,0.1552,0.746
0.340806,-0.5619,-0.5272,0.1939,0.795
0.341203,-0.5325,-0.5366,0.2187,0.787
0.345045,-0.5234,-0.5081,0.2392,0.768
0.349968,-0.5484,-0.4847,0.2458,0.772
0.355168,-0.4790,-0.4854,0.2055,0.712
0.359990,-0.4489,-0.4766,0.1802,0.679
0.365005,-0.3769,-0.4775,0.1364,0.623
0.370552,-0.3344,-0.4072,0.0502,0.529
0.375697,-0.2831,-0.4039,-0.0211,0.494
0.380034,-0.2040,-0.3911,-0.0494,0.444
0.384920,-0.1875,-0.3831,-0.1253,0.445
0.390498,-0.2283,-0.3608,-0.1487,0.452
0.395275,-0.2502,-0.3148,-0.1202,0.420
0.400084,-0.2247,-0.3214,-0.1207,0.410
0.404814,-0.2474,-0.2946,-0.1120,0.401
0.409885,-0.1990,-0.3013,-0.1462,0.390
0.415093,-0.2224,-0.3079,-0.1280,0.401
0.419959,-0.2176,-0.2575,-0.0719,0.345
0.428079,-0.2894,-0.1885,-0.0496,0.349
0.429883,-0.2754,-0.1295,-0.0368,0.307
0.435041,-0.2430,-0.1044,-0.0477,0.269
0.439660,-0.2353,-0.0938,-0.0250,0.255
0.444842,-0.2759,-0.0357,0.0073,0.278
0.450026,-0.2788,0.0217,0.0301,0.281
0.454509,-0.2448,0.1024,0.0340,0.268
0.459496,-0.2167,0.1491,0.0572,0.269
0.464569,-0.1947,0.1953,0.0901,0.290
0.469599,-0.1406,0.2648,0.1517,0.336
0.475569,-0.0927,0.3669,0.2848,0.474
0.479657,0.0114,0.4917,0.3890,0.627
0.484455,0.1042,0.5725,0.4982,0.766
0.489435,0.2149,0.6240,0.6074,0.897
0.494536,0.3484,0.6795,0.6551,1.006
0.499548,0.4667,0.7107,0.6942,1.098
0.505144,0.4846,0.7175,0.7485,1.144
0.511411,0.4933,0.8287,0.8079,1.258
0.514552,0.5778,0.9292,0.8539,1.388
0.520550,0.6617,1.0097,0.8577,1.481
0.524350,0.7309,1.0466,0.8911,1.557
0.529412,0.8049,1.0735,0.9156,1.624
0.534251,0.8692,1.1332,0.9505,1.716
0.539339,0.9242,1.2066,0.9953,1.817
0.544489,0.9839,1.2411,0.9984,1.872
0.549258,1.1200,1.2371,1.0359,1.964
0.555255,1.2421,1.2233,1.0601,2.040
0.559381,1.2965,1.2356,1.0919,2.098
0.564203,1.3525,1.2238,1.0916,2.126
0.569279,1.3912,1.2117,1.1067,2.151
0.574223,1.4557,1.1945,1.1093,2.185
0.579251,1.4600,1.1962,1.0365,2.153
0.584302,1.4185,1.2120,1.0130,2.123
0.589330,1.3649,1.1606,0.9860,2.045
0.594107,1.3275,1.1474,1.0080,2.024
0.599164,1.3062,1.1963,0.9969,2.032
0.604143,1.3203,1.2449,0.9391,2.043
0.611304,1.4561,1.1978,0.9006,2.090
0.614112,1.7046,1.1460,0.8383,2.218
0.619138,1.9177,1.0371,0.7089,2.293
0.624140,1.9861,0.9666,0.6753,2.310
0.629021,2.0631,0.9777,0.7511,2.403
0.634481,2.1060,0.9839,0.7794,2.452
0.639088,2.1816,0.9327,0.8221,2.511
0.643936,2.1323,0.8579,0.7739,2.425
0.648989,2.0203,0.7069,0.5967,2.222
0.653890,1.9413,0.5613,0.4913,2.080
0.658818,1.9277,0.4977,0.3993,2.031
0.663872,1.8854,0.4298,0.2449,1.949
0.668808,1.7991,0.3099,0.0563,1.826
0.673879,1.6018,0.2388,-0.1619,1.628
0.678741,1.4604,0.1685,-0.3336,1.507
0.683836,1.4513,0.0561,-0.4542,1.522
0.688706,1.5303,-0.1221,-0.5533,1.632
0.693720,1.6089,-0.2225,-0.7067,1.771
0.698704,1.6722,-0.3170,-0.8376,1.897
0.703840,1.6867,-0.4772,-0.9077,1.974
0.711012,1.6671,-0.6933,-0.9650,2.047
0.713811,1.6752,-0.9126,-1.0283,2.167
0.723196,1.6231,-0.8769,-1.0019,2.099
0.725645,1.5570,-0.9404,-1.0768,2.114
0.728685,1.6577,-1.1792,-1.1424,2.333
0.733677,1.6860,-1.3635,-1.2464,2.501
0.738994,1.6367,-1.5124,-1.2973,2.579
0.743583,1.5339,-1.6116,-1.4289,2.644
0.749190,1.2651,-1.6566,-1.7603,2.728
0.753645,0.9669,-1.7333,-2.1092,2.896
0.758652,0.6225,-1.8561,-2.2944,3.016
0.764033,0.1882,-2.0297,-2.5320,3.251
0.768416,-0.2602,-2.1585,-2.7356,3.494
0.773502,-0.6329,-2.3194,-2.9623,3.815
0.778509,-1.1146,-2.4604,-3.2506,4.226
0.783666,-1.6311,-2.5907,-3.4139,4.585
0.788315,-2.1858,-2.7494,-3.5435,4.989
0.793364,-2.7462,-2.8842,-3.6400,5.395
0.798402,-3.2131,-2.9097,-3.7850,5.755
0.803586,-3.6974,-2.9842,-4.0841,6.265
0.811684,-4.0905,-3.2039,-4.5042,6.876
0.813936,-4.4246,-3.4772,-4.8736,7.444
0.820055,-4.8399,-3.7712,-5.1696,8.023
0.823450,-5.2553,-4.0622,-5.4029,8.562
0.828123,-5.5899,-4.3407,-5.5453,8.991
0.833427,-5.7965,-4.5785,-5.5491,9.239
0.838234,-6.0478,-4.8380,-5.2703,9.368
0.843400,-6.5223,-4.8999,-4.9003,9.516
0.848233,-7.4569,-4.7704,-4.6008,9.976
0.853270,-8.6776,-4.8000,-4.5109,10.894
0.858725,-9.7134,-5.0699,-4.6130,11.888
0.863204,-10.5434,-5.3935,-4.8689,12.805
0.868010,-11.6722,-5.5219,-4.8991,13.811
0.873138,-13.2322,-5.5574,-4.7328,15.112
0.878099,-14.7093,-5.8245,-4.5827,16.471
0.883689,-15.6051,-6.6083,-4.5217,17.540
0.887994,-15.8508,-7.7242,-4.4239,18.179
0.892950,-15.8113,-8.9489,-4.0802,18.621
0.897951,-15.6335,-10.1682,-3.5099,18.977
0.903354,-15.2820,-11.3606,-2.8949,19.261
0.911266,-14.0035,-12.8263,-2.7207,19.184
0.913758,-11.9417,-14.3349,-3.3233,18.951
0.920115,-12.8822,-13.2336,-1.5973,18.537
0.922813,-12.2219,-13.2565,-1.0333,18.060
0.927898,-10.1487,-14.4551,-1.6014,17.734
0.934967,-7.4980,-15.3202,-2.2156,17.200
0.937767,-3.9610,-15.0812,-3.3812,15.955
0.942733,0.6696,-13.9470,-5.3851,14.966
0.947857,6.3211,-12.2646,-7.8924,15.896
0.953116,12.3145,-10.0836,-10.6366,19.143
0.957972,18.0038,-7.4021,-13.1907,23.514
0.962804,23.3852,-4.4050,-14.9394,28.097
0.970343,28.5435,-1.3583,-15.8577,32.681
0.972918,32.7000,1.4444,-16.1775,36.511
0.978112,35.1556,3.8040,-15.7952,38.728
0.984772,35.9756,5.6221,-14.5825,39.224
0.987590,35.5202,6.8802,-12.7741,38.369
0.992605,33.9356,7.7078,-10.7771,36.431
0.997556,31.4820,8.1398,-8.5995,33.635
1.002577,28.5594,8.1359,-6.4233,30.382
1.007706,25.3355,7.8193,-4.5133,26.896
1.012603,22.0618,7.3884,-2.9022,23.446
1.020142,19.1646,6.6927,-1.6800,20.369
1.022754,16.8966,5.8138,-0.7765,17.886
1.027580,15.1287,4.9476,-0.0528,15.917
1.032566,13.6382,4.1575,0.2803,14.261
1.037878,12.2893,3.2582,0.5094,12.724
1.042433,10.9518,2.3991,0.5951,11.227
1.047744,9.7457,1.5113,0.3858,9.870
1.053040,8.5951,0.6830,-0.0191,8.622
1.057187,7.5201,-0.1880,-0.4593,7.536
1.062337,6.5296,-1.0336,-0.8726,6.668
1.067331,5.5563,-1.9100,-1.2961,6.017
1.072495,4.4552,-2.8779,-1.7855,5.596
1.077421,3.2735,-3.8103,-2.3091,5.529
1.082246,2.0208,-4.6700,-2.8894,5.852
1.087442,0.7671,-5.3546,-3.5528,6.472
1.092249,-0.3185,-5.9113,-4.1265,7.216
1.097682,-1.2104,-6.5171,-4.5577,8.044
1.102185,-2.1075,-7.0714,-5.0129,8.921
1.107212,-3.1500,-7.5459,-5.3509,9.772
1.112308,-4.1415,-7.7938,-5.4724,10.385
1.120244,-5.0074,-7.9309,-5.5240,10.885
1.122071,-5.8505,-8.0206,-5.6578,11.427
1.126966,-6.6638,-8.0166,-5.8929,11.975
1.132117,-7.3733,-7.9825,-6.1203,12.472
1.137053,-8.0747,-7.8579,-6.4468,12.981
1.142066,-8.8596,-7.6486,-7.0232,13.650
1.147027,-9.6607,-7.4617,-7.6025,14.381
1.152600,-10.6573,-7.2984,-8.1486,15.272
1.157520,-12.0681,-7.2129,-8.5832,16.472
1.161937,-13.3645,-7.3167,-8.8092,17.600
1.166792,-14.3578,-7.3571,-8.8435,18.398
1.171882,-15.5622,-7.3402,-8.7499,19.303
1.176921,-16.7233,-7.5830,-8.2178,20.117
1.181866,-17.3693,-8.1142,-7.4765,20.577
1.188027,-17.7608,-8.5461,-6.6091,20.789
1.194990,-17.9235,-9.0220,-5.5584,20.822
1.197095,-17.9090,-9.6458,-4.5532,20.845
1.201724,-17.6450,-10.3826,-3.9521,20.851
1.206642,-17.2621,-11.0428,-3.8645,20.853
1.211872,-16.7964,-11.6712,-4.2565,20.892
1.219008,-16.1874,-12.3262,-4.9621,20.943
1.221761,-15.4449,-12.9127,-5.9742,20.999
1.226609,-14.6259,-13.3740,-6.9914,21.016
1.231732,-13.5093,-13.7734,-7.9200,20.855
1.236806,-12.1274,-14.1265,-8.6177,20.516
1.244709,-10.6656,-14.2725,-8.8590,19.898
1.246600,-8.9010,-14.2719,-8.6626,18.920
1.255273,-6.8449,-14.0948,-8.3197,17.741
1.256521,-4.4843,-13.7433,-7.8821,16.466
1.261543,-1.8365,-13.1286,-7.4841,15.223
1.266559,1.1869,-12.3456,-7.2869,14.385
1.271652,4.7392,-11.4031,-7.4143,14.403
1.277115,8.6942,-10.0010,-7.8539,15.404
1.281679,13.0820,-8.1105,-8.5437,17.604
1.286704,17.7885,-5.7317,-9.4881,20.960
1.295062,22.4359,-3.0719,-10.6837,25.039
1.296429,26.3520,-0.5755,-11.3172,28.685
1.305341,30.1837,1.2411,-11.5059,32.326
1.306367,32.6972,3.0033,-11.1965,34.691
1.311525,33.3158,4.8850,-10.4098,35.244
1.318254,34.3524,5.6405,-9.0285,35.964
1.321438,35.0620,5.4775,-8.1721,36.416
1.326315,34.1336,5.1791,-6.8081,35.189
1.331628,31.5137,5.1920,-5.0481,32.335
1.336798,27.8356,5.6586,-3.0557,28.569
1.342203,24.4638,5.7299,-1.3916,25.164
1.346262,21.6221,5.1129,-0.2745,22.220
1.351981,18.9242,4.2215,0.5141,19.396
1.356172,16.3013,3.4637,1.1352,16.704
1.362173,13.7897,2.9436,1.7459,14.208
1.369090,11.4778,2.4917,2.1578,11.942
1.371309,9.4591,1.9669,2.3787,9.950
1.376091,7.8151,1.3153,2.4558,8.297
1.381285,6.4862,0.5295,2.3291,6.912
1.386253,5.1572,-0.1531,2.0971,5.569
1.392042,4.0465,-0.8897,1.7122,4.483
1.397068,3.0611,-1.4693,1.2600,3.622
1.401123,2.0361,-1.8531,0.9025,2.897
1.406034,1.3014,-2.3649,0.3959,2.728
1.411329,0.7561,-2.8015,-0.2919,2.916
1.419127,0.2762,-3.2334,-1.0985,3.426
1.421011,-0.0148,-3.6273,-1.7145,4.012
1.428877,-0.2620,-3.9687,-2.0645,4.481
1.431000,-0.6110,-4.2195,-2.4518,4.918
1.436005,-1.1476,-4.3790,-2.7521,5.298
1.441375,-1.6090,-4.5352,-2.9635,5.651
1.445963,-1.8418,-4.6063,-3.0240,5.810
1.450978,-1.9378,-4.5882,-2.9913,5.810
1.456260,-2.0030,-4.5917,-2.8846,5.781
1.460749,-2.1044,-4.5598,-2.7030,5.703
1.465751,-2.2925,-4.5360,-2.4646,5.648
1.470789,-2.3707,-4.3923,-2.0834,5.409
1.475671,-2.3366,-4.2438,-1.6347,5.113
1.480742,-2.2189,-4.0146,-1.2618,4.757
1.485616,-2.0652,-3.7484,-1.0169,4.399
1.490714,-1.9370,-3.6464,-0.9190,4.230
1.495722,-1.7877,-3.5845,-0.9447,4.115
1.500633,-1.6943,-3.5054,-0.9847,4.016
1.505555,-1.6585,-3.3712,-1.0253,3.894
1.510599,-1.6180,-3.2156,-1.0917,3.762
1.518921,-1.5057,-3.0724,-1.1986,3.625
1.520526,-1.4361,-3.0183,-1.3945,3.622
1.527522,-1.3480,-2.9769,-1.5177,3.603
1.530420,-1.1995,-2.9672,-1.6065,3.581
1.535633,-1.0972,-2.8219,-1.6712,3.458
1.540406,-1.1462,-2.6418,-1.7889,3.390
1.545462,-1.2796,-2.4845,-2.0556,3.469
1.550389,-1.3972,-2.4173,-2.2475,3.584
1.555337,-1.4578,-2.3973,-2.4472,3.723
1.560309,-1.4875,-2.3526,-2.6501,3.843
1.565292,-1.4399,-2.4366,-2.7562,3.951
1.570424,-1.3199,-2.4531,-2.7127,3.888
1.575515,-1.2086,-2.4979,-2.6675,3.849
1.580180,-1.1538,-2.5041,-2.5337,3.745
1.585201,-1.1707,-2.5105,-2.3156,3.610
1.590250,-1.2525,-2.4638,-1.9937,3.408
1.595305,-1.2131,-2.4746,-1.6583,3.216
1.600209,-1.1577,-2.4326,-1.3996,3.036
1.605094,-1.1435,-2.4240,-1.1972,2.935
1.610207,-1.0556,-2.4775,-0.9926,2.870
1.615233,-1.0712,-2.6074,-0.7422,2.915
1.620206,-1.1837,-2.7079,-0.5607,3.008
1.626555,-1.2886,-2.6981,-0.4429,3.023
1.630093,-1.3526,-2.6450,-0.4651,3.007
1.635190,-1.3901,-2.6542,-0.6559,3.067
1.640072,-1.4871,-2.6634,-0.9914,3.207
1.645096,-1.6443,-2.7015,-1.4580,3.482
1.650011,-1.8178,-2.6871,-1.9751,3.798
1.654982,-2.0896,-2.7067,-2.4820,4.225
1.660087,-2.3737,-2.7700,-2.9796,4.710
1.664883,-2.6416,-2.8295,-3.5260,5.236
1.669963,-2.9370,-2.9571,-4.0311,5.798
1.674826,-3.2174,-3.0959,-4.4483,6.303
1.679859,-3.4680,-3.2888,-4.7496,6.738
1.684787,-3.7563,-3.4930,-5.0171,7.175
1.689766,-4.0255,-3.7041,-5.3274,7.636
1.694810,-4.3718,-3.9511,-5.5946,8.125
1.699799,-4.7856,-4.2436,-5.6903,8.561
1.704674,-5.4253,-4.5103,-5.6726,9.053
1.709661,-6.2340,-4.7323,-5.5855,9.615
1.714779,-7.1703,-4.9921,-5.4963,10.322
1.719759,-8.4329,-5.3098,-5.3960,11.332
1.727013,-10.0060,-5.5004,-5.2425,12.564
1.729756,-11.7162,-5.7905,-5.0704,14.018
1.734642,-13.3085,-6.3101,-5.0428,15.568
1.739813,-14.7796,-7.0559,-5.0044,17.125
1.744883,-16.5793,-7.7841,-5.0412,18.997
1.750057,-18.4112,-8.3417,-4.9226,20.804
1.754652,-19.7834,-8.9340,-4.5888,22.187
1.759645,-20.7679,-9.8075,-4.2348,23.354
1.764663,-20.8341,-11.5028,-3.8634,24.110
1.770227,-20.4362,-13.3942,-3.7213,24.716
1.778431,-21.6036,-14.0360,-2.3805,25.873
1.779619,-21.4973,-15.5908,-1.6036,26.604
1.784503,-20.5529,-17.7766,-1.4291,27.212
1.791314,-19.0383,-19.9476,-1.4384,27.612
1.804523,-16.6677,-22.0093,-1.9359,27.676
1.806453,-14.0570,-23.7632,-2.9266,27.764
1.806868,-11.4996,-24.8157,-4.3758,27.698
1.809940,-8.8890,-24.8145,-6.3783,27.119
1.814458,-6.0549,-24.1137,-8.8612,26.394
1.819612,-2.0628,-23.0656,-11.3335,25.782
1.826193,3.3827,-21.5564,-13.7420,25.787
1.829430,10.0628,-19.2729,-15.7259,26.833
1.834540,17.8830,-16.1402,-17.2785,29.645
1.839550,25.3502,-12.0454,-18.6368,33.691
1.844416,32.4719,-7.9533,-19.5223,38.714
1.852761,38.4599,-4.3233,-20.3257,43.715
1.854081,42.0735,-0.9396,-20.1521,46.660
1.859652,43.4011,2.0863,-19.0556,47.446
1.864143,43.4627,3.8771,-17.1560,46.887
1.869305,43.3105,4.0193,-15.8416,46.292
1.874560,41.4461,3.6826,-14.5262,44.072
1.879627,38.1995,3.4688,-12.8976,40.467
1.884133,33.8215,3.5328,-11.0542,35.757
1.889264,29.2218,3.2655,-9.2399,30.821
1.895594,24.8022,2.5827,-7.8968,26.157
1.904008,20.6186,1.9238,-6.7564,21.783
1.904476,16.9122,1.5200,-5.6682,17.901
1.909215,13.8419,1.3614,-4.5996,14.649
1.914192,11.3740,1.1609,-3.5975,11.986
1.919239,9.3705,0.8639,-2.7789,9.812
1.924153,7.5979,0.5454,-2.0486,7.888
1.929059,6.1163,0.0630,-1.5493,6.310
1.933915,4.6026,-0.3768,-1.2671,4.789
1.939018,2.9300,-0.6867,-0.9586,3.158
1.943976,1.4952,-1.1375,-0.7761,2.033
1.948993,0.2620,-1.6738,-0.7245,1.843
1.953810,-0.8321,-2.2839,-0.7217,2.536
1.959027,-1.7558,-2.8192,-0.7879,3.413
1.963893,-2.5932,-3.2797,-0.9001,4.277
1.968956,-3.2796,-3.7898,-1.0544,5.122
1.973846,-3.9107,-4.2485,-1.1731,5.892
1.979052,-4.5132,-4.6815,-1.2164,6.616
1.983860,-5.1107,-5.0215,-1.1926,7.263
1.988821,-5.7436,-5.2455,-1.1156,7.858
1.994263,-6.2745,-5.3163,-0.9455,8.278
1.998819,-6.6046,-5.2641,-0.7195,8.476
2.003743,-6.6886,-5.1571,-0.4784,8.459
2.011174,-6.5759,-5.0401,-0.2182,8.288
2.013728,-6.3541,-4.8905,0.0390,8.018
2.020964,-6.1228,-4.6711,0.2509,7.705
2.023571,-5.9342,-4.3734,0.4033,7.383
2.028687,-5.7733,-4.1370,0.3520,7.111
2.033556,-5.5495,-3.9383,0.1776,6.807
2.038618,-5.3274,-3.7010,-0.1504,6.489
2.043601,-5.0738,-3.4780,-0.5043,6.172
2.048543,-4.8304,-3.2215,-0.8478,5.868
2.053562,-4.5965,-3.0033,-1.2162,5.624
2.058627,-4.3280,-2.7993,-1.5343,5.378
2.063529,-4.0532,-2.5810,-1.8176,5.138
2.068575,-3.7948,-2.4007,-2.0582,4.940
2.073391,-3.5140,-2.1820,-2.2426,4.705
2.078548,-3.1864,-1.9630,-2.3620,4.426
2.083579,-2.8734,-1.8442,-2.4268,4.189
2.088463,-2.5601,-1.6963,-2.3944,3.894
2.093374,-2.2508,-1.5766,-2.2317,3.540
2.098327,-1.9301,-1.4756,-2.0827,3.200
2.103675,-1.6454,-1.3979,-1.8563,2.847
2.108637,-1.4247,-1.3486,-1.6141,2.540
2.113376,-1.1571,-1.2988,-1.3747,2.217
2.119173,-0.8423,-1.2438,-1.1379,1.884
2.123384,-0.6043,-1.1695,-0.8786,1.583
2.129098,-0.4093,-1.0614,-0.6257,1.298
2.133167,-0.2521,-0.9677,-0.4267,1.087
2.138199,-0.0847,-0.8546,-0.2764,0.902
2.143497,-0.0217,-0.8468,-0.2082,0.872
2.148147,0.0470,-0.7958,-0.1068,0.804
2.153110,0.1122,-0.7590,-0.0775,0.771
2.158217,0.1164,-0.6788,-0.0878,0.694
2.163266,0.1025,-0.5697,-0.0848,0.585
2.168217,0.1088,-0.4555,-0.1312,0.486
2.173057,0.1449,-0.4031,-0.1361,0.449
2.178378,0.1775,-0.4220,-0.1859,0.494
2.183611,0.2161,-0.4117,-0.1750,0.497
2.188115,0.2464,-0.3863,-0.0945,0.468
2.193070,0.2301,-0.3986,0.0036,0.460
2.198121,0.1958,-0.4343,0.1532,0.500
2.203036,0.1194,-0.4312,0.3018,0.540
2.208615,0.1011,-0.4564,0.3925,0.610
2.213065,0.0785,-0.5101,0.4886,0.711
2.217910,0.0084,-0.5634,0.6753,0.880
2.222746,-0.0571,-0.5735,0.8439,1.022
2.228090,-0.2096,-0.5837,1.0378,1.209
2.237641,-0.3204,-0.5512,1.2338,1.389
2.238085,-0.3994,-0.5384,1.3557,1.512
2.242956,-0.3846,-0.5550,1.4570,1.606
2.248005,-0.4102,-0.5243,1.5036,1.644
2.253299,-0.4571,-0.4706,1.5246,1.660
2.258123,-0.4008,-0.4607,1.5247,1.642
2.262575,-0.3850,-0.4419,1.5082,1.618
2.267807,-0.2992,-0.4190,1.4464,1.535
2.272682,-0.2150,-0.3969,1.4115,1.482
2.277884,-0.1364,-0.3563,1.3262,1.380
2.283624,-0.0108,-0.2877,1.2289,1.262
2.287851,0.0568,-0.2485,1.2055,1.232
2.292657,0.1430,-0.2577,1.1553,1.192
2.298055,0.1667,-0.2244,1.1165,1.151
2.303017,0.2191,-0.2061,1.0989,1.139
2.307860,0.3001,-0.1406,1.0928,1.142
2.312914,0.3431,-0.0902,1.0506,1.109
2.319406,0.3528,-0.0740,1.0344,1.095
2.322720,0.3341,-0.0250,0.9674,1.024
2.327784,0.3249,-0.0148,0.8784,0.937
2.333133,0.3112,-0.0099,0.7669,0.828
2.337586,0.2643,-0.0246,0.6570,0.709
2.342478,0.2652,0.0322,0.4812,0.550
2.347500,0.2424,0.0696,0.4068,0.479
2.352762,0.2008,0.0924,0.2850,0.361
2.358390,0.1835,0.1679,0.1393,0.285
2.362515,0.1909,0.2052,-0.0212,0.281
2.367407,0.2182,0.1759,-0.1685,0.327
2.372367,0.2465,0.1711,-0.2980,0.423
2.377457,0.2571,0.2290,-0.3957,0.524
2.382288,0.4279,0.2343,-0.1873,0.523
2.387391,1.2972,0.0421,1.3600,1.880
2.392363,1.6195,0.2024,2.4562,2.949
2.397433,1.2500,0.5431,2.2819,2.658
2.402287,0.9827,0.6291,1.8658,2.201
2.407582,0.8706,0.5138,1.3127,1.657
2.412557,0.7078,0.4751,0.7271,1.120
2.419538,0.4891,0.5373,0.1557,0.743
2.422229,0.1853,0.6050,-0.3262,0.712
2.427372,-0.0079,0.5923,-0.7483,0.954
2.432014,-0.1680,0.5664,-0.9487,1.118
2.437143,-0.2709,0.6087,-0.9896,1.193
2.442255,-0.2304,0.6039,-0.9182,1.123
2.447411,-0.1709,0.5613,-0.7431,0.947
2.452346,-0.1500,0.5238,-0.4681,0.718
2.457224,-0.1531,0.4767,-0.2027,0.540
2.461958,-0.2143,0.4198,-0.0274,0.472
2.467066,-0.2955,0.3863,0.0680,0.491
2.471986,-0.3635,0.4099,0.0211,0.548
2.477818,-0.4471,0.4618,-0.0963,0.650
2.481770,-0.5178,0.3363,-0.2512,0.667
2.487058,-0.5657,0.2349,-0.3436,0.702
2.491902,-0.5574,0.1958,-0.3926,0.709
2.497000,-0.4690,0.0801,-0.4130,0.630
2.501793,-0.3193,0.0699,-0.4142,0.528
2.506950,-0.2755,0.0596,-0.3578,0.456
2.512149,-0.2610,0.0013,-0.2341,0.351
2.518693,-0.2372,-0.0187,-0.1436,0.278
2.521956,-0.2476,-0.1011,-0.0480,0.272
2.529714,-0.1438,-0.1740,0.0240,0.227
2.531746,-0.1124,-0.2229,0.0340,0.252
2.537371,-0.1535,-0.2384,0.0253,0.285
2.541759,-0.1764,-0.2110,0.0023,0.275
2.546809,-0.1759,-0.2506,-0.0683,0.314
2.552151,-0.1283,-0.2758,-0.1292,0.331
2.556708,-0.1053,-0.2819,-0.1422,0.333
2.561666,-0.0207,-0.2737,-0.1409,0.309
2.566775,-0.0182,-0.2272,-0.1395,0.267
2.571584,-0.0497,-0.2095,-0.1333,0.253
2.576754,-0.0772,-0.2877,-0.1268,0.324
2.581554,-0.0430,-0.3515,-0.1248,0.375
2.586642,-0.0097,-0.4440,-0.1035,0.456
2.591833,0.0038,-0.4695,-0.0868,0.477
2.597195,-0.0023,-0.4664,-0.0793,0.473
2.601404,-0.0042,-0.4490,-0.0525,0.452
2.606480,-0.0019,-0.4318,-0.0875,0.441
2.611778,0.1199,-0.4577,-0.1177,0.488
2.620643,0.2466,-0.4931,-0.1383,0.568
2.621930,0.2541,-0.4757,-0.1446,0.558
2.628554,0.2284,-0.4727,-0.1747,0.553
2.631647,0.1981,-0.5079,-0.0807,0.551
2.636362,0.1440,-0.5384,0.0230,0.558
2.641760,0.0998,-0.6118,0.0787,0.625
2.646449,0.0176,-0.6420,0.0097,0.642
2.651844,-0.1124,-0.6290,-0.0691,0.643
2.656913,-0.2089,-0.5775,-0.1869,0.642
2.661281,-0.2674,-0.5640,-0.2913,0.689
2.666828,-0.2639,-0.5455,-0.3251,0.688
2.671280,-0.2414,-0.4691,-0.3219,0.618
2.676368,-0.2000,-0.4163,-0.2388,0.520
2.681358,-0.1731,-0.3633,-0.1712,0.437
2.686312,-0.1560,-0.2958,-0.0474,0.338
2.691884,-0.1153,-0.2663,0.1137,0.312
2.696354,-0.0847,-0.2752,0.2889,0.408
2.701092,-0.1121,-0.3129,0.4978,0.599
2.706236,-0.1496,-0.2838,0.6973,0.768
2.711836,-0.2115,-0.2262,0.7923,0.851
2.719737,-0.1930,-0.2170,0.9363,0.980
2.721147,-0.2232,-0.2465,1.0480,1.099
2.731636,-0.2156,-0.2668,1.0844,1.137
2.732075,-0.1897,-0.1775,1.0602,1.092
2.736434,-0.1549,-0.1415,1.0040,1.026
2.741592,-0.0867,-0.1010,0.8677,0.878
2.746162,-0.0520,-0.0033,0.6702,0.672
2.751256,0.0260,0.0894,0.4780,0.487
2.755957,0.0612,0.1150,0.2859,0.314
2.761434,0.1160,0.2079,0.1174,0.265
2.766554,0.1187,0.2578,-0.0182,0.284
2.770759,0.1173,0.2936,-0.1116,0.335
2.776413,0.1547,0.3200,-0.1436,0.383
2.780784,0.1448,0.3372,-0.1814,0.409
2.785750,0.1833,0.4072,-0.1577,0.474
2.790804,0.2127,0.4581,-0.1343,0.523
2.795904,0.2375,0.5186,-0.0538,0.573
2.800645,0.2482,0.5504,-0.0406,0.605
2.805707,0.2399,0.5534,-0.0465,0.605
2.810708,0.2461,0.5468,-0.0762,0.604
2.819641,0.2334,0.5546,-0.1344,0.616
2.820600,0.2206,0.5719,-0.1735,0.637
2.830529,0.1838,0.5316,-0.2121,0.601
2.831062,0.1849,0.5392,-0.1642,0.593
2.836050,0.2002,0.5467,-0.1638,0.605
2.840357,0.1723,0.5157,-0.2011,0.580
2.845564,0.1633,0.4653,-0.2184,0.539
2.850374,0.1494,0.4005,-0.2683,0.505
2.855406,0.1018,0.3738,-0.2840,0.480
2.860354,0.0875,0.3040,-0.2990,0.435
2.865544,0.0777,0.2676,-0.2609,0.382
2.870436,0.0486,0.2694,-0.2415,0.365
2.875488,0.0527,0.2807,-0.2503,0.380
2.880429,0.0662,0.2249,-0.2302,0.329
2.885406,0.0703,0.1834,-0.2768,0.339
2.890359,0.0739,0.1743,-0.2831,0.341
2.895807,0.0824,0.1891,-0.2657,0.336
2.900311,0.0387,0.1659,-0.2393,0.294
2.905572,0.0575,0.1287,-0.2468,0.284
2.915089,0.0670,0.1395,-0.2213,0.270
2.922225,0.0768,0.1218,-0.1823,0.232
2.922621,0.0918,0.1187,-0.1488,0.211
2.931761,0.0833,0.0824,-0.1256,0.172
2.932095,0.0561,0.0181,-0.0983,0.115
2.935317,0.0391,-0.0503,-0.0859,0.107
2.940091,0.0130,-0.0468,-0.0312,0.058
2.945360,0.0205,-0.0147,0.0514,0.057
2.950128,0.0424,-0.0542,0.0951,0.117
2.955250,0.0024,-0.1075,0.1289,0.168
2.960071,-0.0323,-0.1223,0.1053,0.165
2.965197,-0.0331,-0.0895,0.0912,0.132
2.970239,-0.0482,-0.0948,0.0197,0.108
2.975295,-0.0820,-0.1379,-0.0281,0.163
2.980048,-0.1154,-0.1663,-0.0000,0.202
2.985168,-0.1154,-0.2086,0.0891,0.254
2.989859,-0.1867,-0.1554,0.1060,0.265
2.995129,-0.2386,-0.1311,0.1130,0.295
3.000417,-0.2475,-0.1165,0.1864,0.331
3.005268,-0.2329,-0.0878,0.2116,0.327
3.010187,-0.2376,-0.0831,0.1845,0.312
3.015133,-0.1948,-0.1022,0.1668,0.276
3.020027,-0.1573,-0.0877,0.0540,0.188
3.026818,-0.1247,-0.1113,0.0179,0.168
3.029821,-0.1493,-0.1062,0.0054,0.183
3.035351,-0.0975,-0.1247,-0.0405,0.163
3.040029,-0.0747,-0.1050,-0.0672,0.145
3.045193,-0.1090,-0.0855,-0.0224,0.140
3.050139,-0.1241,-0.1280,0.0840,0.197
3.054810,-0.1487,-0.1228,0.1189,0.226
3.059838,-0.1780,-0.1272,0.1540,0.268
3.064831,-0.1647,-0.1318,0.1468,0.257
3.069858,-0.1422,-0.1698,0.1026,0.244
3.075568,-0.1391,-0.2125,0.1023,0.274
3.079786,-0.1696,-0.1836,0.0549,0.256
3.085060,-0.2240,-0.1076,-0.0012,0.249
3.089676,-0.2310,-0.1177,-0.0996,0.278
3.095336,-0.2339,-0.1135,-0.1496,0.300
3.100461,-0.1849,-0.1187,-0.2139,0.307
3.104775,-0.1366,-0.0478,-0.2828,0.318
3.109582,-0.1079,-0.0818,-0.3615,0.386
3.114711,-0.0558,-0.1200,-0.3405,0.365
3.119715,0.0102,-0.1198,-0.3298,0.351
3.130655,0.0569,-0.1052,-0.2199,0.250
3.130998,0.0939,-0.1335,-0.1682,0.234
3.134631,0.1595,-0.1662,-0.1218,0.261
3.139673,0.1824,-0.2126,-0.4045,0.492
3.144706,0.2255,-0.2107,-1.1290,1.170
3.149998,0.0266,-0.2462,-1.0372,1.066
3.154316,0.0143,-0.2575,-0.3103,0.404
3.159637,0.1539,-0.2404,0.1261,0.312
3.164475,0.2218,-0.2284,0.2368,0.397
3.169477,0.2804,-0.1263,0.1617,0.347
3.175090,0.3014,-0.1533,-0.0031,0.338
3.179309,0.2324,-0.1800,0.0280,0.295
3.184312,0.1547,-0.0735,0.1301,0.215
3.189191,0.0728,0.0416,0.1793,0.198
3.194363,0.0197,0.0322,0.2045,0.208
3.199223,0.0049,-0.0342,0.2392,0.242
3.204304,-0.0292,0.0329,0.3119,0.315
3.209153,-0.0539,0.0327,0.4988,0.503
3.214277,-0.0505,0.0609,0.6756,0.680
3.219413,0.0047,0.1835,0.7382,0.761
3.229852,0.0214,0.1622,0.7257,0.744
3.230213,0.0090,0.1265,0.7003,0.712
3.234144,-0.0892,0.1241,0.5623,0.583
3.239065,-0.2160,0.1027,0.3642,0.436
3.244094,-0.2902,0.0718,0.0490,0.303
3.249004,-0.2785,0.0748,-0.3881,0.484
3.253992,-0.2147,0.0971,-0.7092,0.747
