0.000750,0.5970,0.1371,-0.1569,0.632
0.003651,0.5219,0.2022,0.0549,0.562
0.008621,0.2861,0.3331,0.3937,0.590
0.016503,0.4137,0.2396,0.6781,0.830
0.018929,0.4982,0.1943,0.5943,0.799
0.023699,0.4926,0.1968,0.5207,0.743
0.028595,0.4733,0.2326,0.4621,0.701
0.033729,0.4168,0.2442,0.4520,0.662
0.038569,0.3894,0.2603,0.5756,0.742
0.043639,0.4051,0.2144,0.6989,0.836
0.048955,0.3877,0.1783,0.7317,0.847
0.057832,0.3849,0.1898,0.6509,0.780
0.058493,0.3537,0.1773,0.5668,0.691
0.063907,0.3230,0.1696,0.5691,0.676
0.072392,0.2641,0.1430,0.5383,0.616
0.073599,0.1866,0.1737,0.4694,0.534
0.078414,0.1715,0.1804,0.3770,0.452
0.083342,0.0948,0.1966,0.3802,0.438
0.088517,0.0474,0.1652,0.3880,0.424
0.093353,0.0288,0.1436,0.4385,0.462
0.098452,0.0389,0.1364,0.6171,0.633
0.103204,0.0345,0.1195,0.6952,0.706
0.108344,0.0019,0.1217,0.7264,0.737
0.113270,-0.0446,0.1236,0.7013,0.714
0.118120,-0.1054,0.1301,0.6632,0.684
0.123328,-0.2188,0.1031,0.6546,0.698
0.128293,-0.3706,0.1191,0.5992,0.715
0.133088,-0.4468,0.1493,0.5442,0.720
0.138143,-0.5196,0.1792,0.4996,0.743
0.143107,-0.5893,0.2278,0.4508,0.776
0.148137,-0.6274,0.1954,0.4687,0.807
0.157355,-0.5249,0.1775,0.5341,0.770
0.158040,-0.3679,0.1408,0.6133,0.729
0.163040,-0.2606,0.0901,0.6541,0.710
0.168257,-0.1838,0.0635,0.6243,0.654
0.172937,-0.1509,-0.0152,0.5718,0.592
0.178045,-0.1186,-0.1171,0.4870,0.515
0.182883,-0.1107,-0.2230,0.3986,0.470
0.187962,-0.0790,-0.2567,0.3112,0.411
0.192989,-0.0471,-0.2711,0.1723,0.325
0.198219,-0.0579,-0.2331,0.1062,0.263
0.203082,-0.0777,-0.2145,0.0833,0.243
0.213058,-0.0399,-0.2244,0.0936,0.246
0.220050,-0.1064,-0.2865,0.0515,0.310
0.220461,-0.1482,-0.2957,0.0001,0.331
0.222698,-0.1991,-0.2763,-0.0232,0.341
0.228274,-0.2116,-0.2615,-0.0760,0.345
0.232686,-0.1767,-0.2370,-0.0303,0.297
0.237819,-0.0848,-0.3075,0.0797,0.329
0.242820,0.1206,-0.3392,0.1449,0.388
0.248026,0.2348,-0.4038,0.2181,0.515
0.257288,0.3014,-0.4582,0.2996,0.625
0.258143,0.3161,-0.5359,0.3943,0.737
0.262622,0.2933,-0.5703,0.4597,0.789
0.267930,0.2524,-0.5521,0.4582,0.761
0.272651,0.1216,-0.5579,0.3717,0.681
0.278743,-0.0700,-0.5875,0.2863,0.657
0.282563,-0.2082,-0.5978,0.1972,0.663
0.287495,-0.2890,-0.6888,0.1377,0.760
0.292644,-0.3890,-0.7126,0.0792,0.816
0.297752,-0.5368,-0.7124,0.0310,0.893
0.303209,-0.7231,-0.6695,-0.0020,0.985
0.307525,-0.9148,-0.6410,-0.0534,1.118
0.312316,-0.9980,-0.6555,-0.0710,1.196
0.317875,-0.9973,-0.6602,-0.0648,1.198
0.322533,-0.9226,-0.6600,-0.0203,1.135
0.328150,-0.9400,-0.6218,0.0242,1.127
0.332355,-1.0022,-0.5364,0.0741,1.139
0.337443,-1.0419,-0.4754,0.1054,1.150
0.342437,-1.0401,-0.4577,0.1659,1.148
0.347431,-1.0116,-0.4400,0.2079,1.123
0.357524,-0.9706,-0.4510,0.2174,1.092
0.358068,-0.8357,-0.4571,0.2131,0.976
0.362236,-0.6090,-0.4204,0.2056,0.768
0.367279,-0.4900,-0.3317,0.3137,0.670
0.372293,-0.3925,-0.2389,0.3940,0.605
0.377655,-0.2356,-0.1041,0.4472,0.516
0.382167,-0.0385,0.0629,0.4260,0.432
0.387203,0.2472,0.2333,0.3397,0.481
0.392150,0.5579,0.4356,0.1991,0.735
0.397418,0.8566,0.6459,-0.0152,1.073
0.402939,1.0820,0.8213,-0.1699,1.369
0.407219,1.3109,1.0096,-0.2655,1.676
0.412054,1.5054,1.0350,-0.2693,1.847
0.417309,1.6738,1.1366,-0.2746,2.042
0.422282,1.9037,1.3190,-0.2310,2.328
0.427033,2.2393,1.4769,-0.0818,2.684
0.432042,2.6525,1.7391,0.1632,3.176
0.437030,3.1297,2.0095,0.3273,3.734
0.441954,3.5857,2.1544,0.3867,4.201
0.447222,3.9986,2.2934,0.3409,4.622
0.451865,4.3695,2.4787,0.3152,5.033
0.457076,4.6908,2.6384,0.1697,5.385
0.464853,4.8966,2.8824,-0.0531,5.682
0.467102,4.9304,2.9955,-0.3492,5.780
0.471832,4.7688,2.9544,-0.6956,5.653
0.476812,4.4776,2.9129,-1.1275,5.459
0.482034,4.0818,2.8661,-1.5350,5.218
0.486905,3.7617,2.6616,-1.8772,4.976
0.491834,3.9899,2.0759,-2.2990,5.051
0.496819,3.4705,2.0078,-2.6145,4.787
0.501864,1.8693,2.7516,-1.7090,3.740
0.506873,1.9130,2.5482,-1.4375,3.496
0.511670,2.2720,2.0023,-1.2155,3.263
0.516748,2.3375,1.4065,-0.7262,2.823
0.521669,2.4028,0.7943,-0.3745,2.558
0.526704,2.2912,0.4665,-0.0820,2.340
0.531610,2.0888,0.3028,0.2775,2.129
0.536714,1.9554,0.1548,0.5335,2.033
0.541521,1.6699,-0.0541,0.5524,1.760
0.546691,1.2918,-0.3188,0.4985,1.421
0.551554,0.9930,-0.5722,0.5591,1.275
0.556863,0.7548,-0.7475,0.4715,1.162
0.562854,0.6967,-0.9882,0.2644,1.238
0.566546,0.5103,-1.2032,-0.0000,1.307
0.571568,0.2142,-1.3399,-0.3702,1.407
0.576487,-0.1276,-1.4749,-0.8465,1.705
0.581489,-0.6061,-1.6225,-1.3818,2.216
0.586402,-0.9544,-1.8302,-1.8293,2.758
0.591368,-1.0446,-2.0023,-2.1521,3.120
0.596536,-1.2337,-2.1821,-2.6382,3.639
0.601274,-1.6895,-2.3501,-3.2883,4.381
0.606566,-2.3043,-2.6068,-3.9643,5.275
0.611416,-2.7777,-2.9521,-4.4479,6.018
0.616470,-3.1347,-3.2186,-4.6691,6.480
0.621266,-3.5773,-3.3640,-4.7573,6.837
0.626338,-4.0700,-3.5755,-4.5823,7.096
0.631285,-4.4427,-3.8003,-4.2068,7.203
0.636252,-4.8558,-4.0629,-3.8061,7.387
0.641278,-5.2046,-4.3158,-3.3263,7.535
0.646253,-5.4279,-4.5403,-2.8476,7.628
0.651776,-5.6938,-4.7943,-2.4738,7.844
0.656657,-5.9801,-5.0404,-2.1595,8.114
0.665222,-6.2675,-5.2547,-1.8856,8.393
0.666287,-6.6056,-5.4716,-1.6985,8.744
0.671119,-7.0431,-5.6818,-1.7792,9.222
0.676189,-7.6199,-6.0198,-2.0501,9.925
0.681212,-8.5295,-6.3853,-2.2285,10.885
0.686337,-9.7591,-6.6882,-2.3240,12.057
0.691126,-11.0706,-7.0873,-2.4656,13.374
0.696054,-12.1891,-7.4962,-2.4756,14.522
0.700968,-13.1613,-7.8716,-2.2766,15.504
0.706114,-13.8847,-8.2845,-1.9766,16.289
0.711406,-14.1838,-8.8381,-1.4954,16.779
0.716565,-14.1161,-9.5960,-0.8820,17.092
0.720941,-13.9912,-10.4274,-0.1758,17.450
0.726026,-13.5526,-11.2321,0.5906,17.612
0.730921,-12.7386,-11.9442,1.2227,17.505
0.736167,-11.8682,-12.6548,1.4737,17.412
0.740865,-11.1635,-13.2684,1.3101,17.389
0.745911,-10.4191,-13.8715,0.7287,17.364
0.751506,-9.4053,-14.5063,-0.3430,17.292
0.755850,-8.0463,-15.1687,-1.9232,17.278
0.764833,-6.3689,-15.4976,-3.7559,17.171
0.765948,-3.9958,-14.8771,-5.8817,16.489
0.770659,-0.3473,-13.4464,-8.9763,16.171
0.776345,4.1720,-11.6063,-13.1519,18.030
0.781075,9.6571,-9.4786,-17.5104,22.130
0.791958,15.7675,-6.9970,-21.1639,27.304
0.792469,21.1711,-3.0309,-23.5148,31.786
0.798539,26.5037,1.0930,-23.8517,35.673
0.800553,32.3441,3.3060,-24.2959,40.588
0.805729,35.7945,5.2279,-23.3692,43.066
0.811192,38.0685,7.5169,-21.7034,44.461
0.815637,37.3022,9.5161,-19.6641,43.228
0.820489,34.6194,10.5320,-16.9523,39.960
0.826246,31.7539,10.7193,-13.9502,36.302
0.830840,28.9514,10.1281,-10.9592,32.571
0.839488,26.2120,8.7147,-7.9768,28.751
0.840469,23.3316,7.2100,-5.1371,24.955
0.848672,20.3946,5.9976,-2.5333,21.409
0.850860,17.6955,4.7912,-0.4264,18.338
0.856010,15.2127,3.6767,1.1654,15.694
0.861091,12.9674,2.5612,2.0500,13.376
0.865547,11.0493,1.3591,2.3599,11.380
0.870452,9.3393,0.1475,2.2368,9.605
0.875488,7.7375,-0.9834,1.8023,8.005
0.880349,5.9317,-1.9943,0.9960,6.337
0.885836,3.8199,-2.9939,-0.2089,4.858
0.890415,1.6248,-3.9759,-1.4479,4.533
0.896024,-0.3506,-4.8611,-2.7591,5.601
0.900322,-2.2383,-5.7193,-4.0780,7.372
0.905624,-4.0754,-6.6529,-5.2454,9.401
0.911208,-5.9239,-7.6041,-6.2222,11.473
0.915544,-7.7456,-8.5538,-7.1703,13.586
0.920249,-9.6607,-9.4215,-7.8309,15.602
0.925278,-11.7562,-10.1707,-7.8364,17.409
0.930347,-13.9374,-10.8901,-7.2585,19.119
0.935262,-16.3038,-11.1624,-6.0384,20.661
0.940342,-18.8643,-10.9836,-4.3459,22.257
0.945178,-21.3370,-10.6417,-2.5382,23.978
0.950548,-23.3381,-10.4762,-0.8693,25.596
0.956209,-24.4540,-10.5719,0.4271,26.645
0.960118,-25.1509,-10.7825,1.7043,27.418
0.967994,-25.5228,-11.3675,2.8945,28.089
0.976075,-25.6185,-12.0301,3.8494,28.563
0.976619,-25.2405,-12.8591,4.6310,28.703
0.983129,-24.0736,-13.9937,4.5558,28.216
0.984991,-22.5230,-15.4178,3.5736,27.527
0.990050,-20.9768,-16.7001,2.3905,26.919
0.994909,-19.3818,-17.6089,0.6920,26.195
1.000038,-17.4883,-18.0764,-1.4587,25.194
1.005465,-15.4353,-18.0316,-3.9248,24.058
1.010380,-13.4248,-17.5531,-6.2460,22.964
1.017659,-11.2720,-16.9714,-8.3950,22.035
1.023175,-8.7300,-16.2125,-10.2163,21.058
1.024635,-5.9084,-15.1841,-11.7773,20.104
1.029914,-2.7801,-13.9284,-12.8185,19.132
1.034794,0.7095,-12.3696,-13.6826,18.459
1.039693,4.7958,-10.4957,-14.5354,18.559
1.044619,9.4340,-8.4575,-15.2836,19.852
1.050093,14.1759,-6.3632,-15.9586,22.274
1.054592,18.5797,-4.0532,-16.2317,25.002
1.059549,22.5964,-1.4217,-16.0978,27.781
1.064914,26.0478,1.2225,-15.8902,30.537
1.074594,28.5075,3.5202,-15.5769,32.676
1.075547,29.7198,5.4540,-15.0619,33.762
1.081243,29.2097,7.0560,-14.1513,33.215
1.084600,27.8759,8.0472,-12.2524,31.495
1.090074,28.1708,7.3129,-10.9432,31.094
1.094605,26.5277,7.0738,-9.0296,28.901
1.099468,24.2185,7.1002,-6.7679,26.130
1.104566,21.9847,6.9204,-4.7615,23.535
1.109528,19.6876,6.3882,-2.9567,20.908
1.114947,17.4311,5.6247,-1.4511,18.373
1.122680,15.2802,4.9204,-0.2889,16.055
1.124430,13.2233,4.2348,0.5329,13.895
1.129922,11.3158,3.5698,1.1170,11.918
1.135000,9.5443,2.9098,1.3867,10.074
1.139362,7.8301,2.2469,1.3757,8.261
1.144373,6.2510,1.5936,1.1403,6.551
1.149421,4.9155,0.9408,0.7712,5.064
1.154233,3.7309,0.3036,0.3304,3.758
1.159289,2.6861,-0.3080,-0.1157,2.706
1.164322,1.7338,-0.8776,-0.5314,2.015
1.170530,0.9221,-1.4562,-0.8159,1.907
1.174244,0.1944,-1.9269,-1.0144,2.186
1.179034,-0.5412,-2.3850,-1.1595,2.707
1.184177,-1.1136,-2.7777,-1.1689,3.213
1.189587,-1.6681,-3.0905,-1.1909,3.708
1.194798,-2.1236,-3.3991,-1.3095,4.216
1.199197,-2.5900,-3.6766,-1.4666,4.730
1.204162,-3.0579,-3.9462,-1.5364,5.223
1.209193,-3.4001,-4.1746,-1.5820,5.612
1.214301,-3.4505,-4.3048,-1.5127,5.721
1.219678,-3.4494,-4.4141,-1.4918,5.797
1.224164,-3.4480,-4.4786,-1.4697,5.840
1.228986,-3.3402,-4.4952,-1.1805,5.723
1.234206,-3.3150,-4.4639,-0.7229,5.607
1.239040,-3.4251,-4.2468,-0.3115,5.465
1.244918,-3.5418,-4.0408,0.0257,5.373
1.248975,-3.5842,-3.8605,0.3079,5.277
1.254280,-3.5212,-3.7112,0.4303,5.134
1.258850,-3.3919,-3.6316,0.5113,4.995
1.263911,-3.2359,-3.4976,0.4985,4.791
1.272592,-3.1199,-3.2808,0.4628,4.551
1.274245,-2.9620,-3.1587,0.4949,4.358
1.280378,-2.7952,-3.0309,0.5127,4.155
1.289539,-2.5625,-2.9167,0.5684,3.924
1.295373,-2.2757,-2.7921,0.6330,3.657
1.295985,-2.1218,-2.6144,0.6588,3.431
1.298787,-2.0190,-2.4123,0.6262,3.207
1.303836,-1.8762,-2.2913,0.5536,3.013
1.308669,-1.8322,-2.1889,0.3784,2.880
1.314269,-1.9364,-2.0625,-0.0202,2.829
1.319695,-1.9524,-1.9598,-0.3991,2.795
1.323807,-1.8817,-1.9143,-0.6401,2.760
1.328592,-1.8153,-1.8352,-0.7825,2.697
1.334233,-1.7051,-1.7419,-0.8023,2.566
1.338592,-1.5748,-1.6104,-0.6419,2.342
1.344099,-1.3335,-1.4792,-0.4016,2.032
1.348481,-0.9214,-1.4244,-0.1811,1.706
1.353494,-0.6450,-1.3551,-0.0467,1.501
1.358398,-0.4797,-1.2663,0.0403,1.355
1.363744,-0.4152,-1.2347,0.0422,1.303
1.370365,-0.3748,-1.2552,0.0497,1.311
1.373596,-0.3256,-1.3183,0.0960,1.361
1.378276,-0.4523,-1.3040,0.0284,1.381
1.383432,-0.6603,-1.2224,-0.1914,1.403
1.388612,-0.8399,-1.2076,-0.4058,1.526
1.394603,-1.0539,-1.2308,-0.6733,1.755
1.398549,-1.2787,-1.3495,-0.9560,2.091
1.403471,-1.5348,-1.4731,-1.2876,2.487
1.408342,-1.7636,-1.5677,-1.6255,2.865
1.413553,-1.9664,-1.7343,-1.8885,3.231
1.418431,-2.2102,-1.9154,-2.0435,3.568
1.423472,-2.4571,-2.1398,-2.0811,3.866
1.428227,-2.8220,-2.3455,-2.0392,4.198
1.433418,-3.2384,-2.4896,-2.0227,4.558
1.438598,-3.5860,-2.6439,-1.9887,4.879
1.443467,-4.0479,-2.9045,-2.0328,5.381
1.448243,-4.6868,-3.1663,-2.1504,6.051
1.458582,-5.4028,-3.4153,-2.1498,6.744
1.459134,-6.1826,-3.7284,-2.0315,7.500
1.466982,-7.0758,-4.0490,-1.7855,8.346
1.468523,-8.0936,-4.2294,-1.4028,9.239
1.473049,-9.2045,-4.3855,-0.9450,10.240
1.478083,-10.3250,-4.7095,-0.5071,11.360
1.483076,-11.5255,-4.9535,0.0315,12.545
1.488042,-12.8282,-5.2331,0.6200,13.868
1.493270,-14.1682,-5.6348,1.0548,15.284
1.498025,-15.4951,-6.2840,1.2994,16.771
1.503043,-16.7787,-7.0554,1.3900,18.255
1.507911,-17.8654,-8.0343,1.6123,19.655
1.513406,-18.9267,-9.0801,1.9995,21.087
1.518647,-19.5781,-10.3619,2.4480,22.286
1.529545,-19.5058,-12.1133,2.8492,23.137
1.530260,-18.7364,-14.1186,3.1701,23.674
1.540426,-17.5330,-16.0727,3.3162,24.015
1.540808,-15.8544,-17.8626,3.1054,24.085
1.547623,-13.6478,-19.5049,2.3632,23.923
1.548131,-11.1277,-20.6823,0.9343,23.504
1.554640,-8.6415,-21.2340,-1.1923,22.956
1.562940,-6.0488,-21.0947,-3.8546,22.281
1.563393,-3.1054,-20.2287,-7.2713,21.719
1.570182,0.3821,-18.4748,-11.5017,21.766
1.576480,4.4804,-16.0686,-15.6106,22.847
1.582820,9.2842,-13.5400,-18.9145,25.046
1.583303,14.6908,-10.8642,-21.2082,27.994
1.588502,20.0520,-7.5091,-22.5111,31.068
1.592696,24.9931,-3.6268,-22.8615,34.065
1.597667,28.9618,0.1818,-22.4698,36.657
1.602812,31.6924,3.1338,-21.3764,38.356
1.607677,31.8508,5.8459,-19.2508,37.673
1.614016,31.4561,7.2548,-15.3081,35.728
1.617756,34.7667,4.7865,-13.3711,37.556
1.623087,33.5762,4.0182,-10.8897,35.526
1.629371,30.0014,5.0701,-7.4621,31.328
1.632615,27.8306,5.2443,-5.0407,28.766
1.637617,25.7943,4.2077,-3.6337,26.387
1.642417,22.9346,3.0739,-2.5724,23.282
1.647407,19.6354,2.6579,-1.5743,19.877
1.655760,16.4500,2.6206,-0.8140,16.677
1.657412,13.6307,2.5725,-0.3248,13.875
1.663639,11.1718,2.3487,-0.1937,11.418
1.667405,9.0098,2.0755,-0.2306,9.249
1.672323,7.0555,1.7893,-0.5176,7.297
1.677434,5.4020,1.5017,-0.9050,5.679
1.682399,3.9456,1.1245,-1.2606,4.292
1.687202,2.6708,0.6869,-1.5551,3.166
1.692331,1.4378,0.1561,-1.8023,2.311
1.697465,0.2353,-0.3473,-1.9774,2.021
1.702712,-0.9750,-0.8118,-2.0256,2.390
1.707302,-2.0845,-1.2732,-1.9985,3.156
1.712409,-2.9502,-1.7201,-2.0430,3.979
1.717231,-3.7281,-2.1860,-2.1413,4.823
1.722336,-4.3058,-2.6661,-2.2376,5.537
1.727798,-4.7051,-3.1560,-2.4630,6.178
1.732341,-5.0220,-3.7078,-2.6459,6.780
1.737115,-5.1961,-4.1943,-2.6044,7.168
1.742331,-5.2032,-4.5913,-2.4197,7.349
1.747451,-5.2316,-4.9665,-2.2596,7.559
1.752676,-5.3582,-5.1436,-1.9514,7.680
1.756967,-5.3820,-5.1858,-1.4748,7.618
1.763182,-5.2806,-5.0842,-1.0282,7.402
1.766929,-5.0831,-4.9216,-0.6459,7.105
1.772132,-4.8238,-4.7175,-0.2821,6.753
1.776949,-4.5971,-4.5349,-0.0890,6.458
1.781925,-4.4119,-4.3071,-0.0036,6.166
1.786813,-4.2720,-4.0635,-0.0259,5.896
1.791858,-4.1540,-3.7853,-0.1413,5.622
1.797167,-3.9642,-3.5064,-0.3853,5.306
1.802644,-3.8660,-3.2700,-0.7726,5.122
1.806822,-3.8304,-3.0332,-1.2137,5.034
1.811854,-3.8093,-2.8152,-1.6668,5.021
1.816914,-3.7782,-2.6304,-2.0231,5.029
1.821851,-3.7666,-2.4646,-2.2640,5.039
1.827360,-3.7591,-2.1886,-2.4970,5.016
1.831650,-3.7373,-1.9700,-2.6118,4.967
1.836567,-3.6341,-1.7944,-2.6282,4.831
1.842041,-3.4833,-1.7049,-2.5368,4.634
1.846618,-3.3326,-1.5625,-2.4811,4.439
1.852577,-3.1632,-1.4154,-2.3649,4.195
1.856746,-2.9270,-1.3735,-2.2467,3.937
1.861758,-2.6964,-1.3984,-2.1116,3.699
1.866651,-2.5143,-1.3799,-1.9643,3.476
1.871780,-2.3087,-1.4187,-1.8524,3.282
1.876636,-2.0263,-1.3949,-1.7040,2.993
1.881769,-1.7916,-1.3136,-1.5472,2.707
1.886397,-1.6564,-1.1842,-1.3645,2.451
1.891520,-1.4484,-1.0449,-1.1553,2.127
1.896494,-1.1475,-1.0441,-1.0344,1.865
1.901620,-0.6379,-1.2100,-1.0210,1.707
1.906428,-0.4261,-0.9444,-0.8032,1.311
1.911451,-0.2817,-0.7075,-0.4415,0.880
1.916809,-0.0658,-0.6042,-0.0568,0.610
1.921383,0.0927,-0.5391,0.2234,0.591
1.926391,0.1225,-0.5119,0.4617,0.700
1.931452,0.1383,-0.4941,0.6295,0.812
1.936346,0.1493,-0.4425,0.7987,0.925
1.941424,0.0837,-0.4102,0.9033,0.996
1.946559,0.0175,-0.4256,0.9945,1.082
1.951592,-0.0209,-0.4553,1.0688,1.162
1.956366,-0.0511,-0.4613,1.1024,1.196
1.963341,-0.0543,-0.4722,1.0280,1.133
1.966226,-0.1071,-0.5789,0.9124,1.086
1.971737,-0.0756,-0.6378,0.8372,1.055
1.976345,0.0162,-0.6247,0.7337,0.964
1.981115,0.2070,-0.6259,0.7413,0.992
1.986164,0.3966,-0.6126,0.8023,1.085
1.991409,0.5425,-0.5898,0.9935,1.276
1.996206,0.6356,-0.4905,1.1665,1.416
2.001196,0.6720,-0.3869,1.3082,1.521
2.006305,0.6706,-0.3029,1.5234,1.692
2.011166,0.6313,-0.2481,1.6932,1.824
2.016191,0.5826,-0.1751,1.8899,1.985
2.021198,0.5384,-0.2417,2.0421,2.126
2.026009,0.5180,-0.2041,2.1743,2.244
2.031153,0.5165,-0.1820,2.2151,2.282
2.036418,0.5289,-0.1419,2.2117,2.279
2.041671,0.5027,-0.0839,2.1596,2.219
2.046460,0.5004,-0.0555,2.0007,2.063
2.052673,0.5603,-0.0279,1.8206,1.905
2.056467,0.6203,-0.0152,1.6237,1.738
2.063096,0.6716,-0.0077,1.4190,1.570
2.066109,0.7143,-0.0051,1.2298,1.422
2.072162,0.7250,-0.0219,1.1278,1.341
2.075834,0.7419,-0.0579,1.0317,1.272
2.080970,0.7123,-0.0319,0.9172,1.162
2.085698,0.6311,-0.0154,0.8606,1.067
2.090863,0.6039,0.0009,0.7567,0.968
2.096165,0.6162,-0.0451,0.6485,0.896
2.100714,0.6734,-0.0767,0.5122,0.850
2.105718,1.2273,-0.1856,1.0394,1.619
2.110969,2.1685,-0.1815,2.5958,3.387
2.115861,2.0733,0.0699,2.5136,3.259
2.120979,1.7887,0.2727,1.8493,2.587
2.125675,1.4341,0.4038,1.0658,1.832
2.130769,0.9949,0.5067,0.1474,1.126
2.135881,0.7437,0.5722,-0.4569,1.044
2.140715,0.6659,0.6005,-0.6952,1.135
2.145740,0.7369,0.5867,-0.6350,1.136
2.151454,0.8130,0.5260,-0.5107,1.095
2.156278,0.8086,0.4568,-0.4177,1.018
2.163358,0.7906,0.3929,-0.2783,0.926
2.165696,0.7252,0.3053,-0.1010,0.793
2.171756,0.5831,0.2656,0.0141,0.641
2.175460,0.4449,0.1825,0.1063,0.493
2.180452,0.0705,0.1801,0.2196,0.293
2.185926,-0.2438,0.0190,0.3542,0.430
2.190504,-0.3116,-0.2098,0.3526,0.515
2.195430,-0.3340,-0.3244,0.2146,0.513
2.200786,-0.4165,-0.2817,0.1074,0.514
2.205478,-0.4872,-0.2061,-0.0701,0.534
2.210962,-0.4886,-0.2077,-0.1840,0.562
2.216170,-0.4012,-0.2288,-0.2634,0.532
2.220402,-0.2871,-0.3316,-0.2749,0.518
2.225652,-0.1552,-0.3243,-0.1998,0.411
2.230330,-0.0005,-0.2024,-0.1104,0.231
2.235920,0.1966,-0.1476,0.0077,0.246
2.240733,0.3073,-0.1073,0.1351,0.352
2.245304,0.2841,-0.0910,0.2289,0.376
2.250708,0.2656,-0.0411,0.3128,0.412
2.255393,0.2424,-0.0533,0.3052,0.393
2.260109,0.1904,0.0065,0.2921,0.349
2.265192,0.1769,0.0379,0.2350,0.297
2.274721,0.1687,0.0455,0.2107,0.274
2.275660,0.1656,0.0535,0.1998,0.265
2.279915,0.1488,0.0283,0.1592,0.220
2.285508,0.1468,0.0081,0.1372,0.201
2.290146,0.1069,0.0025,0.1724,0.203
2.294887,0.0243,-0.0605,0.1979,0.208
2.300087,-0.0581,-0.0949,0.2381,0.263
2.305601,-0.1166,-0.0863,0.2549,0.293
2.310897,-0.1227,-0.1162,0.2247,0.281
2.314904,-0.1337,-0.1560,0.2049,0.290
2.319898,-0.1447,-0.1480,0.1428,0.251
2.325093,-0.1319,-0.2120,0.0862,0.264
2.329945,-0.1385,-0.2283,0.1164,0.291
2.335948,-0.1599,-0.2208,0.1521,0.312
2.339972,-0.1822,-0.2616,0.1983,0.375
2.344765,-0.1526,-0.2356,0.2264,0.361
2.350262,-0.0853,-0.1717,0.2505,0.315
2.354643,-0.0470,-0.1607,0.1652,0.235
2.359670,-0.1285,-0.2024,0.1041,0.261
2.364800,-0.1287,-0.1866,0.0290,0.229
2.370540,-0.0715,-0.1708,-0.0510,0.192
2.374604,-0.0381,-0.1643,-0.0644,0.181
2.379566,-0.0474,-0.1100,-0.1499,0.192
2.384499,-0.0275,-0.0843,-0.1829,0.203
2.389692,0.0218,-0.1158,-0.2403,0.268
2.395096,0.0524,-0.1519,-0.2024,0.258
2.399478,0.0500,-0.1305,-0.1120,0.179
2.404430,0.0002,-0.1665,-0.0312,0.169
2.409725,-0.0110,-0.1692,0.0693,0.183
2.414632,0.0019,-0.2104,0.1801,0.277
2.419500,-0.0090,-0.2088,0.2678,0.340
2.424586,-0.0776,-0.2219,0.3378,0.412
2.429620,-0.0939,-0.2306,0.3230,0.408
2.434536,-0.1106,-0.2014,0.2376,0.331
2.439489,-0.1996,-0.2059,0.2202,0.362
2.444334,-0.2075,-0.1435,0.0981,0.271
2.450094,-0.1345,-0.0573,0.0527,0.155
2.455004,-0.0522,0.0002,-0.0071,0.053
2.459357,0.0494,0.0386,0.0236,0.067
2.464619,0.1130,0.0867,0.0441,0.149
2.472850,0.1725,0.1350,0.0257,0.221
2.474219,0.1610,0.1596,0.0206,0.228
2.479209,0.1504,0.2277,-0.0721,0.282
2.484146,0.1309,0.2723,-0.1858,0.355
2.489514,0.1408,0.3032,-0.2491,0.417
2.494278,0.1080,0.3826,-0.2771,0.485
2.499258,0.0853,0.3815,-0.2841,0.483
2.504258,0.0967,0.3859,-0.2509,0.470
2.509448,0.1182,0.3622,-0.1007,0.394
2.514728,0.1451,0.3630,0.1001,0.404
2.519111,0.1533,0.3927,0.3572,0.553
2.524053,0.1186,0.3554,0.5470,0.663
2.529134,0.0695,0.3083,0.7710,0.833
2.534030,0.0251,0.2561,0.9055,0.941
2.539130,-0.0391,0.2559,0.9271,0.963
2.544291,-0.0946,0.2409,0.9650,0.999
2.549251,-0.1604,0.2493,0.9474,0.993
2.554308,-0.1458,0.2093,0.8697,0.906
2.558942,-0.1897,0.2262,0.8323,0.883
2.563937,-0.1662,0.2553,0.6818,0.747
2.572663,-0.1578,0.2696,0.5002,0.590
2.574278,-0.1167,0.2362,0.3159,0.411
2.578811,-0.0475,0.2222,0.1423,0.268
2.584152,0.0116,0.1894,-0.0019,0.190
2.589114,-0.0057,0.1905,-0.1126,0.221
2.594397,0.0298,0.1681,-0.1332,0.217
2.598846,0.0996,0.1276,-0.9737,0.987
2.603759,0.1810,0.1419,-2.0683,2.081
2.609000,0.1516,0.2319,-1.3088,1.338
2.613778,0.1128,0.1360,-0.2375,0.296
2.619023,0.1840,0.0024,0.0378,0.188
2.623723,0.2126,-0.0401,-0.0821,0.231
2.628775,0.2037,-0.0637,-0.2044,0.295
2.633913,0.1284,-0.0493,-0.2013,0.244
2.638694,0.0631,0.0029,-0.1974,0.207
2.644072,0.0261,0.1731,-0.1689,0.243
2.648676,0.0316,0.2134,-0.1872,0.286
2.653582,0.0607,0.2578,-0.1901,0.326
2.658688,0.1131,0.2922,-0.1542,0.349
2.663595,0.1698,0.3167,-0.1894,0.406
2.674227,0.1691,0.3172,-0.0957,0.372
2.674578,0.0877,0.3414,-0.2119,0.411
2.678514,0.0305,0.4798,-0.4138,0.634
2.683499,0.0166,0.5033,-0.5774,0.766
