0.001376,-0.1794,0.1408,-0.9374,0.965
0.005585,-0.0652,0.0793,-0.8066,0.813
0.010597,0.1062,0.0137,-0.5841,0.594
0.016850,0.3399,-0.0131,-0.3506,0.488
0.020572,0.6700,-0.1017,-0.2194,0.712
0.025696,0.7195,-0.0563,-0.1470,0.737
0.030585,0.6517,0.0270,-0.0369,0.653
0.035790,0.6336,0.0096,0.1301,0.647
0.040535,0.5882,-0.0459,0.1584,0.611
0.046658,0.5443,-0.0774,0.1967,0.584
0.050870,0.4854,-0.1133,0.2493,0.557
0.055681,0.4425,-0.1823,0.3020,0.566
0.060803,0.3878,-0.2136,0.4422,0.626
0.069151,0.3243,-0.1781,0.5257,0.643
0.070623,0.1992,-0.2192,0.5193,0.598
0.075702,0.0510,-0.2269,0.4804,0.534
0.084853,-0.0638,-0.2394,0.4853,0.545
0.085554,-0.1256,-0.2423,0.4190,0.500
0.090547,-0.2019,-0.2452,0.3199,0.451
0.095502,-0.2497,-0.2338,0.2402,0.418
0.101173,-0.3264,-0.2843,0.2132,0.483
0.105850,-0.3602,-0.2391,0.1430,0.455
0.110411,-0.3749,-0.2703,0.1060,0.474
0.115481,-0.4278,-0.3012,0.0826,0.530
0.120453,-0.4471,-0.3126,0.0630,0.549
0.125807,-0.4280,-0.3239,0.0950,0.545
0.130525,-0.4329,-0.2967,0.1737,0.553
0.135495,-0.4758,-0.3124,0.1750,0.596
0.140356,-0.5569,-0.3042,0.2141,0.670
0.145441,-0.5469,-0.3816,0.3193,0.739
0.150273,-0.4705,-0.4301,0.4621,0.787
0.160056,-0.4283,-0.4260,0.6002,0.852
0.160465,-0.4491,-0.3458,0.7823,0.966
0.166107,-0.4662,-0.2521,0.8801,1.027
0.170702,-0.5232,-0.2023,0.9515,1.105
0.175577,-0.5624,-0.1865,0.9821,1.147
0.180034,-0.5079,-0.1378,0.8576,1.006
0.185077,-0.4362,-0.1232,0.7647,0.889
0.190039,-0.3518,-0.0661,0.6791,0.768
0.195221,-0.2831,-0.0143,0.4808,0.558
0.200920,-0.2493,-0.0059,0.2797,0.375
0.205087,-0.2594,-0.0119,0.1232,0.287
0.210131,-0.2227,0.0011,-0.0323,0.225
0.215069,-0.1870,-0.0002,-0.2351,0.300
0.220042,-0.1709,-0.0204,-0.3853,0.422
0.225737,-0.0883,-0.0070,-0.4834,0.491
0.230095,-0.0392,-0.0410,-0.6111,0.614
0.234952,-0.0045,0.0303,-0.6874,0.688
0.239829,0.0541,0.0443,-0.6836,0.687
0.244908,0.0316,0.0299,-0.6477,0.649
0.249893,0.0569,0.0253,-0.5846,0.588
0.255151,0.0775,-0.0077,-0.4558,0.462
0.259820,0.0695,-0.0548,-0.3232,0.335
0.264813,0.0522,-0.0826,-0.2343,0.254
0.269779,0.0733,-0.0864,-0.1317,0.174
0.276000,0.0657,-0.0950,-0.1008,0.153
0.279881,0.0678,-0.0893,-0.0268,0.115
0.285707,-0.0254,-0.1362,-0.0197,0.140
0.290124,-0.0991,-0.1734,-0.0314,0.202
0.294825,-0.2351,-0.1341,-0.0764,0.281
0.300519,-0.3808,-0.1760,-0.1072,0.433
0.305361,-0.4936,-0.2081,-0.1238,0.550
0.309720,-0.5928,-0.2353,-0.1501,0.655
0.314598,-0.7171,-0.2576,-0.1527,0.777
0.319670,-0.8234,-0.2559,-0.1504,0.875
0.324911,-0.9076,-0.2160,-0.1288,0.942
0.329858,-0.9986,-0.2194,-0.1068,1.028
0.334637,-1.0728,-0.2466,-0.0125,1.101
0.339433,-1.1974,-0.2596,0.0301,1.226
0.345111,-1.2678,-0.3062,0.1315,1.311
0.349545,-1.3031,-0.2861,0.2299,1.354
0.354938,-1.3186,-0.2569,0.2923,1.375
0.359429,-1.2663,-0.2615,0.3191,1.332
0.364470,-1.1650,-0.2712,0.3441,1.245
0.369410,-1.0910,-0.2813,0.3960,1.194
0.375830,-0.9675,-0.2773,0.3838,1.077
0.379689,-0.8845,-0.2639,0.3887,1.002
0.384598,-0.8528,-0.2460,0.3825,0.966
0.389379,-0.7423,-0.1662,0.3839,0.852
0.394494,-0.6438,-0.0915,0.3829,0.755
0.399860,-0.5426,-0.0170,0.4036,0.676
0.405061,-0.4052,0.0001,0.4024,0.571
0.409316,-0.3065,0.0602,0.4077,0.514
0.414153,-0.1433,0.1203,0.4971,0.531
0.419428,-0.0340,0.2948,0.6319,0.698
0.424167,0.0600,0.4594,0.7355,0.869
0.429845,0.1236,0.6112,0.8227,1.032
0.434200,0.2584,0.7132,0.9301,1.200
0.439037,0.4603,0.8296,1.0573,1.421
0.444066,0.7034,0.9888,1.0819,1.626
0.449134,0.9751,1.1289,1.1175,1.864
0.455068,1.3665,1.2497,1.2590,2.239
0.459076,1.7733,1.3512,1.3532,2.608
0.464934,2.2397,1.4573,1.3952,3.014
0.469361,2.7246,1.5962,1.4412,3.471
0.474577,3.2034,1.7057,1.5506,3.947
0.479246,3.7071,1.7092,1.6073,4.387
0.484148,4.1364,1.7785,1.6399,4.792
0.488889,4.3871,1.9182,1.6724,5.072
0.493873,4.5078,1.9799,1.6381,5.189
0.499589,4.5323,2.0259,1.5597,5.204
0.504831,4.4704,2.0991,1.4300,5.142
0.508877,4.2501,2.1233,1.1707,4.893
0.513902,3.9235,2.1657,0.6953,4.535
0.518928,3.6811,2.1692,0.2370,4.279
0.524423,3.6319,2.1866,-0.0717,4.240
0.528713,3.8466,2.1273,-0.3147,4.407
0.533782,4.1547,2.0580,-0.5969,4.675
0.538733,4.3597,1.9168,-1.0106,4.868
0.543732,4.3376,1.7900,-1.3360,4.879
0.548618,4.2948,1.5583,-1.2774,4.744
0.553722,4.2601,1.3843,-0.9588,4.581
0.558699,4.1071,1.2874,-0.6177,4.348
0.565424,3.8540,1.2050,-0.2523,4.046
0.568655,3.4793,1.0468,-0.0181,3.633
0.573699,3.0114,0.7798,0.0437,3.111
0.578450,2.6268,0.4571,0.0543,2.667
0.584145,2.2148,0.1937,0.0767,2.225
0.588519,1.8299,0.1042,0.0495,1.834
0.593549,1.4991,-0.0459,-0.0562,1.501
0.598415,1.2003,-0.2465,-0.2500,1.251
0.603513,0.9423,-0.4974,-0.5514,1.200
0.608624,0.7817,-0.7314,-0.8892,1.392
0.613541,0.7084,-0.9152,-1.1545,1.635
0.618755,0.6193,-1.0727,-1.3670,1.845
0.623736,0.5041,-1.1561,-1.6228,2.055
0.628538,0.3507,-1.2996,-1.7596,2.215
0.633612,0.2259,-1.4885,-1.7922,2.341
0.638385,0.1007,-1.5938,-1.8161,2.418
0.643763,-0.1210,-1.6303,-1.9218,2.523
0.648414,-0.3459,-1.7702,-2.0373,2.721
0.653444,-0.5172,-1.9749,-2.0291,2.878
0.658466,-0.5989,-2.2156,-2.0164,3.055
0.665706,-0.7010,-2.4015,-2.0087,3.208
0.668512,-0.8763,-2.4947,-2.0820,3.365
0.674585,-1.1581,-2.6102,-2.3848,3.720
0.678103,-1.4097,-2.7674,-2.7979,4.180
0.683526,-1.6467,-2.9799,-3.2174,4.684
0.688260,-1.9476,-3.1955,-3.6682,5.240
0.693274,-2.3271,-3.3569,-4.1505,5.823
0.698153,-2.7520,-3.5410,-4.5839,6.413
0.703211,-3.1894,-3.8099,-4.9214,6.993
0.708139,-3.6418,-4.1117,-5.1340,7.518
0.713060,-4.2122,-4.4172,-5.1081,7.959
0.718146,-4.7787,-4.7178,-4.8146,8.263
0.723134,-5.4337,-4.9997,-4.3872,8.589
0.728204,-6.0829,-5.2017,-3.8919,8.900
0.733070,-6.5980,-5.5156,-3.4474,9.265
0.737982,-7.0954,-5.9657,-3.0655,9.764
0.743042,-7.9052,-6.3705,-2.6608,10.495
0.747958,-8.9196,-6.6262,-2.2372,11.334
0.753006,-10.0456,-6.8636,-1.8564,12.307
0.758077,-11.3339,-7.1222,-1.4028,13.459
0.766100,-12.6885,-7.4084,-1.1432,14.737
0.767969,-14.0836,-7.9045,-1.1432,16.191
0.773903,-15.6848,-8.4543,-1.1259,17.854
0.777755,-17.1478,-8.8622,-0.7685,19.318
0.782983,-18.3019,-9.3727,-0.2529,20.564
0.791705,-19.4018,-10.2377,0.0784,21.937
0.793207,-20.5125,-11.4054,0.1425,23.470
0.800587,-20.8718,-13.1169,0.0516,24.651
0.802687,-20.4504,-14.9271,-0.1878,25.319
0.807972,-19.4590,-16.6159,-0.6816,25.597
0.813667,-18.0258,-18.1893,-1.6474,25.661
0.817692,-16.2445,-19.6155,-2.9709,25.641
0.824351,-13.9397,-20.8778,-4.4426,25.494
0.827835,-11.2345,-21.4558,-6.2507,25.013
0.832641,-8.0714,-21.3177,-8.1502,24.208
0.839553,-4.7545,-20.5514,-10.1425,23.406
0.842694,-0.5620,-19.0519,-12.4895,22.788
0.847825,5.2711,-16.5468,-15.0676,22.992
0.852576,13.4603,-14.4376,-17.5155,26.390
0.857575,22.4238,-11.9229,-19.2846,31.889
0.865254,29.7194,-7.4325,-20.4995,36.861
0.867542,35.3336,-2.4252,-21.1629,41.258
0.874966,39.8669,1.8748,-21.1480,45.168
0.877404,42.8793,5.4013,-20.7066,47.923
0.882762,43.9155,8.0886,-19.9911,48.925
0.890183,42.5882,9.7578,-18.7161,47.532
0.892446,39.6137,10.5744,-16.8065,44.312
0.897314,36.1076,10.5646,-14.2886,40.243
0.902236,32.4714,9.8320,-11.2195,35.734
0.907351,28.3374,8.8147,-8.2704,30.808
0.912598,23.8991,7.5331,-5.8137,25.724
0.917230,20.2642,5.9458,-3.7275,21.445
0.922531,17.6796,4.2867,-1.7678,18.278
0.927337,15.6930,2.8878,-0.1384,15.957
0.932303,13.6835,1.6649,0.9137,13.815
0.937434,11.7350,0.4812,1.6537,11.861
0.942224,9.8020,-0.6090,1.8010,9.985
0.947299,7.8921,-1.5448,1.5234,8.185
0.952157,5.9404,-2.4452,0.9192,6.489
0.957268,3.9841,-3.3351,-0.0779,5.196
0.965377,1.8490,-4.1850,-1.4810,4.809
0.967339,-0.1800,-4.8698,-2.9833,5.714
0.974134,-1.9916,-5.4275,-4.3984,7.264
0.977046,-3.6705,-6.0146,-5.6604,9.038
0.982161,-5.3284,-6.7623,-6.5503,10.818
0.987863,-6.7632,-7.6022,-7.0201,12.362
0.992120,-8.4476,-8.5777,-7.0631,13.958
0.996985,-10.4777,-9.2401,-6.5670,15.437
1.001950,-12.5737,-9.5874,-5.7265,16.817
1.006867,-14.9162,-9.8380,-5.0653,18.573
1.012078,-17.8359,-9.8424,-4.6823,20.903
1.017108,-20.9822,-9.7676,-4.4432,23.567
1.025005,-23.2298,-9.9760,-4.2033,25.628
1.026848,-24.6187,-10.3984,-3.8081,26.995
1.031912,-25.7371,-10.7836,-2.9609,28.062
1.036738,-26.6497,-11.0667,-1.8180,28.913
1.041965,-26.7091,-11.6926,-0.8026,29.167
1.046872,-26.0821,-12.8505,-0.2018,29.077
1.051889,-24.6841,-14.4070,0.2816,28.582
1.057089,-22.4362,-15.9413,0.7590,27.533
1.061947,-19.8793,-16.9419,1.1890,26.146
1.067178,-17.3985,-17.3097,1.1674,24.570
1.075969,-15.2190,-17.2709,0.3432,23.022
1.076851,-13.3199,-16.9411,-1.4448,21.599
1.083427,-11.4723,-16.5083,-3.8472,20.468
1.086754,-9.7171,-15.9558,-6.3648,19.736
1.091597,-7.9773,-15.1393,-8.8742,19.277
1.096508,-5.9577,-14.2198,-11.1712,19.039
1.101463,-3.0090,-13.1828,-13.0528,18.794
1.106508,0.8316,-11.9919,-14.5300,18.858
1.111679,5.1829,-10.4011,-15.6275,19.475
1.116845,9.7159,-8.3953,-16.0669,20.568
1.125404,14.1774,-6.2896,-16.0131,22.293
1.126746,18.3878,-4.0275,-15.5358,24.407
1.133947,22.1365,-1.6556,-14.7393,26.646
1.136544,24.9407,1.1531,-13.8630,28.558
1.141441,24.9221,4.5112,-12.5489,28.266
1.146421,26.0949,5.8168,-10.3127,28.655
1.151615,29.7568,4.7030,-9.3146,31.533
1.158246,31.1946,3.9694,-8.5632,32.591
1.161432,29.6133,4.8416,-6.8508,30.779
1.166634,26.5752,6.6485,-4.6261,27.782
1.172123,24.1763,7.4243,-2.6523,25.429
1.176374,22.1680,6.9408,-1.4243,23.273
1.181340,19.9521,6.1554,-0.5626,20.888
1.186269,17.4932,5.7671,0.2320,18.421
1.191696,15.1221,5.5602,0.9779,16.142
1.197288,12.8745,5.2469,1.4993,13.983
1.201128,10.8587,4.8531,1.6990,12.015
1.206229,9.0254,4.3040,1.6512,10.135
1.211535,7.3347,3.7541,1.4584,8.368
1.216192,5.8213,3.1864,1.1713,6.739
1.221234,4.4925,2.5367,0.8485,5.229
1.226352,3.4594,1.8408,0.5115,3.952
1.231367,2.6297,1.1229,0.1459,2.863
1.236102,1.8728,0.3885,-0.1192,1.916
1.241566,1.1440,-0.3428,-0.3417,1.242
1.246171,0.5054,-1.0551,-0.4867,1.267
1.251051,-0.0486,-1.7023,-0.6677,1.829
1.255982,-0.5565,-2.3167,-0.8598,2.533
1.261098,-1.0973,-2.9555,-0.9871,3.304
1.266148,-1.5100,-3.4895,-1.0598,3.947
1.276091,-1.9591,-3.9335,-1.3033,4.584
1.276480,-2.5591,-4.2541,-1.6119,5.220
1.280924,-3.0425,-4.4050,-1.8017,5.649
1.285788,-3.4187,-4.4440,-1.8964,5.919
1.290808,-3.7370,-4.3718,-2.0018,6.090
1.296163,-3.8736,-4.2898,-1.9266,6.093
1.301125,-3.8382,-4.1987,-1.8095,5.969
1.305992,-3.6898,-4.1133,-1.7214,5.788
1.310968,-3.5482,-4.0345,-1.6295,5.614
1.315867,-3.4149,-3.9053,-1.3702,5.366
1.321149,-3.2895,-3.7883,-1.0680,5.130
1.325849,-3.1141,-3.6552,-0.7660,4.863
1.331006,-2.9025,-3.4873,-0.6458,4.583
1.335919,-2.7371,-3.2611,-0.4966,4.286
1.341210,-2.5808,-3.1250,-0.3955,4.072
1.346348,-2.5445,-2.9977,-0.2855,3.942
1.350889,-2.6187,-2.7552,-0.2674,3.811
1.355766,-2.6455,-2.5939,-0.2653,3.715
1.360749,-2.6063,-2.4469,-0.3182,3.589
1.366185,-2.6124,-2.3144,-0.4509,3.519
1.374462,-2.6136,-2.2201,-0.6116,3.483
1.375578,-2.4341,-2.1787,-0.7390,3.349
1.380642,-2.2366,-2.0896,-0.8860,3.187
1.385501,-2.0493,-1.9723,-0.9240,2.991
1.390659,-1.8816,-1.8219,-0.8674,2.759
1.396104,-1.7193,-1.6914,-0.7400,2.523
1.401047,-1.6370,-1.5661,-0.5559,2.333
1.405753,-1.5921,-1.3793,-0.4107,2.146
1.410595,-1.5366,-1.2745,-0.2563,2.013
1.415697,-1.4220,-1.1321,-0.1163,1.821
1.421006,-1.2001,-1.0763,0.1432,1.618
1.425829,-1.0333,-1.0638,0.3650,1.527
1.430457,-0.9199,-0.9845,0.5256,1.446
1.435363,-0.8412,-0.9053,0.7071,1.424
1.440463,-0.8446,-0.8742,0.8138,1.463
1.446189,-0.8389,-0.8144,0.9032,1.477
1.450411,-0.8907,-0.7881,0.9034,1.494
1.455389,-0.8617,-0.7475,0.9147,1.462
1.460336,-0.7412,-0.7688,0.8654,1.375
1.465388,-0.6589,-0.7277,0.7799,1.254
1.474512,-0.4756,-0.7198,0.6339,1.071
1.475578,-0.4020,-0.7258,0.4993,0.968
1.480152,-0.4185,-0.6406,0.2896,0.818
1.485597,-0.4541,-0.5743,0.0233,0.733
1.490092,-0.4979,-0.6080,-0.2183,0.816
1.495804,-0.5410,-0.6842,-0.3788,0.951
1.501205,-0.6268,-0.6929,-0.5210,1.070
1.505142,-0.7025,-0.6629,-0.5063,1.091
1.510063,-0.7155,-0.6612,-0.4832,1.087
1.515037,-0.7576,-0.6497,-0.5424,1.136
1.520033,-0.8327,-0.6378,-0.6350,1.226
1.525094,-0.9414,-0.7166,-0.7232,1.387
1.529954,-1.0360,-0.8908,-0.8167,1.592
1.534912,-1.1597,-1.0357,-0.8391,1.767
1.540536,-1.3076,-1.1230,-0.8959,1.943
1.546026,-1.5238,-1.2437,-0.9770,2.196
1.549865,-1.7500,-1.3165,-1.1733,2.484
1.555117,-1.9105,-1.4517,-1.3943,2.775
1.559883,-1.9912,-1.6778,-1.5687,3.040
1.564768,-2.0354,-1.8276,-1.6967,3.219
1.569825,-2.1537,-2.0016,-1.8214,3.459
1.574893,-2.3754,-2.1428,-1.9282,3.735
1.579963,-2.6518,-2.3229,-2.0887,4.098
1.584734,-2.9502,-2.5661,-2.2268,4.500
1.589668,-3.2478,-2.8104,-2.3762,4.908
1.594600,-3.6503,-3.0658,-2.6184,5.439
1.600590,-4.1342,-3.4138,-2.8769,6.085
1.605272,-4.8149,-3.7494,-3.0037,6.802
1.609560,-5.7895,-4.0495,-3.0050,7.678
1.614461,-7.1367,-4.2339,-3.0725,8.849
1.619681,-8.8547,-4.4479,-3.1070,10.385
1.624691,-10.5309,-4.8984,-3.1049,12.022
1.629590,-12.2461,-5.5290,-3.1291,13.796
1.634504,-14.0803,-6.2972,-2.8870,15.692
1.639603,-15.9262,-7.0709,-2.2544,17.571
1.644567,-17.5063,-7.8646,-1.3577,19.240
1.649656,-19.0033,-8.5348,-0.2698,20.834
1.658737,-20.3887,-9.3196,0.8519,22.434
1.660621,-21.1345,-10.6561,2.0589,23.758
1.669248,-21.1200,-12.4714,3.1337,24.727
1.669687,-20.7831,-14.5508,4.0758,25.696
1.674416,-19.9815,-16.7039,4.8889,26.499
1.679952,-18.4393,-18.9843,5.2547,26.982
1.684399,-16.3656,-21.3250,4.8233,27.310
1.689400,-14.2965,-23.3006,3.5892,27.572
1.694353,-12.3659,-24.5117,1.3393,27.487
1.700451,-10.5537,-25.2154,-2.0876,27.414
1.704250,-8.5283,-25.4526,-6.0140,27.509
1.709259,-5.8752,-24.9669,-9.9579,27.514
1.714228,-2.0964,-23.8222,-13.4230,27.424
1.719317,3.2416,-21.9441,-16.6979,27.765
1.724904,9.4237,-18.9505,-19.7487,28.947
1.732351,15.9241,-14.9459,-22.0994,31.070
1.734071,22.7993,-10.5622,-23.8160,34.620
1.741781,28.3142,-5.7125,-24.7883,38.063
1.744059,33.2483,-1.8083,-24.2800,41.210
1.749128,37.5694,0.6815,-23.9011,44.533
1.755640,38.8667,2.9589,-22.5239,45.019
1.759316,37.9028,4.9952,-20.0548,43.171
1.764023,36.2644,5.9878,-17.2824,40.616
1.769272,34.4696,5.7629,-14.8853,37.986
1.776323,31.9863,5.0368,-13.1369,34.944
1.782634,28.5006,4.2206,-11.8475,31.152
1.784554,24.2996,3.3298,-10.9796,26.872
1.788947,20.1005,2.3594,-10.2845,22.702
1.793840,16.5039,1.5148,-9.4103,19.059
1.799518,13.6462,0.9023,-8.1420,15.916
1.807547,11.4491,0.5596,-6.5895,13.222
1.808872,9.6916,0.2698,-5.1155,10.962
1.813812,8.2130,0.0228,-3.9414,9.110
1.819230,6.7324,-0.2981,-3.1269,7.429
1.823859,5.1836,-0.5409,-2.6231,5.835
1.829161,3.6971,-0.8237,-2.2712,4.417
1.833828,2.2121,-1.1504,-1.9897,3.190
1.838862,0.8353,-1.4625,-1.6784,2.378
1.844534,-0.4487,-1.8160,-1.3871,2.329
1.848920,-1.5705,-2.1701,-1.0584,2.880
1.854246,-2.5404,-2.5045,-0.7902,3.654
1.858968,-3.3853,-2.7430,-0.5202,4.388
1.863845,-4.1169,-2.9343,-0.2726,5.063
1.868754,-4.5750,-3.2036,-0.1532,5.587
1.873790,-4.7826,-3.4987,-0.1318,5.927
1.885138,-4.9176,-3.7928,-0.1598,6.212
1.885606,-4.9451,-4.0529,-0.2263,6.398
1.888595,-4.8802,-4.3326,-0.3360,6.535
1.893520,-4.9489,-4.5039,-0.4175,6.705
1.898670,-5.0708,-4.6060,-0.4226,6.863
1.904241,-5.1388,-4.6211,-0.3931,6.922
1.908574,-5.1642,-4.5407,-0.3126,6.884
1.913495,-5.1110,-4.4999,-0.1795,6.812
1.918638,-4.9460,-4.3754,-0.0415,6.604
1.923659,-4.7984,-4.1970,0.0443,6.375
1.929382,-4.7637,-3.9225,0.1206,6.172
1.933481,-4.7618,-3.6342,0.1156,5.991
1.938403,-4.6036,-3.4613,0.0508,5.760
1.943530,-4.3904,-3.3706,-0.1701,5.538
1.948609,-4.3180,-3.1467,-0.4622,5.363
1.954196,-4.4003,-2.8142,-0.5966,5.257
1.958407,-4.2780,-2.5598,-0.6890,5.033
1.963665,-4.0947,-2.4602,-0.8355,4.850
1.968472,-3.9683,-2.3809,-0.9753,4.729
1.973493,-3.8651,-2.3362,-1.1520,4.661
1.981930,-3.8371,-2.2781,-1.3037,4.649
1.983416,-3.7787,-2.1876,-1.3546,4.572
1.988207,-3.7281,-2.1267,-1.3720,4.506
1.993177,-3.7140,-2.0909,-1.2600,4.444
1.998259,-3.5972,-1.9939,-1.1055,4.259
2.004385,-3.4015,-1.8692,-0.8170,3.966
2.008211,-3.0879,-1.7315,-0.4467,3.568
2.013073,-2.8091,-1.5809,-0.1037,3.225
2.018146,-2.5451,-1.4844,0.2751,2.959
2.023246,-2.3001,-1.3705,0.5373,2.731
2.028212,-1.9979,-1.1720,0.6590,2.408
2.033170,-1.7138,-1.0372,0.6355,2.102
2.038141,-1.3851,-0.8461,0.5236,1.705
2.043194,-1.1690,-0.6894,0.3801,1.409
2.048242,-0.9596,-0.4948,0.2567,1.110
2.053085,-0.7316,-0.3052,0.1334,0.804
2.058057,-0.5478,-0.1347,-0.0099,0.564
2.065960,-0.3351,0.0172,-0.0446,0.338
2.068088,-0.0115,0.1888,-0.1004,0.214
2.076912,0.3279,0.3422,-0.1015,0.485
2.078038,0.6120,0.4104,-0.0481,0.738
2.082867,0.8324,0.4416,0.0504,0.944
2.087984,1.0180,0.4643,0.2467,1.146
2.092952,1.1408,0.4832,0.5320,1.348
2.097902,1.2391,0.4549,0.8304,1.559
2.102764,1.2074,0.3793,1.0707,1.658
2.107892,1.1656,0.3042,1.2202,1.715
2.112707,1.1663,0.1670,1.3133,1.764
2.117827,1.1372,0.0684,1.3691,1.781
2.122851,1.0400,0.0079,1.3691,1.719
2.127787,0.9554,-0.0431,1.3470,1.652
2.132740,0.7631,-0.0322,1.2740,1.485
2.137739,0.6061,-0.0312,1.1932,1.339
2.142662,0.4837,-0.0401,1.1140,1.215
2.147933,0.3334,-0.0638,1.0795,1.132
2.152632,0.1981,-0.0736,1.0228,1.044
2.157996,0.0915,-0.0313,1.0493,1.054
2.166286,0.0562,-0.0136,1.0346,1.036
2.167658,0.0158,-0.0587,0.9642,0.966
2.173255,-0.1113,-0.0708,0.8574,0.867
2.177566,-0.2250,-0.0930,0.8908,0.923
2.182573,-0.3401,-0.0201,0.9064,0.968
2.187620,-0.4524,0.0186,0.9807,1.080
2.192753,-0.4852,0.0088,0.9846,1.098
2.197545,-0.4623,-0.0447,0.9278,1.038
2.202761,-0.3212,-0.0843,0.8867,0.947
2.207694,-0.1718,-0.1052,0.8519,0.875
2.212668,-0.0856,-0.1265,0.8231,0.837
2.218737,0.0337,-0.1626,0.7764,0.794
2.227322,0.1194,-0.2181,0.7215,0.763
2.234374,0.1524,-0.2884,0.7256,0.796
2.235043,0.1711,-0.3016,0.6596,0.745
2.237643,0.1468,-0.3105,0.5569,0.654
2.242320,0.1176,-0.3485,0.4125,0.553
2.247364,0.1747,-0.3722,0.2259,0.469
2.252320,0.1461,-0.3672,0.0302,0.396
2.257431,0.0890,-0.3526,-0.1219,0.384
2.265513,0.0272,-0.3522,-0.2741,0.447
2.267571,-0.0345,-0.3517,-0.4363,0.561
2.276256,-0.0435,-0.3411,-0.5899,0.683
2.277131,-0.1054,-0.2775,-0.6828,0.745
2.282050,-0.0812,-0.2611,-0.7202,0.770
2.287585,-0.0285,-0.2394,-0.7547,0.792
2.292091,-0.0047,-0.1933,-0.6809,0.708
2.297398,0.0525,-0.1898,-0.5563,0.590
2.302032,0.1143,-0.1859,-0.4187,0.472
2.307391,0.2144,-0.1913,-0.3110,0.423
2.312559,0.2622,-0.1870,-0.2278,0.394
2.317154,0.6131,-0.2543,-0.0489,0.666
2.321978,1.1052,-0.3170,0.3176,1.193
2.327110,1.1830,-0.1117,0.4836,1.283
2.332212,0.9082,0.1026,0.4637,1.025
2.337570,0.8601,0.0821,0.4301,0.965
2.341813,0.9624,-0.0675,0.3395,1.023
2.346931,1.0669,-0.1307,0.4123,1.151
2.351863,1.2116,-0.0361,0.6150,1.359
2.357030,0.9504,0.1252,0.7322,1.206
2.365158,0.7566,0.1953,0.7445,1.079
2.367005,0.6922,0.1600,0.5749,0.914
2.374657,0.5607,0.2157,0.3815,0.712
2.377031,0.3568,0.3241,0.2311,0.535
2.381736,0.1377,0.3750,0.1183,0.417
2.388158,-0.0825,0.3876,0.1056,0.410
2.391957,-0.2470,0.4004,0.0682,0.475
2.396792,-0.4037,0.4084,-0.0420,0.576
2.401614,-0.5575,0.3880,-0.2011,0.708
2.406830,-0.6554,0.3056,-0.3998,0.826
2.411696,-0.6928,0.2238,-0.5618,0.920
2.416772,-0.6552,0.2000,-0.6345,0.934
2.421576,-0.5997,0.1286,-0.6465,0.891
2.426673,-0.5597,0.0529,-0.6117,0.831
2.431776,-0.4776,-0.0274,-0.5395,0.721
2.436666,-0.4105,-0.1171,-0.5015,0.659
2.441594,-0.3247,-0.1778,-0.5258,0.643
2.446720,-0.2246,-0.2051,-0.5211,0.603
2.451593,-0.1676,-0.2324,-0.4298,0.517
2.456817,-0.1249,-0.2935,-0.2802,0.425
2.466146,-0.1013,-0.3741,-0.1195,0.406
2.477554,-0.1353,-0.3787,-0.0240,0.403
2.477910,-0.1741,-0.3407,-0.0082,0.383
2.478028,-0.2754,-0.3415,-0.0101,0.439
2.481338,-0.3339,-0.3236,-0.0299,0.466
2.486422,-0.3882,-0.2868,-0.0920,0.491
2.491683,-0.4093,-0.2598,-0.1871,0.520
2.496531,-0.4070,-0.1659,-0.2244,0.493
2.501318,-0.4004,-0.1439,-0.2762,0.507
2.506470,-0.3223,-0.1123,-0.2850,0.445
2.511293,-0.2159,-0.0568,-0.2223,0.315
2.516588,-0.1909,-0.0205,-0.1360,0.235
2.521173,-0.2283,0.0111,-0.0498,0.234
2.526318,-0.2468,0.0233,0.0175,0.248
2.532413,-0.2081,0.0067,0.0850,0.225
2.536370,-0.2466,0.0474,0.1291,0.282
2.541436,-0.1995,0.0447,0.1594,0.259
2.546308,-0.0760,0.0515,0.1709,0.194
2.551526,-0.0532,0.0917,0.1734,0.203
2.556224,-0.0448,0.0693,0.2103,0.226
2.561034,-0.0123,0.0852,0.2524,0.267
2.566411,0.0392,0.1248,0.2903,0.318
2.573144,0.1435,0.1452,0.2230,0.302
2.576151,0.2148,0.1608,0.1560,0.310
2.581034,0.2871,0.2245,0.0550,0.369
2.586208,0.2886,0.2693,-0.0851,0.404
2.591368,0.2671,0.3000,-0.1304,0.422
2.596359,0.2610,0.3264,-0.1244,0.436
2.601371,0.2416,0.3484,-0.1150,0.439
2.606140,0.2086,0.3707,-0.1117,0.440
2.610909,0.2147,0.3839,-0.0715,0.446
2.616039,0.1882,0.3544,-0.0421,0.403
2.620832,0.1863,0.3443,0.0484,0.394
2.626063,0.1801,0.3009,0.1577,0.385
2.631350,0.0684,0.2986,0.2649,0.405
2.635869,-0.0377,0.2439,0.3430,0.423
2.640858,-0.1433,0.1990,0.3926,0.463
2.645960,-0.2058,0.1495,0.4186,0.490
2.651261,-0.2448,0.0716,0.4025,0.477
2.656174,-0.2653,0.0701,0.4446,0.522
2.660721,-0.2675,0.0540,0.4780,0.550
2.665854,-0.2609,0.0376,0.4601,0.530
2.673244,-0.2357,0.0354,0.3911,0.458
2.675782,-0.2636,-0.0289,0.2903,0.393
2.680918,-0.2680,-0.0976,0.2339,0.369
2.686169,-0.2681,-0.0519,0.1405,0.307
2.690976,-0.2782,-0.0305,0.0959,0.296
2.695854,-0.1888,0.0049,0.0518,0.196
2.700880,-0.0715,0.0069,-0.0872,0.113
2.705666,-0.0309,-0.0052,-0.2065,0.209
2.710697,-0.0330,-0.0075,-0.2780,0.280
2.715659,-0.0205,-0.0048,-0.3306,0.331
2.720707,-0.0128,-0.0114,-0.3219,0.322
2.725626,-0.0001,-0.0178,-0.3089,0.309
2.730595,0.0221,-0.0669,-0.2108,0.222
2.735686,-0.0081,-0.1630,-0.1704,0.236
2.740567,-0.0618,-0.1540,-0.1155,0.202
2.745821,-0.0775,-0.1594,-0.0416,0.182
2.750422,-0.0935,-0.1603,0.0848,0.204
2.755547,-0.1194,-0.1662,0.1305,0.243
2.760286,-0.1122,-0.1391,0.1104,0.210
2.765555,-0.1294,-0.1458,0.1392,0.240
2.771754,-0.0661,-0.1622,0.0691,0.188
2.775316,-0.0034,-0.1548,-0.0096,0.155
2.780131,0.0779,-0.0856,-0.1114,0.161
2.785148,0.1444,-0.0216,-0.1748,0.228
2.790386,0.2250,-0.0101,-0.2197,0.315
2.795748,0.3153,0.0158,-0.2939,0.431
2.800733,0.3440,0.0134,-0.3163,0.468
2.805716,0.3641,-0.0076,-0.2688,0.453
2.810061,0.3756,-0.0090,-0.2610,0.458
2.815220,0.3500,-0.0101,-0.2545,0.433
2.820565,0.2543,-0.0394,-0.2110,0.333
2.825150,0.1455,-0.0493,-0.1354,0.205
2.829987,0.0475,-0.0542,-0.1226,0.142
2.835059,0.0218,-0.0637,-0.0914,0.113
2.840070,-0.0322,-0.0874,-0.0938,0.132
2.845646,-0.0427,-0.1108,-0.0394,0.125
2.849971,-0.0674,-0.1387,-0.0520,0.163
2.855084,-0.0826,-0.1284,0.0022,0.153
2.859914,-0.1217,-0.1088,0.1035,0.193
2.865909,-0.0992,-0.1085,0.1665,0.222
2.869827,-0.0723,-0.1225,0.2485,0.286
2.874946,-0.0697,-0.1270,0.3065,0.339
2.882071,-0.0201,-0.1127,0.3361,0.355
2.884849,0.0240,-0.0795,0.3371,0.347
2.889735,0.0343,-0.0514,0.3145,0.321
2.895652,0.0349,0.0145,0.2444,0.247
2.900180,0.0403,0.0562,0.1651,0.179
2.904790,0.0412,0.0550,0.0859,0.110
2.909697,0.0565,0.0872,-0.0695,0.125
2.915092,0.0103,0.1336,-0.1342,0.190
2.919717,-0.0021,0.1466,-0.1850,0.236
2.925430,-0.0234,0.1597,-0.2077,0.263
2.929641,-0.0014,0.1633,-0.1881,0.249
2.934693,-0.0270,0.1338,-0.1215,0.183
2.939611,-0.0475,0.1330,-0.0652,0.156
2.944678,-0.1201,0.1132,-0.0376,0.169
2.949594,-0.1259,0.1077,0.0568,0.175
2.954598,-0.1225,0.0214,0.0987,0.159
2.959475,-0.1291,0.0163,0.1077,0.169
2.964582,-0.1076,-0.0079,0.1221,0.163
2.969437,-0.1055,-0.0036,0.1084,0.151
2.974861,-0.0612,0.0434,0.0907,0.118
2.983818,-0.0413,0.0281,0.0828,0.097
2.985029,-0.0171,-0.0109,0.0658,0.069
2.989388,0.0307,-0.0163,0.0727,0.081
2.994515,0.0448,-0.0170,0.0133,0.050
2.999927,0.0447,-0.0177,0.0116,0.049
3.004366,0.0397,0.0054,0.0289,0.049
3.009294,-0.0080,0.0378,0.0271,0.047
3.014356,0.0110,-0.0204,0.0158,0.028
3.019352,0.0013,-0.0495,0.0045,0.050
3.024343,-0.0131,-0.0689,0.0360,0.079
3.029267,0.0250,-0.0976,0.0244,0.104
3.034417,0.0295,-0.0976,0.0129,0.103
3.039220,0.0196,-0.1260,0.0015,0.128
3.045857,0.0049,-0.0925,0.0471,0.104
3.049346,0.0281,-0.1067,0.0827,0.138
3.054432,0.0559,-0.0970,0.0468,0.121
3.059261,0.0982,-0.1251,-0.3796,0.412
3.064175,0.1883,-0.1240,-0.8570,0.886
3.069145,0.2211,-0.0322,-0.5197,0.566
3.074198,0.2540,-0.0171,0.0855,0.269
3.082570,0.3156,-0.0547,0.4873,0.583
3.084081,0.3630,-0.1113,0.6496,0.752
3.088974,0.3345,-0.1202,0.6313,0.724
3.094269,0.2827,-0.0343,0.6619,0.721
3.099475,0.2455,0.0697,0.6457,0.694
3.104579,0.1321,0.1204,0.4972,0.528
3.109220,0.0667,0.1089,0.2498,0.281
3.113951,0.0060,0.0693,0.0273,0.075
3.119128,-0.0212,0.0637,-0.1807,0.193
3.124131,0.0514,0.1203,-0.3462,0.370
3.129229,0.1000,0.1769,-0.3460,0.401
