0.002498,0.0405,0.0677,-0.7339,0.738
0.002917,-0.0553,0.0014,-0.7258,0.728
0.007197,-0.2121,0.0358,-0.4768,0.523
0.015158,-0.2301,-0.0296,-0.2497,0.341
0.017129,-0.2100,-0.1324,-0.1058,0.270
0.022025,-0.1089,-0.1725,-0.0536,0.211
0.029483,-0.0272,-0.1314,-0.0448,0.141
0.032173,-0.0742,-0.1431,-0.0072,0.161
0.037229,-0.0924,-0.1404,0.0302,0.171
0.042113,-0.0770,-0.1379,0.0868,0.180
0.047068,0.1715,-0.1069,0.0859,0.220
0.053380,0.2192,-0.0762,0.1134,0.258
0.057170,0.1627,-0.0504,0.1499,0.227
0.062006,0.1163,-0.0343,0.1053,0.161
0.067085,0.0898,-0.0564,0.1039,0.148
0.071890,0.2639,-0.1307,0.3406,0.450
0.077035,0.4185,-0.0622,0.4002,0.582
0.081946,0.3015,0.0912,0.3506,0.471
0.087146,0.1238,0.1671,0.3209,0.382
0.092068,0.0660,0.1283,0.2252,0.267
0.096774,0.0609,0.1326,0.0731,0.163
0.101730,0.0272,0.1180,-0.0162,0.122
0.106888,-0.0493,0.0798,-0.0194,0.096
0.114973,-0.1113,0.0706,-0.0086,0.132
0.116770,-0.1258,0.0424,-0.0028,0.133
0.122121,-0.1167,0.0525,-0.0255,0.130
0.126858,-0.1076,0.0056,-0.0244,0.110
0.131594,-0.0987,0.0065,-0.0138,0.100
0.136647,-0.0946,0.0217,-0.0508,0.110
0.141831,-0.1001,0.0131,-0.0733,0.125
0.147150,-0.1104,-0.0097,-0.0386,0.117
0.151585,-0.1208,-0.0087,-0.0323,0.125
0.156975,-0.1216,0.0017,-0.0163,0.123
0.161654,-0.1892,-0.0403,-0.0192,0.194
0.166530,-0.1947,-0.0345,-0.0121,0.198
0.171542,-0.2196,-0.0147,-0.0093,0.220
0.176581,-0.2636,-0.0236,-0.0158,0.265
0.181700,-0.2743,-0.0467,-0.0077,0.278
0.186566,-0.2568,-0.0318,-0.0041,0.259
0.191619,-0.2540,-0.0217,-0.0003,0.255
0.196537,-0.2277,0.0072,-0.0201,0.229
0.201635,-0.2019,0.0073,-0.0064,0.202
0.207248,-0.2191,0.0217,-0.0259,0.222
0.217049,-0.1935,0.0597,-0.0215,0.204
0.217480,-0.1680,0.0404,0.0065,0.173
0.221775,-0.1759,0.0450,0.0201,0.183
0.226392,-0.1885,0.0304,0.0575,0.199
0.231245,-0.2296,0.0350,0.0901,0.249
0.236617,-0.2705,-0.0365,0.1130,0.295
0.241369,-0.2876,-0.0125,0.1406,0.320
0.246281,-0.3191,-0.0219,0.1159,0.340
0.251255,-0.3125,-0.0550,0.1055,0.334
0.256358,-0.2823,-0.0641,0.0906,0.303
0.261943,-0.2381,-0.0921,0.0663,0.264
0.266602,-0.2417,-0.1056,0.0850,0.277
0.271081,-0.2787,-0.1381,0.0846,0.322
0.276247,-0.2823,-0.0848,0.1224,0.319
0.281231,-0.2909,-0.0748,0.1222,0.324
0.286467,-0.2663,-0.1362,0.1175,0.321
0.291052,-0.2803,-0.1212,0.0941,0.320
0.296094,-0.2991,-0.1158,0.0237,0.322
0.301032,-0.2896,-0.1343,0.0253,0.320
0.306013,-0.2709,-0.1480,0.0318,0.310
0.316923,-0.2432,-0.1377,0.0478,0.284
0.317381,-0.2730,-0.1562,0.0021,0.315
0.321422,-0.2839,-0.1602,-0.0003,0.326
0.326478,-0.2711,-0.1500,-0.0026,0.310
0.330922,-0.2538,-0.1779,-0.0239,0.311
0.336238,-0.2132,-0.2007,-0.0404,0.296
0.340954,-0.2349,-0.1806,-0.0852,0.308
0.345916,-0.2377,-0.1749,-0.0822,0.306
0.350876,-0.2027,-0.1739,-0.0651,0.275
0.356110,-0.2204,-0.1682,-0.0912,0.292
0.361499,-0.2001,-0.1244,-0.0981,0.255
0.365936,-0.1566,-0.1237,-0.1099,0.228
0.370707,-0.1659,-0.1086,-0.1028,0.223
0.375852,-0.1563,-0.1127,-0.1290,0.232
0.380857,-0.1470,-0.0645,-0.1076,0.193
0.386347,-0.1333,-0.0737,-0.0577,0.163
0.390757,-0.1343,-0.0306,-0.0888,0.164
0.395688,-0.1313,0.0168,-0.0862,0.158
0.400801,-0.1526,0.0020,-0.0451,0.159
0.406156,-0.1363,0.0348,-0.0231,0.143
0.414213,-0.1019,0.0767,-0.0580,0.140
0.415795,-0.0779,0.0422,-0.0542,0.104
0.422645,-0.0163,0.0650,-0.0455,0.081
0.425554,0.0395,0.1160,0.0109,0.123
0.430650,0.0612,0.1333,0.0101,0.147
0.436007,0.1585,0.1456,0.0667,0.225
0.440509,0.2216,0.1768,0.0517,0.288
0.446289,0.1987,0.2077,0.0655,0.295
0.450535,0.2190,0.2432,0.0982,0.342
0.455480,0.2768,0.2689,0.0781,0.394
0.461468,0.3249,0.2850,0.0675,0.437
0.465411,0.3822,0.3200,0.0993,0.508
0.470355,0.4062,0.2931,0.1306,0.518
0.476159,0.4209,0.3234,0.2234,0.576
0.480581,0.3976,0.3630,0.3345,0.634
0.486235,0.3981,0.3879,0.4165,0.695
0.490449,0.3981,0.4077,0.5175,0.770
0.495330,0.4122,0.4699,0.5662,0.843
0.500566,0.4875,0.5266,0.6393,0.961
0.505905,0.5667,0.5967,0.7319,1.101
0.510237,0.5737,0.6946,0.8440,1.234
0.515705,0.6228,0.7911,0.9521,1.386
0.525972,0.6664,0.8342,1.0799,1.519
0.526389,0.7521,0.9478,1.1562,1.674
0.530194,0.8369,1.0458,1.2430,1.827
0.535153,0.9494,1.1663,1.3688,2.034
0.540307,1.0277,1.3140,1.4948,2.240
0.545199,1.2050,1.4173,1.5930,2.449
0.550082,1.4719,1.4908,1.8204,2.775
0.555130,1.6903,1.6391,2.0907,3.149
0.560207,1.9181,1.8085,2.2339,3.455
0.565772,2.1909,1.9481,2.3544,3.760
0.570154,2.5095,2.0200,2.4325,4.037
0.575032,2.8122,2.0050,2.3735,4.191
0.580252,3.0142,2.0277,2.2868,4.293
0.585084,3.1735,2.0117,2.2007,4.354
0.589924,3.3380,2.0098,2.1670,4.458
0.594944,3.3695,2.0171,2.1143,4.460
0.599882,3.3775,1.9956,2.0757,4.438
0.605244,3.3346,1.9401,2.0237,4.357
0.610187,3.2734,1.9134,1.9193,4.250
0.615388,3.2226,1.8197,1.7674,4.101
0.622901,3.1723,1.6739,1.6302,3.940
0.625380,3.1323,1.5142,1.5506,3.809
0.629749,3.0438,1.4080,1.4275,3.645
0.634771,2.9811,1.3165,1.2525,3.491
0.639781,2.9045,1.1684,1.0057,3.288
0.644778,2.9003,0.9736,0.7780,3.157
0.649625,2.9399,0.7705,0.5933,3.097
0.654764,2.8562,0.5211,0.4610,2.940
0.659969,2.6558,0.3642,0.2326,2.691
0.664891,2.4059,0.2372,0.0389,2.418
0.669617,2.1366,0.1022,-0.1979,2.148
0.674657,1.9238,-0.0837,-0.4300,1.973
0.679616,1.7672,-0.2675,-0.7006,1.920
0.686246,1.7575,-0.3824,-0.9476,2.033
0.689654,1.8945,-0.5477,-1.1430,2.279
0.694724,2.0638,-0.7870,-1.3965,2.613
0.699566,2.2709,-1.0093,-1.6938,3.007
0.704571,2.4302,-1.1760,-1.9104,3.307
0.709471,2.6429,-1.4115,-2.1323,3.677
0.714543,2.6416,-1.6913,-2.4259,3.965
0.722618,2.4533,-1.9535,-2.6664,4.116
0.724731,2.1680,-2.1592,-2.7956,4.145
0.729344,1.9264,-2.3184,-2.8758,4.166
0.734474,1.6704,-2.5363,-3.0736,4.321
0.739673,1.2178,-2.7983,-3.4643,4.617
0.744869,0.4481,-3.0471,-3.9327,4.995
0.749324,-0.3275,-3.2215,-4.4078,5.469
0.754300,-1.1687,-3.3021,-4.8279,5.965
0.759570,-2.0229,-3.3475,-5.1653,6.479
0.764478,-2.7536,-3.4304,-5.4734,7.022
0.769540,-3.4106,-3.5464,-5.7909,7.599
0.774411,-3.9905,-3.7011,-6.0327,8.125
0.779834,-4.5538,-3.8333,-6.0188,8.465
0.784499,-5.0120,-3.9334,-5.7974,8.614
0.789236,-5.4155,-4.0696,-5.4365,8.686
0.794575,-5.9471,-4.1519,-5.0462,8.836
0.799209,-6.7513,-4.3200,-4.5455,9.214
0.804436,-7.6714,-4.5794,-4.1024,9.831
0.809037,-8.6572,-4.7641,-3.7320,10.563
0.814064,-9.5673,-4.9086,-3.5492,11.324
0.822531,-10.3757,-5.1337,-3.5106,12.097
0.824124,-11.2711,-5.4781,-3.5052,13.013
0.828959,-12.2227,-5.9852,-3.4752,14.046
0.834088,-13.1566,-6.5308,-3.3481,15.065
0.839016,-13.9919,-7.0615,-3.2894,16.014
0.844627,-14.5778,-7.6932,-3.2721,16.805
0.849027,-14.9952,-8.4666,-3.3585,17.545
0.854071,-15.2833,-9.3745,-3.5298,18.273
0.860010,-15.4706,-10.3662,-3.5705,18.962
0.864065,-15.5083,-11.2089,-3.6241,19.475
0.869667,-15.3459,-12.0987,-3.7764,19.903
0.873983,-15.1064,-13.1006,-3.9814,20.388
0.881250,-14.8040,-14.0078,-4.2475,20.819
0.884202,-14.2847,-14.7868,-4.6218,21.073
0.894800,-13.3603,-15.4041,-5.1621,21.034
0.895362,-12.0748,-15.8595,-6.0579,20.833
0.901675,-10.5982,-16.1448,-7.2385,20.625
0.907335,-8.6815,-16.3041,-8.5403,20.350
0.908622,-6.3179,-16.2404,-9.6970,19.942
0.913621,-3.2899,-15.4861,-10.7616,19.143
0.918585,1.0095,-13.8744,-12.2845,18.559
0.923574,6.6186,-11.7876,-14.5723,19.877
0.929303,13.1796,-9.1758,-17.2044,23.535
0.933600,20.3335,-6.2267,-19.7328,29.010
0.938517,27.0960,-3.1041,-21.6618,34.829
0.947564,32.7428,0.0379,-22.5375,39.750
0.948683,36.6974,3.1644,-22.1014,42.956
0.957579,39.3937,5.2268,-20.3471,44.645
0.958607,40.1906,6.4504,-18.2554,44.611
0.963669,39.0335,7.2422,-15.4768,42.610
0.968603,36.5323,7.3863,-12.5235,39.319
0.973492,33.3903,6.6978,-9.4272,35.336
0.978676,29.9760,5.8100,-6.6455,31.249
0.983842,26.1181,5.0247,-4.6994,27.009
0.988355,22.4072,4.0937,-3.6381,23.067
0.993408,19.1175,3.0799,-3.1190,19.614
0.998506,16.3112,2.1101,-2.6409,16.658
1.003563,13.8991,1.2980,-1.8440,14.081
1.008361,11.8636,0.6267,-1.1873,11.939
1.013418,9.9242,-0.1504,-0.9148,9.967
1.018407,8.1102,-1.1009,-0.8648,8.230
1.023452,6.3943,-2.2408,-1.1453,6.872
1.034308,4.4647,-3.5418,-1.7369,5.958
1.034746,2.2450,-4.6006,-2.4575,5.678
1.038163,0.0216,-5.5604,-3.2735,6.452
1.043119,-1.9867,-6.4924,-4.3334,8.055
1.048694,-3.9792,-7.2919,-5.0848,9.740
1.053361,-5.7908,-7.8320,-5.5608,11.216
1.058459,-7.4383,-8.1961,-5.8580,12.523
1.063236,-8.9131,-8.4735,-6.0475,13.705
1.068383,-10.5526,-8.4288,-6.0620,14.804
1.073915,-12.9496,-8.0335,-6.2712,16.479
1.082555,-15.7343,-7.6426,-6.6612,18.718
1.083163,-17.6172,-7.5070,-6.9591,20.375
1.088322,-18.9524,-7.2961,-6.8023,21.417
1.093072,-20.2036,-7.1242,-5.9886,22.244
1.097938,-21.0859,-7.3384,-4.6681,22.809
1.102978,-21.3939,-7.8584,-3.3335,23.034
1.108201,-21.0791,-8.6839,-2.2984,22.913
1.113999,-21.8466,-9.0794,-1.2563,23.692
1.118024,-22.3263,-9.8908,-0.9475,24.437
1.122952,-22.2732,-11.2342,-1.1511,24.973
1.127923,-21.8138,-12.6453,-2.1785,25.308
1.132969,-21.5708,-13.7606,-3.5042,25.825
1.137896,-21.0890,-14.8133,-4.8303,26.220
1.143099,-19.7759,-15.9862,-5.9894,26.125
1.147879,-18.1179,-16.9085,-7.0111,25.755
1.156403,-16.5477,-17.2791,-8.0587,25.246
1.158360,-14.6604,-17.2760,-8.8892,24.339
1.162954,-12.3518,-17.0589,-9.6235,23.156
1.167582,-9.8750,-16.6267,-10.2856,21.903
1.172784,-7.2850,-15.8870,-10.8610,20.577
1.178756,-4.6916,-14.8842,-11.3130,19.275
1.182778,-1.9204,-13.5156,-11.6700,17.960
1.187661,1.2256,-11.7807,-12.2454,17.036
1.192882,5.0511,-10.0206,-12.9772,17.156
1.198047,9.4547,-8.1547,-13.8204,18.625
1.202725,14.5372,-6.2076,-14.5761,21.502
1.207791,20.0013,-3.8734,-15.1974,25.417
1.213073,25.0719,-1.3133,-15.6740,29.597
1.217841,29.2088,0.9932,-15.5802,33.119
1.222422,31.5100,3.2644,-14.7163,34.930
1.229545,33.6854,4.2715,-13.2177,36.437
1.232678,34.5162,4.4514,-11.9620,36.800
1.237499,33.1045,4.8842,-9.8264,34.876
1.242612,30.5554,5.5381,-7.2126,31.880
1.247674,27.7426,5.6076,-4.6405,28.682
1.256108,24.7492,4.9914,-2.6101,25.382
1.257405,21.7566,4.3444,-1.1073,22.214
1.262467,18.7709,3.9225,0.2450,19.178
1.267639,16.0187,3.6311,1.3090,16.477
1.272627,13.5497,3.3063,1.9373,14.081
1.277794,11.3085,2.9317,2.0526,11.861
1.282469,9.3210,2.4563,1.8963,9.824
1.287317,7.5391,1.9598,1.5431,7.941
1.292514,5.9746,1.4400,1.0458,6.234
1.297637,4.5506,0.8041,0.5166,4.650
1.302711,3.2838,0.0292,-0.0359,3.284
1.307350,2.0236,-0.7257,-0.3587,2.179
1.312405,0.8968,-1.4075,-0.5529,1.758
1.317325,0.0748,-2.0579,-0.6071,2.147
1.322324,-0.5963,-2.6407,-0.6253,2.778
1.330792,-1.2124,-3.1740,-0.6675,3.463
1.332604,-1.7224,-3.6439,-0.7234,4.095
1.337148,-2.1952,-3.9646,-0.8304,4.607
1.342111,-2.7476,-4.1943,-0.9692,5.107
1.347282,-3.2316,-4.2759,-1.1195,5.475
1.353123,-3.6432,-4.2733,-1.2644,5.756
1.357039,-3.8964,-4.2396,-1.3603,5.917
1.362011,-4.0689,-4.1279,-1.4984,5.987
1.367002,-4.1520,-4.0254,-1.6793,6.022
1.372368,-4.1748,-3.9041,-1.9085,6.026
1.377723,-4.0728,-3.7745,-2.0045,5.904
1.382002,-3.8990,-3.5895,-1.9980,5.664
1.386829,-3.8086,-3.3641,-2.0475,5.479
1.391910,-3.6004,-3.1659,-2.0629,5.219
1.396972,-3.2932,-3.0145,-2.0213,4.901
1.402646,-3.0253,-2.9100,-2.0479,4.671
1.407042,-2.8261,-2.7573,-2.1430,4.492
1.411741,-2.6013,-2.6760,-2.1738,4.319
1.416721,-2.4186,-2.6518,-2.1697,4.194
1.422188,-2.3683,-2.5176,-2.1408,4.066
1.429131,-2.2971,-2.3311,-2.0731,3.874
1.431782,-2.2096,-2.1882,-1.9813,3.687
1.436662,-2.2021,-2.1179,-1.8707,3.583
1.441651,-2.1859,-2.0337,-1.6697,3.421
1.446715,-2.1232,-1.9788,-1.5460,3.288
1.451701,-2.0279,-1.8529,-1.3798,3.074
1.456877,-1.9092,-1.7420,-1.1571,2.832
1.461820,-1.6657,-1.7132,-0.9401,2.568
1.467113,-1.4266,-1.6131,-0.7237,2.272
1.472027,-1.1851,-1.4943,-0.4405,1.957
1.476831,-0.9220,-1.4190,-0.1908,1.703
1.481754,-0.6746,-1.3151,-0.0078,1.478
1.486545,-0.3850,-1.3070,0.1138,1.367
1.491686,-0.1863,-1.3035,0.1790,1.329
1.496594,-0.1218,-1.2807,0.2025,1.302
1.501549,-0.0609,-1.2336,0.2512,1.260
1.506575,-0.0806,-1.1863,0.2819,1.222
1.513700,-0.1090,-1.1051,0.2702,1.143
1.516587,-0.1604,-1.0142,0.1828,1.043
1.522564,-0.2684,-0.9182,0.0915,0.961
1.526663,-0.3042,-0.9034,0.0148,0.953
1.531526,-0.3960,-0.9597,-0.0664,1.040
1.536332,-0.4821,-0.9292,-0.1286,1.055
1.541396,-0.4766,-0.9078,-0.1671,1.039
1.546214,-0.4464,-0.9481,-0.2295,1.073
1.551300,-0.4632,-1.0403,-0.3249,1.184
1.556547,-0.5422,-1.0841,-0.4008,1.277
1.561347,-0.6201,-1.1225,-0.4476,1.358
1.566202,-0.6596,-1.1795,-0.4652,1.429
1.571231,-0.6846,-1.2026,-0.4584,1.458
1.576176,-0.6951,-1.2874,-0.4508,1.531
1.581288,-0.7870,-1.3287,-0.5233,1.631
1.586529,-0.9230,-1.3271,-0.6710,1.750
1.591187,-1.0735,-1.3826,-0.8222,1.934
1.596247,-1.1960,-1.4190,-0.9918,2.104
1.601090,-1.3293,-1.5032,-1.1464,2.311
1.606091,-1.4542,-1.6162,-1.3628,2.566
1.613422,-1.6188,-1.7244,-1.7222,2.926
1.616197,-1.8956,-1.7996,-2.1104,3.359
1.621959,-2.1643,-1.8847,-2.4943,3.802
1.625898,-2.4500,-2.0039,-2.9276,4.312
1.631034,-2.7821,-2.1911,-3.3729,4.891
1.636348,-3.0892,-2.4224,-3.7303,5.415
1.640988,-3.5258,-2.6171,-4.1624,6.050
1.646434,-4.2418,-2.8479,-4.5931,6.870
1.650838,-4.8742,-3.2346,-5.0477,7.727
1.656278,-5.4000,-3.7487,-5.4321,8.528
1.661052,-5.9785,-4.2707,-5.8049,9.364
1.665802,-6.8739,-4.8634,-6.0704,10.380
1.673236,-8.3217,-5.3934,-6.2003,11.695
1.676028,-10.1611,-5.8665,-6.2002,13.271
1.685260,-11.9760,-6.4137,-6.0543,14.873
1.691428,-13.7608,-7.1410,-5.7246,16.526
1.691976,-15.5971,-7.9581,-5.1621,18.255
1.695660,-17.1417,-8.6602,-4.7574,19.786
1.700830,-18.5161,-9.3194,-4.5791,21.229
1.706346,-19.6903,-10.4127,-4.3013,22.686
1.714565,-20.5550,-11.6183,-3.9010,23.931
1.716421,-21.0444,-12.9083,-3.2400,24.900
1.723607,-20.9258,-14.2254,-2.4076,25.417
1.725551,-20.4473,-15.6024,-1.5570,25.767
1.730618,-19.4471,-17.1809,-1.0365,25.970
1.735998,-17.9552,-18.9475,-1.0342,26.124
1.740833,-16.2344,-20.3876,-1.8626,26.128
1.745531,-14.5800,-21.7743,-3.6028,26.451
1.750648,-12.4203,-22.8936,-6.1031,26.751
1.756027,-9.6814,-23.3764,-9.0712,26.879
1.761702,-6.4056,-23.3308,-12.0341,27.022
1.766125,-1.9443,-22.7661,-14.4366,27.028
1.770517,4.0456,-21.1262,-16.3830,27.039
1.775847,11.5105,-18.2744,-18.4890,28.430
1.781002,20.2710,-14.6338,-20.9613,32.626
1.786095,29.0469,-10.4350,-23.3305,38.690
1.790637,36.6695,-6.0802,-24.9056,44.743
1.795421,42.3121,-1.8281,-24.6234,48.989
1.800446,45.3334,2.2966,-22.5315,50.676
1.805564,46.6684,5.0791,-19.1964,50.717
1.814302,47.3989,5.5502,-16.4801,50.488
1.815397,45.7948,5.6603,-13.5264,48.085
1.827192,42.3479,5.9639,-10.6015,44.060
1.827824,37.7543,5.8508,-8.1057,39.055
1.835471,32.9699,5.3539,-5.9446,33.927
1.836176,28.0412,4.7920,-4.3684,28.781
1.840219,23.1035,4.2979,-3.5472,23.766
1.845110,18.8852,3.8391,-3.2434,19.542
1.850139,15.5154,3.3665,-2.9693,16.152
1.855806,12.6199,2.8029,-2.6099,13.188
1.865663,10.0261,2.1950,-2.0630,10.469
1.866175,7.5567,1.5752,-1.3329,7.833
1.870046,5.0688,1.0746,-0.4703,5.203
1.874985,2.7539,0.5464,0.3823,2.833
1.880255,0.7458,-0.0701,0.7981,1.095
1.885916,-0.8811,-0.7444,0.8723,1.446
1.890202,-2.2356,-1.5121,0.6476,2.776
1.894972,-3.3140,-2.2380,0.3234,4.012
1.900093,-4.1092,-2.9032,-0.0170,5.031
1.905002,-4.8296,-3.4653,-0.3089,5.952
1.909992,-5.3815,-3.9297,-0.4921,6.682
1.915001,-5.8358,-4.2536,-0.6635,7.252
1.924558,-6.0456,-4.4585,-0.7864,7.553
1.925128,-5.9897,-4.6454,-0.8411,7.627
1.929945,-5.8453,-4.7580,-0.8319,7.583
1.934787,-5.7415,-4.7545,-0.8155,7.499
1.940085,-5.6012,-4.6694,-0.7913,7.335
1.945313,-5.4401,-4.5655,-0.8161,7.149
1.949839,-5.2790,-4.4537,-0.9287,6.969
1.954859,-5.0904,-4.3198,-1.0429,6.757
1.959919,-4.9747,-4.1119,-1.1592,6.557
1.964920,-4.8022,-3.9116,-1.4221,6.355
1.969806,-4.6396,-3.7337,-1.7463,6.206
1.974730,-4.5597,-3.5735,-2.0417,6.142
1.980097,-4.5124,-3.4169,-2.3335,6.122
1.984612,-4.4794,-3.2403,-2.6039,6.111
1.989972,-4.3744,-3.0771,-2.7435,6.011
1.994747,-4.1492,-2.9803,-2.8532,5.851
1.999861,-3.9083,-2.8113,-2.9337,5.638
2.005299,-3.7713,-2.6705,-2.9615,5.489
2.009599,-3.5932,-2.4817,-2.9417,5.265
2.014559,-3.3781,-2.2497,-2.9328,5.007
2.022804,-3.0871,-2.0847,-2.9591,4.757
2.024450,-2.8056,-1.9150,-2.9829,4.521
2.029559,-2.5376,-1.7882,-3.0336,4.340
2.034639,-2.2824,-1.7044,-2.9782,4.121
2.039662,-2.0106,-1.5727,-2.8939,3.859
2.044540,-1.8177,-1.3884,-2.7382,3.568
2.049487,-1.5884,-1.2041,-2.4876,3.188
2.054490,-1.2981,-1.0678,-2.1179,2.704
2.059587,-0.9609,-0.9793,-1.7435,2.219
2.064663,-0.6147,-0.8859,-1.2729,1.668
2.069288,-0.2733,-0.7735,-0.7824,1.134
2.074343,0.0398,-0.6754,-0.3905,0.781
2.079393,0.2726,-0.5870,-0.1010,0.655
2.084307,0.4731,-0.5368,0.1485,0.731
2.089364,0.6177,-0.4914,0.2913,0.841
2.094301,0.6874,-0.5464,0.4190,0.973
2.100034,0.7445,-0.5342,0.5308,1.059
2.104282,0.7411,-0.4596,0.5506,1.031
2.109547,0.7299,-0.4137,0.5934,1.028
2.114941,0.7492,-0.4729,0.5918,1.065
2.124565,0.7510,-0.5557,0.5749,1.097
2.124989,0.6349,-0.6620,0.5286,1.059
2.129203,0.5111,-0.6961,0.4907,0.993
2.134023,0.3600,-0.6580,0.5570,0.934
2.139119,0.2242,-0.6532,0.5316,0.872
2.144040,0.1226,-0.6816,0.4957,0.852
2.149191,-0.0023,-0.7240,0.5118,0.887
2.154079,-0.1849,-0.6847,0.5088,0.873
2.159042,-0.3676,-0.6595,0.5725,0.948
2.164162,-0.6325,-0.5768,0.6507,1.075
2.169101,-0.8556,-0.5180,0.6766,1.208
2.173942,-1.0231,-0.4591,0.6787,1.311
2.178963,-1.0829,-0.4241,0.6572,1.336
2.184026,-1.0685,-0.4417,0.7127,1.358
2.189070,-1.0131,-0.4018,0.7783,1.339
2.194219,-0.9360,-0.3047,0.8306,1.288
2.198954,-0.8751,-0.2986,0.9227,1.306
2.203879,-0.8402,-0.2354,1.0263,1.347
2.208884,-0.7881,-0.2348,1.1274,1.395
2.213924,-0.7381,-0.2443,1.1934,1.424
2.221844,-0.6996,-0.2972,1.2337,1.449
2.223725,-0.6060,-0.3267,1.2486,1.426
2.228825,-0.5194,-0.3138,1.1905,1.336
2.233729,-0.4875,-0.3492,1.1215,1.272
2.239132,-0.4910,-0.3851,0.9597,1.145
2.244323,-0.4726,-0.3879,0.7574,0.973
2.248684,-0.4469,-0.3767,0.5618,0.811
2.253593,-0.3992,-0.3753,0.3817,0.668
2.258702,-0.3054,-0.3692,0.1354,0.498
2.263877,-0.2224,-0.2866,0.0041,0.363
2.269305,-0.1404,-0.2087,-0.0702,0.261
2.273635,-0.0111,-0.1022,-0.1450,0.178
2.278662,0.0556,-0.0866,-0.1918,0.218
2.283475,0.1845,-0.0612,-0.2250,0.297
2.288782,0.2996,-0.0070,-0.1728,0.346
2.294309,0.5937,-0.0678,0.1912,0.627
2.298798,1.3505,-0.2151,1.1225,1.769
2.303738,1.2145,-0.0565,1.4381,1.883
2.308524,0.6052,0.1927,0.9932,1.179
2.313745,0.5040,0.1402,0.6253,0.815
2.322243,0.7009,-0.0271,0.5503,0.892
2.323735,0.8272,-0.0986,0.8785,1.211
2.332409,0.7532,-0.0362,0.6323,0.984
2.333359,0.5650,0.0408,0.2417,0.616
2.338344,0.4301,0.0797,0.0321,0.439
2.343988,0.3914,0.0803,-0.1447,0.425
2.348353,0.4731,0.0763,-0.0821,0.486
2.353267,0.5221,0.0914,0.0332,0.531
2.358218,0.4809,0.1351,0.0192,0.500
2.363122,0.4501,0.1501,0.0200,0.475
2.368277,0.5065,0.1219,-0.0457,0.523
2.373314,0.4726,0.2085,-0.2067,0.556
2.378364,0.1710,0.3094,-0.3918,0.528
2.383142,-0.0543,0.2907,-0.5966,0.666
2.388236,-0.1361,0.1384,-0.7068,0.733
2.393308,-0.2088,0.0343,-0.7990,0.827
2.398299,-0.3254,0.0455,-0.7585,0.827
2.403173,-0.4718,0.0090,-0.6760,0.824
2.408123,-0.4661,-0.0370,-0.4694,0.663
2.413171,-0.3944,-0.1453,-0.2291,0.479
2.418093,-0.3526,-0.2153,-0.0552,0.417
2.423164,-0.2829,-0.3094,-0.0045,0.419
2.430530,-0.1901,-0.3271,0.0714,0.385
2.433117,-0.0932,-0.2638,0.1537,0.319
2.437993,-0.0397,-0.2631,0.1370,0.299
2.442872,0.0185,-0.2386,0.0448,0.244
2.448097,0.0481,-0.2048,-0.1470,0.257
2.452929,0.0780,-0.1997,-0.3866,0.442
2.458153,0.1274,-0.1274,-0.5691,0.597
2.462833,0.1484,-0.0742,-0.6662,0.687
2.468399,0.1697,-0.0496,-0.6543,0.678
2.472947,0.2204,-0.0008,-0.6003,0.640
2.478111,0.2765,0.0050,-0.4517,0.530
2.482875,0.3814,0.0109,-0.3323,0.506
2.487740,0.4107,-0.0119,-0.1608,0.441
2.492990,0.4604,-0.0251,0.0492,0.464
2.497910,0.4632,-0.0050,0.2982,0.551
2.502796,0.4525,-0.0042,0.4332,0.626
2.507913,0.4090,-0.0564,0.5361,0.677
2.512810,0.3612,-0.0658,0.6119,0.714
2.517699,0.2752,-0.0802,0.5694,0.638
2.522617,0.1847,-0.1188,0.4900,0.537
2.531556,0.1132,-0.0570,0.3636,0.385
2.532913,0.0416,-0.0241,0.2328,0.238
2.537651,0.0031,0.0137,0.1164,0.117
2.542958,-0.0646,0.0467,-0.1155,0.140
2.548006,-0.0991,0.0848,-0.2719,0.302
2.552730,-0.1292,0.0943,-0.4154,0.445
2.557665,-0.1454,0.1234,-0.5607,0.592
2.562506,-0.1332,0.1912,-0.5499,0.597
2.567639,-0.0494,0.2352,-0.5172,0.570
2.572607,0.0394,0.2364,-0.3756,0.446
2.577743,0.1284,0.2235,-0.2302,0.346
2.582562,0.1746,0.2010,-0.0710,0.276
2.587532,0.1817,0.1488,0.0972,0.254
2.592284,0.1414,0.1254,0.1983,0.274
2.597477,0.1015,0.0878,0.2424,0.277
2.602316,0.0570,0.0693,0.2301,0.247
2.607506,-0.0160,0.0459,0.1572,0.165
2.612704,-0.0556,-0.0106,0.0855,0.103
2.617311,-0.0432,-0.0525,0.0245,0.072
2.622207,-0.0981,-0.0372,-0.0496,0.116
2.631626,-0.0724,-0.0507,-0.1466,0.171
2.632220,-0.0757,-0.0593,-0.2426,0.261
2.637297,-0.0603,-0.0821,-0.2902,0.308
2.642171,-0.0599,-0.0762,-0.2756,0.292
2.647338,-0.0120,-0.0561,-0.2662,0.272
2.652216,-0.0120,-0.0219,-0.2618,0.263
2.657056,0.0165,0.0359,-0.2530,0.256
2.662057,0.0498,0.0458,-0.1970,0.208
2.667207,0.0022,0.0129,-0.1418,0.142
2.672005,-0.0735,0.0325,-0.0112,0.081
2.677256,-0.0919,0.0615,0.0424,0.118
2.681886,-0.0816,0.0807,0.0669,0.133
2.686915,-0.1093,0.0475,0.0630,0.135
2.691975,-0.0846,0.0573,0.1114,0.151
2.696930,-0.1267,0.0813,0.1498,0.212
2.702165,-0.1734,0.0670,0.1500,0.239
2.706883,-0.1724,0.0529,0.1501,0.235
2.712163,-0.1763,0.0389,0.1977,0.268
2.716769,-0.1517,0.0346,0.2495,0.294
2.722005,-0.1084,0.0730,0.3107,0.337
2.730731,-0.1177,0.0254,0.3575,0.377
2.731840,-0.0935,-0.0171,0.3762,0.388
2.736837,-0.1029,-0.0309,0.3811,0.396
2.741733,-0.1884,-0.0211,0.3916,0.435
2.747073,-0.2165,-0.0020,0.4074,0.461
2.751847,-0.2591,-0.0069,0.4049,0.481
2.756735,-0.3160,-0.0168,0.3463,0.469
2.761604,-0.2778,-0.0078,0.3033,0.411
2.766677,-0.2782,0.0248,0.2469,0.373
2.771710,-0.1792,0.0570,0.2008,0.275
2.777122,-0.1046,0.0937,0.0981,0.171
2.781560,-0.0590,0.1254,-0.0326,0.142
2.786969,0.0436,0.1664,-0.0627,0.183
2.791498,0.1078,0.2168,-0.1125,0.267
2.796573,0.1152,0.2195,-0.1294,0.280
2.802180,0.1467,0.1938,-0.0518,0.248
2.806638,0.1641,0.1446,0.0342,0.221
2.811487,0.1437,0.1054,0.0956,0.202
2.816528,0.1048,0.0475,0.2041,0.234
2.822719,0.0996,-0.0527,0.2979,0.319
2.833273,0.0422,-0.1191,0.3349,0.358
2.833583,-0.0768,-0.1946,0.3535,0.411
2.837069,-0.1288,-0.1985,0.3731,0.442
2.841379,-0.1096,-0.1930,0.3458,0.411
2.846944,-0.0815,-0.1831,0.2197,0.297
2.851266,-0.0776,-0.1780,0.1047,0.221
2.856365,-0.0170,-0.1778,0.0193,0.180
2.861256,0.0099,-0.1681,-0.0651,0.181
2.866334,0.0130,-0.2107,-0.1442,0.256
2.871318,0.0305,-0.2149,-0.2660,0.343
2.876307,0.0721,-0.1713,-0.3400,0.388
2.881194,0.0565,-0.1754,-0.3953,0.436
2.886147,0.0365,-0.2125,-0.4130,0.466
2.891566,0.0647,-0.2111,-0.4267,0.480
2.896550,0.0979,-0.2191,-0.4128,0.477
2.901133,0.1265,-0.2172,-0.4093,0.480
2.907116,0.1079,-0.2153,-0.3399,0.417
2.913444,0.0755,-0.2370,-0.2668,0.365
2.916658,0.0674,-0.2300,-0.1562,0.286
2.922758,0.0834,-0.2089,-0.0464,0.230
2.926029,0.0946,-0.1975,-0.0037,0.219
2.930999,0.0869,-0.2147,-0.0277,0.233
2.936154,0.0556,-0.2603,-0.0277,0.268
2.941094,-0.0234,-0.2391,0.0248,0.241
2.946213,-0.1068,-0.1991,0.0726,0.237
2.950854,-0.1285,-0.1596,0.0253,0.206
2.955945,-0.1505,-0.1346,-0.0407,0.206
2.960949,-0.1585,-0.1383,-0.1444,0.255
2.966591,-0.1622,-0.1847,-0.2998,0.388
2.970943,-0.2043,-0.1499,-0.3403,0.424
2.975989,-0.1991,-0.0820,-0.2956,0.366
2.981027,-0.1609,-0.0715,-0.2852,0.335
2.985957,-0.1184,-0.0611,-0.2659,0.297
2.990953,-0.0427,-0.0553,-0.2329,0.243
2.996116,-0.0101,-0.0686,-0.2147,0.226
3.000833,-0.0156,-0.0532,-0.1732,0.182
3.006101,-0.0635,-0.0426,-0.1037,0.129
3.013682,-0.0920,-0.0559,-0.0346,0.113
3.016169,-0.1441,-0.0691,-0.0134,0.160
3.024762,-0.4151,-0.0776,0.0937,0.433
3.026350,-0.3331,-0.0672,0.1439,0.369
3.030652,-0.1951,-0.0476,0.1992,0.283
3.035601,-0.1439,-0.0283,0.2451,0.286
3.040685,-0.0887,0.0240,0.2246,0.243
3.045778,-0.0532,0.0901,0.2185,0.242
3.050670,-0.0373,0.1224,0.1411,0.191
3.055603,-0.0741,0.1593,0.0497,0.183
3.060872,-0.1064,0.0866,0.0014,0.137
3.065653,-0.2292,0.0955,-0.0757,0.260
3.070853,-0.0991,0.0903,-0.6382,0.652
3.075645,0.0492,0.1428,-1.0228,1.034
3.080514,0.1348,0.1429,-0.6362,0.666
3.086061,0.2105,0.1620,-0.0344,0.268
3.090439,0.3289,0.1143,0.3210,0.474
3.095465,0.3853,0.0525,0.4088,0.564
3.100455,0.3851,0.0100,0.3639,0.530
3.105487,0.2903,0.0341,0.3489,0.455
3.110718,0.2059,0.0436,0.2921,0.360
3.115356,0.1410,0.0624,0.2844,0.323
3.121595,0.0525,0.0665,0.2919,0.304
3.125442,0.0545,0.0371,0.2672,0.275
3.130876,0.0417,0.0742,0.2909,0.303
3.135247,0.0379,0.1109,0.3819,0.400
3.140431,-0.0046,0.1375,0.3924,0.416
3.145877,-0.0900,0.0449,0.3513,0.365
3.150264,-0.1374,0.0101,0.1969,0.240
3.155212,-0.1661,0.0563,-0.0372,0.179
3.160789,-0.1046,0.0882,-0.2896,0.320
3.165305,-0.0723,0.1106,-0.4369,0.456
