0.003096,-0.0586,0.1213,-0.1625,0.211
0.003552,-0.0218,0.1867,-0.2076,0.280
0.005979,0.0005,0.1852,-0.1866,0.263
0.010744,-0.0010,0.1600,-0.1618,0.228
0.016024,0.0168,0.1968,-0.1758,0.264
0.021020,0.0635,0.1765,-0.1808,0.260
0.026165,0.0197,0.1469,-0.1816,0.234
0.030762,-0.0140,0.1557,-0.1925,0.248
0.035925,-0.0092,0.1216,-0.2464,0.275
0.041188,0.0198,0.0023,-0.0335,0.039
0.047253,0.0059,0.0122,0.0637,0.065
0.051186,0.0017,0.0221,0.1080,0.110
0.055686,0.0169,0.0364,0.3050,0.308
0.062417,0.0559,0.0693,0.6922,0.698
0.065633,0.1851,0.0209,0.6355,0.662
0.070513,0.1331,0.0537,0.4564,0.478
0.076597,0.0913,0.1002,0.3554,0.380
0.080480,0.0308,0.1986,0.2559,0.325
0.085427,0.0042,0.1964,0.1764,0.264
0.090427,0.0062,0.1752,0.1257,0.216
0.095771,0.0128,0.1827,0.0609,0.193
0.101381,0.0100,0.2282,0.0298,0.230
0.105472,0.0167,0.2211,0.0273,0.223
0.110418,0.0187,0.1951,0.0437,0.201
0.115751,0.0063,0.1361,0.0837,0.160
0.121365,-0.0063,0.1107,0.1186,0.162
0.125633,-0.0144,0.1046,0.1296,0.167
0.132103,-0.0274,0.0843,0.0932,0.129
0.135339,-0.0310,-0.0071,0.0381,0.050
0.140408,-0.0159,-0.0455,0.0070,0.049
0.148465,-0.0157,-0.0692,-0.0477,0.086
0.150263,-0.0205,-0.0785,-0.1069,0.134
0.155597,-0.0351,-0.1113,-0.1329,0.177
0.160729,-0.0501,-0.1439,-0.1162,0.192
0.165304,-0.0271,-0.1523,-0.1237,0.198
0.170185,0.0196,-0.1511,-0.1267,0.198
0.175256,0.0422,-0.1452,-0.1347,0.203
0.180837,0.0506,-0.1630,-0.1573,0.232
0.185189,0.0449,-0.1711,-0.1609,0.239
0.190196,0.0300,-0.1791,-0.1503,0.236
0.195174,-0.0227,-0.1728,-0.1495,0.230
0.200109,-0.0559,-0.1713,-0.1630,0.243
0.205498,-0.0747,-0.1650,-0.2051,0.274
0.210084,-0.1220,-0.1777,-0.2472,0.328
0.215123,-0.1787,-0.1570,-0.2938,0.378
0.220518,-0.1830,-0.1554,-0.2691,0.361
0.225051,-0.1733,-0.1538,-0.2593,0.348
0.229959,-0.1780,-0.1046,-0.2641,0.335
0.239915,-0.1592,-0.1129,-0.2070,0.284
0.240279,-0.1310,-0.1306,-0.1456,0.235
0.244943,-0.1124,-0.1292,-0.0607,0.182
0.250136,-0.1227,-0.1183,-0.0191,0.172
0.255072,-0.1234,-0.0933,-0.0346,0.158
0.260055,-0.1144,-0.1160,-0.0307,0.166
0.265026,-0.0958,-0.1528,-0.0651,0.192
0.269728,-0.0819,-0.1655,-0.0851,0.203
0.274916,-0.0679,-0.1258,-0.1148,0.183
0.280393,-0.0536,-0.1435,-0.1302,0.201
0.284778,-0.0534,-0.1514,-0.1505,0.220
0.289764,-0.0622,-0.1117,-0.1520,0.199
0.294739,-0.0802,-0.0960,-0.1585,0.202
0.299764,-0.0931,-0.1232,-0.1225,0.197
0.304803,-0.1248,-0.1311,-0.0916,0.203
0.309702,-0.1323,-0.1152,-0.0944,0.199
0.314840,-0.1207,-0.1328,-0.0780,0.196
0.319666,-0.1186,-0.1692,-0.0568,0.214
0.324731,-0.0785,-0.1673,-0.0594,0.194
0.329653,-0.1052,-0.1464,-0.0761,0.196
0.338873,-0.1223,-0.1496,-0.0591,0.202
0.339700,-0.1395,-0.1669,-0.0565,0.225
0.344606,-0.1708,-0.1508,-0.1062,0.251
0.349618,-0.1689,-0.1444,-0.1413,0.263
0.354649,-0.1671,-0.1760,-0.1811,0.303
0.359418,-0.1654,-0.1550,-0.2067,0.307
0.364581,-0.1306,-0.1768,-0.2086,0.303
0.369395,-0.1247,-0.1319,-0.2346,0.297
0.374454,-0.0999,-0.1159,-0.2037,0.255
0.379435,-0.0801,-0.1189,-0.1257,0.191
0.384380,-0.0555,-0.0840,-0.0816,0.130
0.389441,-0.0786,-0.0540,-0.0853,0.128
0.394382,-0.0969,-0.0244,-0.0888,0.134
0.399242,-0.1105,0.0335,-0.0968,0.151
0.404358,-0.1433,0.0671,-0.0903,0.182
0.409516,-0.1525,0.1052,-0.1172,0.219
0.414413,-0.1813,0.1478,-0.1345,0.270
0.419266,-0.1725,0.1949,-0.1661,0.309
0.424333,-0.1645,0.2415,-0.1216,0.316
0.429322,-0.1288,0.2593,-0.1061,0.308
0.437124,-0.0939,0.2438,-0.0480,0.266
0.439222,-0.0696,0.2093,0.0239,0.222
0.446579,-0.0701,0.2464,0.1290,0.287
0.449304,-0.0383,0.2783,0.2576,0.381
0.454274,-0.0125,0.3003,0.3858,0.489
0.459164,0.0119,0.3933,0.4665,0.610
0.464267,0.0922,0.4759,0.5618,0.742
0.469066,0.1946,0.5244,0.6194,0.835
0.474255,0.2954,0.6008,0.6586,0.939
0.479134,0.3045,0.6575,0.6933,1.003
0.484509,0.3083,0.7279,0.6999,1.056
0.488866,0.3347,0.8309,0.7022,1.138
0.493898,0.3551,0.9331,0.7094,1.225
0.498772,0.3603,1.0250,0.6834,1.284
0.504073,0.4219,1.0116,0.6671,1.283
0.509408,0.5396,1.0412,0.7650,1.400
0.513994,0.6420,1.0943,0.8621,1.534
0.518908,0.6956,1.1944,0.9827,1.696
0.524117,0.8057,1.2509,1.1032,1.852
0.528948,0.9102,1.2069,1.2665,1.972
0.536780,0.9713,1.2200,1.4111,2.103
0.538804,0.9705,1.2518,1.4849,2.171
0.544293,1.0271,1.2213,1.6076,2.265
0.548693,0.9407,1.2475,1.7083,2.315
0.553844,0.9263,1.2732,1.8344,2.417
0.558999,1.0982,1.2768,1.9735,2.594
0.563961,1.0446,1.2991,2.0962,2.678
0.568675,0.9669,1.3400,2.2555,2.796
0.573776,0.9609,1.3660,2.3697,2.899
0.578573,1.0261,1.3819,2.4497,2.994
0.584592,1.2008,1.2970,2.5283,3.085
0.588537,1.3852,1.2597,2.6535,3.248
0.593535,1.6663,1.2697,2.6863,3.407
0.598496,1.9923,1.2028,2.6413,3.520
0.603629,2.3837,1.1692,2.5220,3.662
0.609329,2.7024,1.0873,2.3101,3.718
0.613587,2.9780,0.9863,2.1334,3.794
0.618455,3.2113,0.9617,1.8377,3.823
0.623382,3.4838,0.9228,1.5366,3.918
0.628331,3.6913,0.7884,1.2720,3.983
0.633696,3.7669,0.6642,0.9226,3.935
0.638281,3.8266,0.5164,0.5516,3.901
0.644544,3.7929,0.3597,0.1478,3.813
0.648255,3.6747,0.2565,-0.1560,3.687
0.653382,3.4861,0.1255,-0.4036,3.512
0.659245,3.4040,0.0003,-0.6189,3.460
0.663262,3.4031,-0.1143,-0.8116,3.500
0.668106,3.4002,-0.2423,-0.9522,3.539
0.673171,3.4086,-0.3598,-1.0451,3.583
0.678060,3.4287,-0.5000,-1.1084,3.638
0.683208,3.4704,-0.6487,-1.1698,3.719
0.688125,3.4717,-0.8439,-1.2426,3.783
0.693167,3.4258,-1.0137,-1.2968,3.801
0.698088,3.3654,-1.1293,-1.3937,3.814
0.703178,3.3317,-1.2243,-1.6133,3.899
0.708140,3.1763,-1.4609,-1.8685,3.964
0.713394,2.9321,-1.6427,-2.1352,3.982
0.718093,2.4787,-1.7935,-2.2981,3.827
0.723163,1.9513,-1.9374,-2.4766,3.701
0.728206,1.4877,-2.0787,-2.6606,3.690
0.733424,1.1079,-2.3277,-2.9363,3.907
0.737979,0.6576,-2.6074,-3.2847,4.245
0.746776,0.1596,-2.8271,-3.5913,4.573
0.748275,-0.3060,-2.9919,-3.9571,4.970
0.752939,-0.7434,-3.1694,-4.3252,5.413
0.757943,-1.2340,-3.3448,-4.6334,5.846
0.763077,-1.8343,-3.4711,-4.7865,6.191
0.767998,-2.4402,-3.5153,-4.9285,6.527
0.772987,-3.0244,-3.4448,-4.9929,6.778
0.777884,-3.5735,-3.3607,-5.1287,7.097
0.782937,-4.0618,-3.4025,-5.3466,7.527
0.788033,-4.5392,-3.4596,-5.6227,8.012
0.793004,-5.0174,-3.5329,-5.8245,8.461
0.797790,-5.3393,-3.7231,-5.9578,8.824
0.803022,-5.7112,-3.9586,-6.0420,9.208
0.808043,-6.2482,-4.0869,-6.0870,9.633
0.812971,-6.9137,-4.1615,-6.0743,10.100
0.817706,-7.8758,-4.3791,-6.0563,10.857
0.822807,-8.9973,-4.7161,-6.0340,11.815
0.827927,-10.2132,-4.9722,-5.9987,12.846
0.832845,-11.5216,-5.2535,-5.9367,13.985
0.837737,-12.9158,-5.6848,-5.8862,15.290
0.844544,-14.4075,-6.1368,-5.6974,16.664
0.847590,-15.8806,-6.5440,-5.3604,17.993
0.852675,-17.2027,-7.0774,-4.9961,19.261
0.857743,-18.1233,-8.0080,-4.6856,20.360
0.863003,-18.4383,-9.0699,-4.4178,21.018
0.871937,-18.4213,-10.1738,-4.0562,21.431
0.873084,-18.1567,-11.4348,-3.6944,21.773
0.877467,-17.5669,-12.6159,-3.4395,21.899
0.882862,-16.9057,-13.8452,-3.4814,22.127
0.887379,-16.0141,-14.9407,-3.6040,22.196
0.892567,-14.5689,-15.9020,-3.9758,21.930
0.897497,-12.9062,-16.7962,-4.6720,21.691
0.902418,-11.1341,-17.4051,-5.4973,21.380
0.907900,-9.1141,-17.6625,-6.3368,20.861
0.912513,-6.8081,-17.7549,-7.2004,20.333
0.921311,-4.1330,-17.4769,-8.0217,19.669
0.922371,-0.5112,-16.0065,-8.9629,18.352
0.933523,3.3601,-14.3608,-10.7299,18.239
0.934007,8.4409,-12.9315,-12.9966,20.184
0.939070,14.4228,-10.7093,-14.9694,23.384
0.943632,20.1330,-7.4214,-16.4794,27.055
0.947294,26.6234,-4.6340,-17.6695,32.288
0.952226,32.3588,-1.8348,-18.4964,37.317
0.957156,36.5908,1.1608,-18.4055,40.976
0.962242,39.0621,4.1146,-17.4906,42.997
0.967493,40.0202,6.5105,-15.9557,43.573
0.972324,38.8663,8.4506,-13.9990,42.166
0.978895,38.4723,8.5108,-11.5558,41.062
0.982266,38.2562,7.3155,-10.0425,40.223
0.989191,35.9874,6.2646,-8.0740,37.410
0.997154,31.8342,5.5851,-5.5401,32.792
0.997581,27.7414,5.0330,-3.0954,28.364
1.003217,24.3666,4.2174,-1.4826,24.773
1.007173,21.5792,3.1344,-0.4071,21.809
1.012158,19.1961,2.0515,0.3425,19.308
1.017322,16.8233,1.1586,0.8040,16.882
1.021965,14.6371,0.2896,0.7943,14.662
1.026867,12.5764,-0.6215,0.4040,12.598
1.032115,10.3916,-1.7315,-0.3312,10.540
1.037008,8.0665,-2.8561,-1.2990,8.655
1.042483,6.0094,-4.0455,-2.4216,7.638
1.046796,3.5799,-4.8958,-3.7275,7.119
1.052148,1.0590,-5.6571,-5.1041,7.693
1.056739,-0.7238,-6.7145,-6.4678,9.351
1.062568,-2.2006,-7.9929,-7.6348,11.270
1.067875,-3.9022,-9.1616,-8.4323,13.049
1.072010,-5.8719,-10.0537,-8.9308,14.674
1.077544,-7.9533,-10.7089,-9.4787,16.364
1.081776,-10.0302,-11.1151,-9.9686,17.987
1.086702,-12.0509,-11.2278,-10.1985,19.373
1.092753,-14.3354,-10.9268,-10.0659,20.645
1.096804,-16.9785,-10.3175,-9.6052,22.068
1.104041,-19.2305,-9.6778,-8.6094,23.186
1.106875,-20.6804,-9.2318,-7.4984,23.856
1.111944,-21.7217,-9.0071,-6.2636,24.335
1.116748,-22.7545,-8.9912,-4.7295,24.919
1.125020,-23.7773,-9.0522,-3.1822,25.640
1.126583,-24.7680,-9.2724,-2.1512,26.534
1.134595,-25.5412,-9.9189,-1.5618,27.444
1.141472,-25.9810,-10.9845,-1.6005,28.253
1.143046,-25.4163,-12.3978,-2.3925,28.380
1.149586,-24.6677,-13.4328,-3.5617,28.313
1.151432,-23.6681,-14.3286,-5.0864,28.131
1.156520,-21.9079,-15.7588,-6.8042,27.831
1.161556,-20.0298,-16.9042,-8.5403,27.566
1.166442,-18.0746,-17.4980,-10.0584,27.093
1.171534,-15.9581,-17.7296,-11.1691,26.339
1.176734,-13.7535,-17.7539,-11.8849,25.409
1.182199,-11.3610,-17.5558,-12.1694,24.194
1.186133,-8.5399,-17.2401,-11.8521,22.597
1.191339,-5.4937,-16.7312,-11.2212,20.881
1.196336,-2.2350,-15.8489,-10.3684,19.071
1.201288,1.4242,-14.5470,-9.5296,17.449
1.206285,5.5497,-12.8582,-9.2985,16.811
1.211486,9.7717,-10.7730,-9.5914,17.422
1.216262,13.6450,-7.9936,-10.1371,18.784
1.221395,18.6842,-5.7843,-11.2933,22.585
1.229569,23.5036,-3.6345,-12.7225,26.972
1.231400,27.8149,-1.3564,-13.6142,30.998
1.237910,30.6700,1.1094,-14.0349,33.747
1.244246,32.1681,3.1579,-13.2702,34.941
1.246112,34.3784,3.6237,-12.3877,36.721
1.253055,34.7107,4.0390,-11.0910,36.663
1.256098,33.1842,4.7377,-8.8710,34.675
1.261715,30.2241,5.6319,-6.1233,31.348
1.266326,27.1914,5.9758,-3.5657,28.068
1.271003,24.4421,5.5336,-1.6451,25.115
1.281410,21.5841,4.8193,-0.2562,22.117
1.282288,18.6509,4.2254,0.7663,19.139
1.288993,15.7991,3.8514,1.6676,16.347
1.290905,13.0818,3.5452,2.4700,13.777
1.295885,10.6579,3.1949,2.8307,11.481
1.301486,8.5042,2.7426,2.9907,9.423
1.305806,6.7137,2.2186,2.9469,7.660
1.310857,5.1934,1.6143,2.7820,6.109
1.315779,4.0179,0.9304,2.4059,4.775
1.320868,2.7038,0.5424,2.1901,3.522
1.325746,1.6717,0.1789,2.0920,2.684
1.330842,1.0599,-0.3109,1.9327,2.226
1.335757,0.5462,-0.9219,1.7270,2.032
1.340758,0.0427,-1.5292,1.3310,2.028
1.345853,-0.4575,-2.0418,0.9691,2.306
1.353610,-0.7539,-2.5398,0.6605,2.730
1.355771,-1.0386,-3.0064,0.2626,3.192
1.361248,-1.5457,-3.4312,-0.2498,3.772
1.365604,-1.9755,-3.6755,-0.7874,4.246
1.370752,-2.2960,-3.8357,-1.1986,4.628
1.376103,-2.5137,-3.8836,-1.4322,4.843
1.380618,-2.7512,-3.8289,-1.6179,4.985
1.385484,-2.8943,-3.8217,-1.6757,5.078
1.390515,-2.9549,-3.7424,-1.7396,5.076
1.395660,-3.0050,-3.6108,-1.7186,5.002
1.400685,-2.9442,-3.4371,-1.6036,4.801
1.405444,-2.7915,-3.3031,-1.4088,4.548
1.410446,-2.6677,-3.0847,-1.2778,4.274
1.415489,-2.4683,-2.9359,-1.1480,4.004
1.421091,-2.2616,-2.8041,-1.0480,3.752
1.425862,-2.0897,-2.7134,-0.9681,3.559
1.430782,-1.9616,-2.5732,-0.8654,3.349
1.435581,-1.8097,-2.4602,-0.7637,3.148
1.440412,-1.5632,-2.3460,-0.7351,2.913
1.445382,-1.3625,-2.1971,-0.8371,2.717
1.455211,-1.3140,-2.0472,-1.0702,2.658
1.455683,-1.3549,-1.9347,-1.3299,2.711
1.460343,-1.3753,-1.8500,-1.5408,2.773
1.465165,-1.3848,-1.7695,-1.7281,2.835
1.470281,-1.3990,-1.6790,-1.9408,2.923
1.475836,-1.3488,-1.6310,-2.2132,3.062
1.480728,-1.2927,-1.5972,-2.4026,3.161
1.485365,-1.1919,-1.5966,-2.4715,3.175
1.490196,-1.0990,-1.5959,-2.4681,3.138
1.495116,-1.0134,-1.5329,-2.3542,2.986
1.501132,-0.8400,-1.5129,-2.1297,2.744
1.505043,-0.6625,-1.4975,-1.8754,2.490
1.510130,-0.4623,-1.4436,-1.5906,2.197
1.514950,-0.2720,-1.4038,-1.2218,1.881
1.520044,-0.0431,-1.4016,-0.8641,1.647
1.525552,0.0957,-1.3797,-0.5977,1.507
1.530280,0.1199,-1.3189,-0.3933,1.381
1.534910,0.0744,-1.2094,-0.2269,1.233
1.540384,0.0304,-1.2044,-0.1988,1.221
1.544925,0.0261,-1.2704,-0.1800,1.283
1.552057,-0.0008,-1.2540,-0.1850,1.268
1.554940,-0.0216,-1.2510,-0.3285,1.294
1.559933,-0.0519,-1.2856,-0.4764,1.372
1.564950,-0.1813,-1.3001,-0.6387,1.460
1.570016,-0.3729,-1.3474,-0.8154,1.618
1.574858,-0.5601,-1.4084,-0.9878,1.809
1.580071,-0.7577,-1.5359,-1.0699,2.019
1.584806,-0.9471,-1.6055,-1.1241,2.177
1.589904,-1.0095,-1.6463,-1.1548,2.250
1.594807,-1.0869,-1.6913,-1.0949,2.289
1.602344,-1.1612,-1.7744,-1.0009,2.345
1.612202,-1.2567,-1.8381,-0.8917,2.399
1.612998,-1.3872,-1.8777,-0.8481,2.484
1.617461,-1.4675,-1.9316,-0.8077,2.557
1.619761,-1.5592,-2.0046,-0.8228,2.670
1.624729,-1.6579,-2.0968,-0.8642,2.809
1.629812,-1.7684,-2.1555,-0.9418,2.943
1.636853,-1.9197,-2.2814,-1.0076,3.147
1.639833,-2.0694,-2.4030,-1.1334,3.368
1.646596,-2.3174,-2.5297,-1.3623,3.691
1.649572,-2.5738,-2.6141,-1.6614,4.027
1.654500,-2.8778,-2.7046,-1.9498,4.404
1.659813,-3.2542,-2.8113,-2.3483,4.900
1.664429,-3.6222,-2.9297,-2.7619,5.416
1.669483,-3.9396,-3.0649,-3.2155,5.938
1.674376,-4.2685,-3.3415,-3.5904,6.502
1.679666,-4.6288,-3.6591,-4.0073,7.133
1.684442,-5.2506,-3.9176,-4.2758,7.823
1.689548,-6.1876,-4.1368,-4.4207,8.657
1.694393,-7.3454,-4.3174,-4.5674,9.667
1.699453,-8.7650,-4.6185,-4.6117,10.928
1.704401,-10.5757,-4.9077,-4.5787,12.526
1.709446,-12.5603,-5.2432,-4.4501,14.320
1.714300,-14.3258,-5.7692,-4.2077,16.007
1.719747,-16.0748,-6.3189,-3.8886,17.704
1.724601,-17.9088,-6.7343,-3.5238,19.455
1.729457,-19.4032,-7.4918,-2.9709,21.010
1.736643,-20.4751,-8.6710,-2.7014,22.399
1.739649,-21.3339,-9.9895,-2.5448,23.694
1.748597,-22.1442,-11.4094,-2.2286,25.010
1.749894,-22.5949,-12.7774,-2.0388,26.037
1.755568,-22.6079,-14.3650,-2.5429,26.906
1.759220,-22.5894,-15.8683,-3.5773,27.837
1.764240,-22.5025,-17.4006,-4.4955,28.799
1.769200,-20.7136,-19.6378,-6.1463,29.197
1.774080,-17.9851,-21.7923,-7.8782,29.333
1.779590,-14.8150,-23.3143,-9.4567,29.197
1.787869,-11.4887,-24.0105,-10.7266,28.698
1.789062,-7.4630,-24.1667,-11.5641,27.811
1.797672,-2.5242,-23.6529,-12.3755,26.814
1.799076,3.2854,-22.5321,-13.0981,26.269
1.804089,9.7883,-20.6389,-13.8869,26.732
1.810748,17.0615,-17.7975,-14.6930,28.701
1.813986,24.5787,-14.3715,-15.7511,32.538
1.818869,31.3016,-10.4470,-17.0100,37.125
1.823905,36.4793,-6.3500,-18.0152,41.178
1.829026,39.5908,-2.5981,-18.3058,43.695
1.835000,41.3748,0.1042,-17.5313,44.936
1.838978,42.9717,1.2284,-16.8206,46.163
1.843795,42.5416,1.9205,-15.9833,45.486
1.848851,40.2664,2.5792,-14.5683,42.898
1.853741,36.9471,3.3028,-12.8279,39.250
1.858832,33.1082,3.9188,-11.0533,35.124
1.863796,29.1437,4.0485,-9.3075,30.861
1.869972,25.3937,3.5714,-7.8127,26.807
1.873845,22.1586,2.8732,-6.4767,23.264
1.879153,19.0950,2.2446,-5.0869,19.888
1.888508,16.0160,1.8583,-3.5981,16.520
1.888822,13.2341,1.6345,-2.3064,13.533
1.893600,10.8329,1.4182,-1.2427,10.996
1.898554,8.7237,1.0874,-0.2711,8.795
1.903571,6.7754,0.7017,0.4332,6.825
1.909035,5.0411,0.2594,0.8596,5.120
1.913588,3.4997,-0.2093,1.1383,3.686
1.918544,2.1045,-0.6586,1.2633,2.541
1.923517,0.7340,-1.0639,1.2164,1.775
1.928757,-0.4891,-1.4537,1.0701,1.870
1.936784,-1.5429,-1.8898,0.8347,2.578
1.938479,-2.3891,-2.3421,0.5402,3.389
1.944501,-3.0963,-2.7750,0.1538,4.161
1.948470,-3.5879,-3.1825,-0.3521,4.809
1.953324,-4.1058,-3.5932,-0.8638,5.524
1.959046,-4.5664,-3.9931,-1.4116,6.228
1.963508,-4.9237,-4.3873,-1.8923,6.861
1.968307,-5.1390,-4.7278,-2.2149,7.326
1.973114,-5.3906,-5.0023,-2.3783,7.729
1.978140,-5.6626,-5.1584,-2.4289,8.036
1.983996,-5.7785,-5.1824,-2.2129,8.071
1.988301,-5.8152,-5.0612,-1.8343,7.925
1.993199,-5.7060,-4.8915,-1.4255,7.650
1.998195,-5.4762,-4.7123,-1.0227,7.297
2.003174,-5.2365,-4.5535,-0.6890,6.974
2.008756,-4.9257,-4.3967,-0.5187,6.623
2.013148,-4.6677,-4.1372,-0.4541,6.254
2.018129,-4.4713,-3.9334,-0.4429,5.972
2.023004,-4.3315,-3.6853,-0.5528,5.714
2.028146,-4.1770,-3.3644,-0.7705,5.419
2.033851,-3.9673,-3.0669,-1.0264,5.118
2.038060,-3.6213,-2.8024,-1.3217,4.766
2.044669,-3.2965,-2.5949,-1.6625,4.513
2.047980,-3.0251,-2.4636,-1.8871,4.334
2.054280,-2.8160,-2.3224,-2.0347,4.179
2.058332,-2.6403,-2.1569,-2.0817,3.995
2.062863,-2.4630,-2.0056,-2.1099,3.813
2.067949,-2.3085,-1.8063,-2.1435,3.631
2.072817,-2.2245,-1.6500,-2.2408,3.563
2.077791,-2.1059,-1.5508,-2.3452,3.513
2.082734,-2.0292,-1.5375,-2.3663,3.476
2.087891,-1.9610,-1.4998,-2.3283,3.394
2.092747,-1.9294,-1.4330,-2.2847,3.316
2.097798,-1.9061,-1.3084,-2.0724,3.105
2.102694,-1.8385,-1.1740,-1.7535,2.799
2.107790,-1.7120,-1.0203,-1.4616,2.471
2.112661,-1.6126,-0.8951,-1.1051,2.150
2.118013,-1.4444,-0.7795,-0.7831,1.819
2.122804,-1.1922,-0.6733,-0.4481,1.441
2.127716,-0.9176,-0.5192,-0.1372,1.063
2.132833,-0.7109,-0.4515,0.1409,0.854
2.137572,-0.5288,-0.3216,0.3195,0.696
2.144504,-0.2891,-0.2445,0.4416,0.582
2.147925,-0.0874,-0.2536,0.4697,0.541
2.152590,0.0630,-0.2482,0.4172,0.490
2.157626,0.1765,-0.2572,0.2937,0.428
2.162593,0.2202,-0.2707,0.2140,0.409
2.167640,0.2228,-0.2410,0.1395,0.357
2.172447,0.2513,-0.2686,0.0746,0.375
2.177465,0.2622,-0.2719,-0.0859,0.387
2.182387,0.2466,-0.2605,-0.3047,0.471
2.187570,0.1991,-0.3300,-0.4862,0.620
2.192390,0.0670,-0.3940,-0.6355,0.751
2.197575,-0.1359,-0.4382,-0.8347,0.952
2.202636,-0.3483,-0.4626,-0.9498,1.112
2.207609,-0.5902,-0.4959,-0.9232,1.203
2.212471,-0.7852,-0.5284,-0.9042,1.309
2.217525,-0.8384,-0.5124,-0.8250,1.283
2.222350,-0.7786,-0.4529,-0.7332,1.161
2.227491,-0.6967,-0.4408,-0.5807,1.008
2.232546,-0.6453,-0.4569,-0.4481,0.909
2.237849,-0.5525,-0.4586,-0.2579,0.763
2.245206,-0.4612,-0.4982,-0.0873,0.684
2.247489,-0.3906,-0.5234,0.1178,0.664
2.256580,-0.3406,-0.5056,0.3148,0.686
2.257342,-0.4024,-0.5361,0.4134,0.788
2.262476,-0.4520,-0.5718,0.6247,0.960
2.267164,-0.5038,-0.5651,0.7627,1.075
2.272415,-0.5437,-0.5305,0.8747,1.158
2.277606,-0.5673,-0.5015,0.9756,1.235
2.282109,-0.6081,-0.5356,1.0223,1.305
2.287430,-0.6180,-0.5228,1.0342,1.313
2.292615,-0.5924,-0.4965,1.0060,1.269
2.297295,-0.5260,-0.4472,0.9187,1.149
2.302062,-0.4522,-0.3746,0.8383,1.023
2.307257,-0.2987,-0.3601,0.6880,0.832
2.312230,-0.1799,-0.3698,0.5439,0.682
2.320475,0.0200,-0.3556,0.4151,0.547
2.322553,0.1241,-0.3751,0.2631,0.475
2.327057,0.1667,-0.3993,0.1498,0.458
2.332367,0.2622,-0.4568,0.1130,0.539
2.337318,0.6790,-0.7339,-0.0350,1.000
2.345088,0.3744,-0.5844,-0.1452,0.709
2.347048,-0.2593,-0.1625,0.2333,0.385
2.356641,-0.3909,0.0672,0.5594,0.686
2.357028,-0.1985,-0.0434,0.6084,0.641
2.361787,-0.0217,-0.2400,0.5811,0.629
2.367087,0.0880,-0.3168,0.5976,0.682
2.372026,0.0971,-0.2408,0.7253,0.770
2.377357,0.1399,-0.0694,0.8300,0.845
2.382109,0.2643,0.0248,0.9167,0.954
2.386799,0.3607,0.0468,0.9187,0.988
2.392238,0.3910,0.0971,0.9126,0.998
2.396837,0.4613,0.1327,0.8932,1.014
2.401647,0.5524,0.1729,0.7694,0.963
2.406932,0.6360,0.1602,0.7088,0.966
2.411984,1.0585,0.0463,1.3499,1.716
2.417573,1.5571,0.0074,2.4838,2.932
2.421845,1.6476,0.1632,2.8469,3.293
2.426752,1.4492,0.2935,2.7642,3.135
2.431796,1.1765,0.2937,2.3448,2.640
2.436855,0.9151,0.3318,1.6500,1.916
2.445198,0.6553,0.3366,0.9128,1.173
2.446630,0.4013,0.3466,0.3521,0.636
2.456125,0.1429,0.4818,-0.1386,0.521
2.456636,-0.1203,0.5605,-0.5985,0.829
2.461383,-0.2642,0.4967,-0.8991,1.061
2.466825,-0.3271,0.4294,-1.1030,1.228
2.471528,-0.3524,0.3776,-1.1044,1.219
2.477293,-0.3353,0.3315,-0.9269,1.040
2.481414,-0.2518,0.2765,-0.6751,0.772
2.486473,-0.1834,0.1787,-0.3861,0.463
2.492489,-0.0771,0.0905,-0.1786,0.215
2.496500,0.0960,0.0023,-0.0664,0.117
2.501937,0.1351,-0.0479,-0.0344,0.147
2.506443,0.1500,-0.0122,-0.0730,0.167
2.511422,0.1935,-0.0056,-0.1393,0.238
2.516412,0.1315,0.0103,-0.2141,0.252
2.521291,0.2706,-0.0315,-0.2786,0.390
2.526323,0.3475,-0.0685,-0.3665,0.510
2.531521,0.4628,-0.0720,-0.3343,0.575
2.536921,0.4776,-0.0853,-0.2347,0.539
2.541510,0.4206,-0.0892,-0.0530,0.433
2.546200,0.1428,-0.1271,0.2259,0.296
2.554722,0.0313,-0.1896,0.4632,0.501
2.556225,-0.0190,-0.3531,0.5919,0.689
2.561604,-0.0752,-0.4355,0.6407,0.778
2.566023,-0.1708,-0.4131,0.5664,0.722
2.571026,-0.3108,-0.3721,0.4600,0.668
2.576536,-0.4330,-0.3122,0.3306,0.628
2.580972,-0.5473,-0.2717,0.2014,0.643
2.586447,-0.6825,-0.2505,0.0532,0.729
2.590980,-0.8291,-0.2580,-0.0331,0.869
2.596077,-0.9586,-0.2895,-0.0670,1.004
2.600941,-0.9847,-0.3736,-0.1106,1.059
2.606002,-0.9746,-0.3380,-0.1210,1.039
2.611082,-0.9667,-0.2260,-0.0980,0.998
2.616045,-0.8748,-0.1907,-0.0706,0.898
2.621433,-0.7172,-0.2798,-0.0720,0.773
2.625938,-0.4405,-0.3305,-0.0496,0.553
2.631326,-0.2218,-0.3333,-0.0559,0.404
2.636482,-0.3195,-0.2978,-0.0383,0.438
2.640865,-0.2641,-0.2814,0.0369,0.388
2.646075,-0.0027,-0.3226,0.0260,0.324
2.654269,0.0388,-0.2727,-0.0230,0.276
2.655824,0.0761,-0.2611,-0.0958,0.288
2.660791,0.1518,-0.2255,-0.1400,0.306
2.665731,0.1993,-0.2138,-0.1699,0.338
2.670774,0.2616,-0.2067,-0.2049,0.391
2.676379,0.3150,-0.2091,-0.1876,0.422
2.681278,0.3737,-0.2113,-0.1325,0.449
2.685645,0.3806,-0.1272,-0.1112,0.416
2.690654,0.4119,-0.0526,-0.0617,0.420
2.695770,0.4678,0.0364,-0.0703,0.474
2.700932,0.5102,0.0156,-0.1278,0.526
2.705662,0.5298,-0.0574,-0.1096,0.544
2.710579,0.5412,-0.1015,-0.0300,0.551
2.715597,0.4676,-0.1261,0.0537,0.487
2.720497,0.3854,-0.1457,0.1847,0.451
2.725614,0.3133,-0.1797,0.2485,0.438
2.730617,0.2417,-0.2088,0.3316,0.460
2.736012,0.1753,-0.2190,0.4103,0.497
2.741517,0.1377,-0.2627,0.4272,0.520
2.745954,0.0906,-0.2826,0.3968,0.495
2.756569,0.0434,-0.3361,0.3477,0.486
2.756861,-0.0136,-0.3658,0.3184,0.485
2.760520,-0.0517,-0.3907,0.3184,0.507
2.765686,-0.0615,-0.3680,0.3092,0.485
2.770254,-0.0718,-0.3262,0.2525,0.419
2.775338,-0.0588,-0.3276,0.1818,0.379
2.780311,0.0017,-0.2812,0.1354,0.312
2.785230,0.0622,-0.2397,0.0604,0.255
2.790231,0.0894,-0.2126,-0.0240,0.232
2.795528,0.1024,-0.1998,-0.0941,0.243
2.800770,0.1350,-0.1631,-0.1356,0.251
2.806028,0.0770,-0.1502,-0.1965,0.259
2.810230,0.0242,-0.1277,-0.2528,0.284
2.815212,-0.0187,-0.1194,-0.2808,0.306
2.820244,-0.0853,-0.1445,-0.2997,0.343
2.825552,-0.1569,-0.0929,-0.3140,0.363
2.830196,-0.2719,-0.0797,-0.2999,0.413
2.835419,-0.2726,-0.0280,-0.2765,0.389
2.840137,-0.2739,-0.0003,-0.3013,0.407
2.845226,-0.1749,0.0370,-0.3120,0.360
2.852988,-0.1434,0.0552,-0.2894,0.328
2.855185,-0.1122,0.0733,-0.2334,0.269
2.860655,-0.0669,0.1537,-0.1775,0.244
2.864970,-0.0218,0.2005,-0.1695,0.263
2.870135,0.0231,0.2281,-0.1232,0.260
2.875712,0.0154,0.2077,-0.0864,0.226
2.880060,0.0410,0.2352,-0.1259,0.270
2.884993,0.0091,0.2292,-0.1414,0.269
2.889827,-0.0229,0.2518,-0.1519,0.295
2.895271,-0.0740,0.2360,-0.1284,0.279
2.900750,-0.1017,0.1961,-0.0805,0.235
2.904909,-0.1345,0.1992,-0.0605,0.248
2.909799,-0.1534,0.2355,-0.0635,0.288
2.915201,-0.1298,0.2142,-0.1327,0.283
2.920263,-0.1391,0.2009,-0.1665,0.296
2.925772,-0.1151,0.1923,-0.2186,0.313
2.929793,-0.1009,0.2171,-0.2890,0.375
2.934758,-0.0726,0.2369,-0.2876,0.380
2.939767,0.0080,0.2424,-0.2818,0.372
2.945085,0.0456,0.2052,-0.2859,0.355
2.956088,0.0882,0.2493,-0.2099,0.338
2.956477,0.0932,0.2456,-0.1255,0.291
2.959730,0.0842,0.2658,-0.0468,0.283
2.964743,0.0950,0.2764,0.0119,0.293
2.969986,0.1065,0.2300,0.0032,0.254
2.974789,0.1044,0.1841,0.0416,0.216
2.979500,0.0790,0.1245,0.1222,0.191
2.984542,0.0116,0.1318,0.1831,0.226
2.989920,-0.0504,0.1058,0.2482,0.275
2.994677,-0.1168,0.1037,0.2703,0.312
2.999532,-0.1021,0.0446,0.2450,0.269
3.004639,-0.0876,-0.0473,0.2724,0.290
3.009632,-0.1113,-0.0863,0.2664,0.301
3.014627,-0.1112,-0.1249,0.2084,0.267
3.019580,-0.1206,-0.1443,0.2031,0.277
3.024712,-0.0969,-0.1253,0.1643,0.228
3.029578,-0.0350,-0.1393,-0.4273,0.451
3.034327,0.0939,-0.1618,-1.4789,1.491
3.039212,0.1463,-0.1024,-1.1238,1.138
3.044597,0.0653,-0.0479,-0.1412,0.163
3.049408,0.0849,-0.0985,0.3823,0.404
3.054278,0.1665,-0.2012,0.5078,0.571
3.059035,0.2006,-0.2889,0.4857,0.600
3.064543,0.1830,-0.3379,0.4215,0.570
3.069231,0.0804,-0.3108,0.4632,0.564
3.074336,-0.0213,-0.2461,0.5340,0.588
3.079209,-0.1081,-0.2107,0.5055,0.558
3.084223,-0.1470,-0.1759,0.4406,0.497
3.089119,-0.1336,-0.1653,0.3580,0.416
3.094117,-0.1538,-0.1645,0.2861,0.364
3.099078,-0.1980,-0.1543,0.1583,0.297
3.104387,-0.4706,-0.1489,-0.0159,0.494
3.110045,-0.4527,-0.1673,-0.1693,0.511
3.114277,-0.2936,-0.1001,-0.2645,0.408
