0.001874,-0.3978,0.3853,-0.9053,1.061
0.004045,-0.3166,0.3539,-0.9409,1.054
0.007358,-0.1887,0.3328,-0.8696,0.950
0.012313,-0.0522,0.2982,-0.7299,0.790
0.017442,0.0740,0.2023,-0.5214,0.564
0.022824,0.1999,0.1502,-0.2200,0.333
0.027793,0.6260,0.0174,-0.0584,0.629
0.032340,0.7370,0.1325,0.0408,0.750
0.037692,0.6345,0.1798,0.3069,0.727
0.042362,0.5482,0.1170,0.5293,0.771
0.047378,0.5540,0.1019,0.5515,0.788
0.053134,0.4846,0.1578,0.4465,0.678
0.057281,0.3640,0.1703,0.3054,0.505
0.064823,0.2832,0.1254,0.2280,0.385
0.067076,0.2221,0.0997,0.1470,0.284
0.074533,0.1377,0.1170,0.1336,0.225
0.077937,0.0914,0.1102,0.1494,0.207
0.082150,0.0164,0.1415,0.1227,0.188
0.088161,-0.0254,0.1345,0.1060,0.173
0.092579,-0.0628,0.1132,0.1231,0.179
0.097234,-0.0962,0.0873,0.0740,0.149
0.103992,-0.1111,0.0425,0.0590,0.133
0.106944,-0.1600,0.0219,0.0490,0.169
0.112104,-0.1951,0.0252,0.0015,0.197
0.117100,-0.1645,0.0190,0.0018,0.166
0.122622,-0.1445,-0.0726,-0.0643,0.174
0.127447,-0.1494,-0.1064,-0.0822,0.201
0.131902,-0.1788,-0.1399,-0.0907,0.244
0.136950,-0.1374,-0.1588,-0.0658,0.220
0.141920,-0.0685,-0.2154,-0.0317,0.228
0.146943,-0.0196,-0.2241,-0.0504,0.230
0.152475,-0.0049,-0.2279,-0.0828,0.243
0.156719,-0.0001,-0.2555,-0.0437,0.259
0.161714,-0.0525,-0.2827,-0.0763,0.298
0.166691,-0.1288,-0.3193,-0.1228,0.365
0.171862,-0.2146,-0.2795,-0.1496,0.383
0.176720,-0.2859,-0.2685,-0.1812,0.432
0.182280,-0.3625,-0.3146,-0.1695,0.509
0.186531,-0.4111,-0.3507,-0.1959,0.575
0.191668,-0.4649,-0.3153,-0.2123,0.600
0.196649,-0.4765,-0.3228,-0.2239,0.618
0.201546,-0.5463,-0.3255,-0.2544,0.685
0.206700,-0.6452,-0.3660,-0.2418,0.780
0.211567,-0.7121,-0.3824,-0.2052,0.834
0.216656,-0.7662,-0.3511,-0.1732,0.860
0.221968,-0.8220,-0.3343,-0.1124,0.895
0.227029,-0.8180,-0.3271,-0.0942,0.886
0.231578,-0.8021,-0.3533,-0.0371,0.877
0.237000,-0.8167,-0.3174,0.0536,0.878
0.241972,-0.8628,-0.2819,0.0929,0.912
0.246403,-0.8541,-0.2705,0.1568,0.910
0.251535,-0.8670,-0.2782,0.2219,0.937
0.256534,-0.9110,-0.2432,0.2929,0.987
0.262265,-0.9006,-0.2512,0.3508,0.999
0.266426,-0.9538,-0.2021,0.4004,1.054
0.271378,-1.0157,-0.1771,0.4615,1.130
0.276413,-1.0950,-0.1284,0.5099,1.215
0.281564,-1.1538,-0.0608,0.5599,1.284
0.286301,-1.1166,-0.0553,0.6639,1.300
0.291424,-1.0172,-0.0637,0.7407,1.260
0.296295,-0.8636,-0.0575,0.8284,1.198
0.301636,-0.6590,-0.0510,0.9479,1.156
0.306358,-0.4635,-0.0254,1.0657,1.162
0.311280,-0.3387,0.0096,1.1727,1.221
0.316215,-0.1413,0.0730,1.3742,1.383
0.321233,0.1433,0.1692,1.5797,1.595
0.326088,0.4032,0.2930,1.6502,1.724
0.331189,0.5538,0.4207,1.6565,1.797
0.336198,0.7310,0.5856,1.5971,1.851
0.341355,0.9924,0.7352,1.5102,1.951
0.346239,1.3391,0.8209,1.4295,2.124
0.351533,1.7344,0.9591,1.2813,2.360
0.356279,2.0567,1.1543,1.0576,2.585
0.365566,2.3323,1.3349,0.8283,2.812
0.366026,2.5876,1.4054,0.6044,3.006
0.371187,2.8568,1.4376,0.4230,3.226
0.376292,3.0877,1.5271,0.2351,3.453
0.381060,3.3046,1.6686,0.0874,3.703
0.386041,3.5951,1.7661,0.0342,4.006
0.390908,3.9004,1.8912,-0.0214,4.335
0.395804,4.2890,1.9765,-0.0530,4.723
0.400815,4.7378,2.0121,0.0250,5.147
0.405883,5.2526,2.1218,0.1560,5.667
0.414985,5.5959,2.2569,0.2497,6.039
0.416079,5.7686,2.3409,0.2287,6.230
0.420870,5.7246,2.3737,0.1577,6.199
0.425764,5.6883,2.3463,-0.0655,6.154
0.430928,5.6112,2.2258,-0.3514,6.047
0.437959,5.4546,2.0509,-0.6629,5.865
0.440777,5.2753,1.9035,-1.0199,5.700
0.445734,4.9079,1.7509,-1.2705,5.364
0.450917,4.5281,1.5829,-1.3764,4.990
0.455996,4.2811,1.4339,-1.2616,4.688
0.463645,4.1233,1.2087,-1.1266,4.442
0.465819,3.9440,0.9126,-1.1136,4.199
0.470897,3.7146,0.6320,-1.1112,3.928
0.475851,3.4462,0.3487,-1.0176,3.610
0.480764,3.1213,0.0617,-0.9574,3.265
0.486149,2.8753,-0.2185,-0.8278,3.000
0.490760,2.6410,-0.3868,-0.6372,2.744
0.495643,2.4285,-0.5961,-0.4796,2.546
0.500631,2.2806,-0.7984,-0.4161,2.452
0.505799,2.1169,-1.0742,-0.4356,2.413
0.512689,1.9266,-1.2900,-0.5969,2.394
0.515513,1.9016,-1.7079,-0.9520,2.728
0.520516,1.7497,-2.0403,-1.4917,3.074
0.525582,1.2508,-2.2775,-1.9680,3.260
0.530590,0.7294,-2.5676,-2.3240,3.539
0.536102,0.3126,-2.8909,-2.6261,3.918
0.540971,-0.2160,-3.1518,-2.8895,4.281
0.545530,-0.9348,-3.3267,-3.1081,4.648
0.550516,-1.6015,-3.5545,-3.3390,5.133
0.555689,-2.1132,-3.8448,-3.4333,5.571
0.561091,-2.5478,-4.0546,-3.4099,5.879
0.565564,-3.0114,-4.0517,-3.3919,6.082
0.572514,-3.4339,-4.0988,-3.4036,6.338
0.575331,-3.6149,-4.1346,-3.4205,6.470
0.581969,-3.7659,-4.1167,-3.5053,6.589
0.585794,-4.0254,-4.1124,-3.6107,6.794
0.590227,-4.4891,-4.1365,-4.1337,7.372
0.595346,-5.0213,-4.3237,-4.8788,8.229
0.600341,-5.6742,-4.4243,-5.5036,9.059
0.605073,-6.3568,-4.4497,-6.0152,9.818
0.610664,-6.9605,-4.5203,-6.3149,10.429
0.615127,-7.4585,-4.6416,-6.2793,10.798
0.620103,-7.7661,-4.7951,-5.8801,10.857
0.625338,-7.9142,-4.9340,-5.1266,10.642
0.630289,-7.9454,-5.0534,-4.1771,10.301
0.635026,-8.1058,-5.2120,-3.2396,10.167
0.640014,-8.6741,-5.2624,-2.5938,10.472
0.645044,-9.4746,-5.4780,-2.2528,11.174
0.650000,-10.0256,-5.8726,-2.1688,11.820
0.655338,-10.5564,-6.0918,-2.1781,12.381
0.661223,-11.2992,-6.3287,-2.1033,13.121
0.665195,-12.1581,-6.7114,-2.0334,14.036
0.671301,-12.9056,-7.1859,-2.0239,14.909
0.674871,-13.3718,-7.8461,-2.1243,15.649
0.680355,-13.6291,-8.6366,-2.2631,16.293
0.688930,-13.7309,-9.3186,-2.3453,16.759
0.689982,-13.6670,-10.0831,-2.5030,17.167
0.694748,-13.4893,-11.0198,-2.7039,17.627
0.699727,-13.0313,-11.9855,-2.8960,17.940
0.704862,-12.3548,-12.7319,-2.9932,17.992
0.709867,-11.4006,-13.3412,-3.0203,17.807
0.714817,-10.1960,-13.9248,-3.2435,17.561
0.719748,-8.6591,-14.3301,-3.7003,17.147
0.724775,-6.7063,-14.4358,-4.5801,16.563
0.729861,-3.9483,-14.0551,-5.8654,15.733
0.734697,-0.2271,-12.9809,-7.6725,15.081
0.739569,4.4461,-11.2394,-10.1029,15.753
0.744548,10.0626,-8.8934,-13.0189,18.704
0.749614,15.8587,-6.2639,-15.7107,23.185
0.755093,21.6210,-3.3350,-17.7430,28.167
0.759720,26.9383,-0.4927,-18.8566,32.886
0.764775,31.5121,2.0944,-18.8930,36.801
0.774808,34.7397,4.4431,-18.0533,39.402
0.775305,36.4344,6.4526,-16.4921,40.510
0.781224,36.9663,7.9137,-14.7193,40.568
0.784564,36.3144,8.3987,-12.8545,39.427
0.789486,34.1413,8.2686,-10.7038,36.723
0.794408,31.1371,7.8095,-8.3441,33.168
0.799454,27.9555,6.9640,-5.8175,29.391
0.804740,24.5236,5.9547,-3.5056,25.479
0.809688,21.2182,4.8685,-1.5959,21.828
0.814722,18.3563,3.8006,-0.0606,18.746
0.819377,16.2269,2.5973,1.2497,16.481
0.824316,14.1476,1.5826,1.9907,14.374
0.829585,11.7718,0.7875,2.0180,11.969
0.834424,9.3788,-0.0792,1.5367,9.504
0.839372,7.0726,-1.0554,0.5051,7.169
0.844204,4.8306,-2.0591,-0.8593,5.321
0.849468,2.6492,-3.0220,-2.2592,4.610
0.854346,0.4775,-3.9191,-3.6514,5.378
0.859262,-1.5015,-4.8211,-4.8777,7.021
0.864377,-3.3278,-5.7023,-5.8371,8.813
0.871747,-5.0582,-6.5462,-6.5417,10.547
0.874208,-6.6371,-7.3469,-6.8995,12.068
0.879973,-8.3655,-8.0478,-7.0096,13.560
0.884020,-10.3307,-8.5313,-6.9478,15.092
0.889111,-12.4875,-8.8144,-6.8909,16.766
0.894203,-15.0993,-8.8867,-6.8657,18.818
0.899155,-17.9481,-8.9813,-6.7166,21.164
0.904231,-20.2665,-9.2122,-6.3263,23.143
0.909169,-21.9037,-9.0908,-5.4873,24.342
0.914345,-23.1238,-8.8895,-4.1769,25.123
0.924334,-23.7820,-9.0414,-2.5668,25.572
0.924787,-23.9804,-9.3944,-0.9413,25.772
0.930301,-23.6823,-9.9296,0.3242,25.682
0.934021,-23.0825,-10.8323,1.3412,25.533
0.939198,-22.2554,-11.7032,2.0773,25.231
0.945965,-21.3602,-12.6016,2.2942,24.906
0.948780,-20.3487,-13.6094,1.8108,24.547
0.953774,-19.1845,-14.6443,0.7618,24.147
0.958895,-17.7439,-15.4301,-0.6778,23.524
0.964209,-16.3714,-15.7987,-2.4971,22.888
0.970045,-15.2030,-15.8947,-4.5223,22.455
0.973784,-13.8304,-15.9439,-6.5861,22.110
0.983430,-12.1572,-15.9341,-8.3744,21.721
0.983758,-10.0464,-15.7887,-9.6656,21.063
0.990257,-7.5467,-15.4042,-10.5533,20.140
0.993630,-4.7787,-14.7115,-11.0973,19.037
0.998669,-1.5652,-13.7517,-11.3700,17.912
1.003535,2.1409,-12.5104,-11.6986,17.261
1.008633,6.2079,-10.9321,-12.2389,17.545
1.013954,10.3876,-8.9482,-12.8862,18.816
1.019192,14.9564,-6.8803,-13.4650,21.268
1.024041,19.6161,-4.6852,-14.1041,24.610
1.028598,23.6853,-2.3442,-14.6390,27.943
1.033577,26.9506,-0.1291,-14.9330,30.811
1.039388,29.2088,1.7911,-14.8573,32.819
1.043796,30.3183,3.4069,-14.2997,33.694
1.048442,30.3397,4.6778,-13.2728,33.445
1.054820,29.1780,5.5337,-11.8345,31.969
1.058577,26.6027,6.2393,-9.7863,29.024
1.063686,24.6702,5.8740,-7.2148,26.366
1.070430,24.2680,4.2286,-5.8380,25.316
1.073367,21.2735,3.9949,-4.0015,22.012
1.078952,18.0238,4.2206,-1.8835,18.607
1.083832,15.6256,4.1286,-0.3400,16.165
1.088442,13.5405,3.5555,0.8020,14.022
1.094060,11.6033,2.8587,1.5223,12.047
1.098238,9.7875,2.4324,2.0719,10.296
1.103193,8.1783,2.0986,2.3599,8.767
1.108247,6.7408,1.6853,2.2890,7.316
1.113410,5.4846,1.2295,2.0065,5.968
1.118542,4.3887,0.6981,1.5018,4.691
1.123162,3.4657,0.1824,0.9750,3.605
1.128219,2.6761,-0.3367,0.5779,2.758
1.133459,1.9863,-0.7897,0.2168,2.148
1.138642,1.1922,-1.2383,-0.2051,1.731
1.143713,0.5430,-1.6177,-0.4553,1.766
1.148019,-0.0151,-1.8611,-0.6628,1.976
1.152936,-0.5160,-2.1168,-0.8175,2.327
1.158200,-0.9991,-2.3271,-0.9955,2.721
1.162948,-1.4887,-2.4764,-1.0981,3.091
1.171703,-1.8241,-2.7205,-1.1057,3.457
1.173395,-2.0780,-2.9623,-1.1018,3.782
1.180488,-2.2132,-3.1253,-1.0573,3.973
1.183227,-2.2164,-3.2673,-1.0440,4.084
1.188083,-2.2941,-3.4222,-1.2008,4.291
1.192778,-2.4752,-3.5417,-1.5076,4.576
1.198087,-2.6522,-3.6085,-1.7672,4.814
1.203537,-2.7676,-3.6367,-1.9217,4.958
1.208058,-2.8652,-3.5742,-1.9526,4.980
1.213673,-2.8691,-3.4790,-1.8074,4.858
1.218085,-2.6788,-3.5332,-1.5627,4.701
1.223110,-2.5167,-3.4071,-1.3270,4.439
1.227942,-2.4208,-3.2832,-1.1110,4.228
1.232895,-2.3694,-3.1809,-0.8989,4.067
1.238560,-2.2570,-3.1341,-0.6334,3.914
1.242859,-2.0161,-2.9945,-0.3625,3.628
1.247785,-1.7994,-2.8058,-0.1963,3.339
1.252683,-1.6084,-2.6544,-0.1490,3.107
1.257817,-1.4530,-2.4732,-0.1208,2.871
1.263257,-1.3254,-2.3485,-0.1361,2.700
1.267613,-1.2590,-2.1895,-0.1861,2.533
1.272652,-1.0428,-2.1589,-0.1951,2.405
1.280120,-0.8489,-2.1129,-0.1737,2.284
1.282719,-0.7742,-1.9086,-0.2465,2.074
1.287644,-0.6569,-1.6797,-0.3327,1.834
1.292511,-0.5081,-1.3882,-0.4135,1.535
1.297624,-0.4325,-1.1251,-0.5950,1.344
1.302562,-0.3339,-0.9237,-0.8296,1.286
1.307873,-0.2694,-0.7648,-1.0177,1.301
1.312456,-0.3069,-0.6483,-1.2554,1.446
1.317485,-0.4238,-0.5784,-1.4327,1.602
1.322912,-0.6218,-0.5171,-1.5454,1.744
1.327335,-0.9347,-0.4644,-1.5748,1.889
1.332353,-1.2241,-0.4922,-1.4921,1.992
1.337932,-1.3760,-0.5192,-1.3261,1.980
1.342203,-1.5456,-0.6511,-1.1620,2.040
1.347257,-1.6631,-0.7771,-0.9369,2.061
1.352212,-1.7974,-0.8738,-0.6788,2.111
1.357444,-1.8579,-0.9511,-0.4591,2.137
1.362318,-1.8067,-1.0568,-0.2343,2.106
1.367280,-1.7107,-1.1576,-0.0659,2.067
1.372361,-1.6524,-1.1821,0.0661,2.033
1.382060,-1.6051,-1.1824,0.1233,1.997
1.383180,-1.5461,-1.1828,0.1253,1.951
1.387191,-1.5425,-1.1787,0.0196,1.941
1.392046,-1.5512,-1.2563,-0.1897,2.005
1.397363,-1.5724,-1.2767,-0.4933,2.085
1.401997,-1.6169,-1.3412,-0.8818,2.278
1.407172,-1.6735,-1.4826,-1.1735,2.525
1.412025,-1.7721,-1.6199,-1.3495,2.754
1.417178,-1.9414,-1.7916,-1.5058,3.041
1.422011,-2.0814,-1.9788,-1.5758,3.276
1.427032,-2.2496,-2.1528,-1.6170,3.509
1.431968,-2.4562,-2.2615,-1.6341,3.717
1.437307,-2.6237,-2.3812,-1.6848,3.923
1.443126,-2.8340,-2.5648,-1.7450,4.202
1.454365,-3.0302,-2.7167,-1.8487,4.470
1.455101,-3.3365,-2.8324,-2.0439,4.830
1.459978,-3.7054,-2.9838,-2.3120,5.289
1.461677,-4.0752,-3.0613,-2.7302,5.782
1.466723,-4.4418,-3.1896,-3.2039,6.338
1.471777,-4.8349,-3.3308,-3.5908,6.882
1.479348,-5.1883,-3.4709,-3.9541,7.389
1.481833,-5.5166,-3.7342,-4.1988,7.874
1.486873,-5.8022,-3.9775,-4.3211,8.256
1.491702,-6.0840,-4.2009,-4.2637,8.535
1.496850,-6.4678,-4.4810,-4.2132,8.925
1.502085,-6.9119,-4.7941,-4.0587,9.340
1.506680,-7.4748,-5.0447,-3.7236,9.756
1.511589,-8.3434,-5.2421,-3.4028,10.425
1.516701,-9.2744,-5.5556,-3.0320,11.228
1.521634,-10.1158,-6.0225,-2.6482,12.067
1.526987,-10.8804,-6.4991,-2.1494,12.855
1.531620,-11.4378,-7.0807,-1.7770,13.569
1.536678,-12.4425,-7.5229,-1.3790,14.605
1.541515,-13.6263,-7.8100,-0.7107,15.722
1.546649,-14.1745,-8.4211,-0.3190,16.490
1.552008,-14.1864,-9.3995,-0.1377,17.018
1.556589,-13.8817,-10.6497,0.0948,17.496
1.561964,-13.2485,-11.9702,0.3433,17.858
1.566531,-12.2193,-13.1359,0.6162,17.951
1.571550,-10.7026,-14.2083,0.8139,17.807
1.579920,-8.9586,-15.0590,0.7645,17.539
1.581538,-7.2935,-15.5966,0.1916,17.219
1.586439,-5.6006,-15.9609,-1.2223,16.959
1.591411,-3.8835,-16.0679,-3.2865,16.854
1.596446,-1.9799,-15.6444,-5.8956,16.835
1.601972,-0.0964,-14.3747,-8.6961,16.801
1.606432,1.9159,-12.6029,-11.4405,17.129
1.611245,4.4452,-10.8692,-13.8585,18.165
1.616310,7.4864,-9.1721,-15.8444,19.779
1.621544,10.8847,-6.9091,-16.9758,21.316
1.626933,16.2108,-4.8637,-17.6294,24.439
1.631221,21.9741,-2.5090,-18.4543,28.805
1.638154,27.2689,0.0190,-18.8295,33.138
1.641263,31.6390,2.1784,-18.4896,36.710
1.646287,34.7086,3.9663,-17.4342,39.043
1.653162,36.2178,5.4704,-15.7371,39.866
1.656352,36.9385,5.6340,-13.8799,39.860
1.661166,35.6500,5.5400,-12.0562,38.039
1.666105,33.0848,5.1792,-9.6931,34.862
1.671052,30.1629,4.4469,-7.6068,31.424
1.678527,27.0563,3.3183,-5.8874,27.888
1.681172,23.5870,1.9885,-4.7305,24.139
1.686069,19.7372,0.7958,-4.0888,20.172
1.691004,16.1122,-0.1542,-3.8344,16.563
1.696106,13.0598,-0.9542,-3.7806,13.629
1.700940,10.4951,-1.6971,-3.7869,11.286
1.706028,8.2057,-2.3504,-3.8382,9.359
1.710870,6.0888,-2.9590,-3.9104,7.818
1.716007,4.1754,-3.5252,-4.0083,6.777
1.720861,2.2561,-3.9775,-4.1412,6.169
1.725904,0.1457,-4.3772,-4.1908,6.062
1.730845,-2.1428,-4.5858,-4.0581,6.488
1.735808,-4.2631,-4.6647,-3.8710,7.411
1.740655,-6.0742,-4.7765,-3.6540,8.548
1.745803,-7.3011,-5.0653,-3.6288,9.599
1.750731,-9.2298,-4.7466,-3.1003,10.832
1.755807,-10.5786,-4.5184,-2.6269,11.799
1.760729,-11.2442,-4.5444,-2.2847,12.341
1.765965,-11.6761,-4.6162,-1.8611,12.693
1.771100,-11.9872,-4.6024,-1.3580,12.912
1.775824,-12.1072,-4.4150,-0.7860,12.911
1.780598,-11.8189,-4.1333,-0.0486,12.521
1.785578,-11.2318,-3.8072,0.7085,11.881
1.790714,-10.3700,-3.6299,1.2620,11.059
1.795826,-9.2302,-3.5926,1.7366,10.056
1.800664,-7.9523,-3.6050,2.1516,8.992
1.805705,-6.6705,-3.5860,2.3348,7.925
1.810492,-5.5295,-3.4450,2.2667,6.898
1.815451,-4.5871,-3.2441,2.0182,5.970
1.820504,-3.8068,-3.0452,1.5397,5.112
1.825540,-3.1763,-2.8382,0.9104,4.356
1.830428,-2.6074,-2.6799,0.2760,3.749
1.835416,-2.0693,-2.4455,-0.1838,3.209
1.840259,-1.6083,-2.0918,-0.5379,2.693
1.845378,-1.3341,-1.6764,-0.7820,2.281
1.850188,-1.2170,-1.2183,-0.9270,1.956
1.855562,-0.9983,-0.8992,-1.1418,1.763
1.861140,-0.7261,-0.6469,-1.4371,1.735
1.865974,-0.5917,-0.4706,-1.6750,1.838
1.870320,-0.3796,-0.2794,-1.8229,1.883
1.875719,-0.1575,-0.1498,-1.9244,1.937
1.880784,-0.0159,-0.0911,-1.9748,1.977
1.888660,0.1553,-0.0316,-1.7540,1.761
1.890235,0.3084,-0.0479,-1.5248,1.556
1.895298,0.3620,-0.0490,-1.2817,1.333
1.900113,0.4027,-0.0353,-0.9323,1.016
1.905602,0.4299,-0.0162,-0.5957,0.735
1.910460,0.5159,0.0508,-0.2657,0.582
1.915313,0.5935,0.0701,0.0011,0.598
1.920221,0.6532,0.0751,0.1812,0.682
1.925427,0.7193,0.0897,0.1987,0.752
1.930097,0.7820,0.0706,0.2075,0.812
1.935520,0.8321,0.1235,0.2307,0.872
1.940069,0.8360,0.1092,0.2114,0.869
1.945100,0.8466,0.1475,0.1833,0.879
1.950261,0.8015,0.1617,0.1416,0.830
1.955181,0.7485,0.1377,0.0241,0.761
1.960411,0.6728,0.0944,-0.1354,0.693
1.965634,0.5986,0.0514,-0.3476,0.694
1.969913,0.5253,0.0517,-0.4689,0.706
1.975110,0.4622,0.0571,-0.6631,0.810
1.980212,0.3947,0.0295,-0.8302,0.920
1.990005,0.3036,-0.0023,-0.9416,0.989
1.990367,0.2267,-0.0718,-1.0019,1.030
1.995003,0.1500,-0.1835,-0.9786,1.007
1.999873,0.0633,-0.2944,-0.8664,0.917
2.005151,-0.0387,-0.3712,-0.7607,0.847
2.010483,-0.1275,-0.4713,-0.5366,0.725
2.014975,-0.2324,-0.5089,-0.2460,0.611
2.019818,-0.3011,-0.5561,0.1170,0.643
2.024976,-0.3096,-0.6033,0.4324,0.804
2.029888,-0.2918,-0.6509,0.7308,1.021
2.035593,-0.2431,-0.6513,1.0897,1.293
2.039702,-0.1201,-0.6671,1.3901,1.547
2.044748,0.0297,-0.6363,1.5850,1.708
2.049717,0.1923,-0.6020,1.6079,1.728
2.054906,0.2535,-0.5500,1.6071,1.717
2.061181,0.2900,-0.5327,1.5345,1.650
2.064783,0.2779,-0.4639,1.3798,1.482
2.069605,0.2990,-0.3721,1.1425,1.238
2.075067,0.2815,-0.3145,0.8695,0.967
2.081715,0.2640,-0.2526,0.5743,0.681
2.090600,0.2751,-0.1813,0.3663,0.493
2.090997,0.3293,-0.0671,0.1968,0.389
2.094545,0.3212,-0.0533,0.0700,0.333
2.099519,0.2799,0.0898,-0.0051,0.294
2.104711,0.3058,0.1661,-0.1003,0.362
2.110568,0.3848,0.1279,-0.1539,0.434
2.114734,0.4354,0.1284,-0.1708,0.485
2.119427,0.4055,0.0911,-0.1460,0.441
2.124578,0.4051,0.1162,-0.0840,0.430
2.129707,0.4196,0.0986,0.0342,0.432
2.134594,0.4491,0.0572,0.0797,0.460
2.139360,0.5128,0.0495,0.1538,0.538
2.144350,0.5627,0.0895,0.2518,0.623
2.149381,0.7385,0.0430,0.4993,0.892
2.154426,1.3573,-0.0284,1.2525,1.847
2.159253,1.9885,0.0091,1.9324,2.773
2.164411,1.3998,0.3425,1.5805,2.139
2.171216,0.8692,0.4887,0.7461,1.245
2.174496,1.0869,0.4052,0.1951,1.176
2.182862,1.3593,0.3890,-0.1020,1.418
2.184224,1.3560,0.5022,-0.3521,1.488
2.189333,1.2203,0.5777,-0.6136,1.483
2.194441,1.0859,0.5485,-0.8631,1.492
2.199339,0.9861,0.5154,-1.0671,1.542
2.204197,0.7823,0.4256,-1.1635,1.465
2.209111,0.6034,0.4085,-1.1759,1.383
2.214471,0.4633,0.3296,-1.0226,1.170
2.219046,0.2993,0.1460,-0.7460,0.817
2.224491,0.1206,0.0154,-0.5471,0.560
2.229086,-0.0209,-0.0335,-0.4107,0.413
2.233992,-0.2159,-0.0585,-0.2982,0.373
2.239149,-0.3066,-0.1267,-0.1468,0.363
2.244042,-0.3268,-0.1998,-0.0330,0.384
2.249307,-0.4201,-0.1870,0.0628,0.464
2.254050,-0.3953,-0.1651,0.1644,0.459
2.259228,-0.3573,-0.1723,0.1909,0.440
2.263952,-0.3488,-0.1703,0.2663,0.471
2.273005,-0.2456,-0.1209,0.2809,0.392
2.273998,-0.1671,-0.1388,0.3348,0.399
2.282369,-0.0846,-0.0996,0.4041,0.425
2.284183,-0.0264,-0.0274,0.4363,0.438
2.288743,0.0122,0.0015,0.3926,0.393
2.293898,0.0410,0.0397,0.2683,0.274
2.298808,0.0699,0.0682,0.1299,0.163
2.303851,0.0892,0.1159,0.0633,0.159
2.308583,0.1421,0.1637,0.0059,0.217
2.313872,0.1379,0.2163,-0.0278,0.258
2.318989,0.1146,0.1972,-0.0524,0.234
2.323995,0.1107,0.1639,-0.0774,0.212
2.328763,0.0975,0.1594,-0.1073,0.216
2.333726,0.0559,0.1741,-0.1374,0.229
2.339057,0.0478,0.1172,-0.1820,0.222
2.343982,-0.0224,0.0842,-0.1787,0.199
2.348571,-0.0977,0.0082,-0.1610,0.189
2.353717,-0.1874,-0.0390,-0.1670,0.254
2.358481,-0.2871,-0.0719,-0.1679,0.340
2.363597,-0.3345,-0.0953,-0.1589,0.382
2.371093,-0.3970,-0.1141,-0.2308,0.473
2.373841,-0.4985,-0.1520,-0.3166,0.610
2.382014,-0.5054,-0.1374,-0.2776,0.593
2.383562,-0.4701,-0.1995,-0.2815,0.583
2.388652,-0.4406,-0.1851,-0.2465,0.538
2.393886,-0.4263,-0.1949,-0.2254,0.520
2.398483,-0.4175,-0.2144,-0.1559,0.495
2.403960,-0.3854,-0.2101,-0.1289,0.458
2.408367,-0.3300,-0.2156,-0.1397,0.418
2.413532,-0.2418,-0.2309,-0.0733,0.342
2.418778,-0.1874,-0.1842,-0.0350,0.265
2.423316,-0.1523,-0.1855,0.0136,0.240
2.428360,-0.1414,-0.1536,0.0197,0.210
2.433699,-0.1067,-0.1457,0.0118,0.181
2.438738,-0.0958,-0.1475,-0.0151,0.176
2.443639,-0.0801,-0.1779,-0.0180,0.196
2.448450,-0.0548,-0.1605,0.0366,0.173
2.453278,0.0039,-0.1049,0.1296,0.167
2.458014,0.0147,-0.1164,0.2276,0.256
2.463883,-0.0033,-0.1137,0.2543,0.279
2.472774,-0.0068,-0.1686,0.2529,0.304
2.473660,-0.0154,-0.2093,0.2809,0.351
2.482434,-0.0576,-0.1878,0.2616,0.327
2.483114,-0.0378,-0.1474,0.2285,0.275
2.488075,-0.0566,-0.1884,0.1671,0.258
2.493757,-0.0228,-0.2056,0.1586,0.261
2.498157,-0.0181,-0.1654,0.2175,0.274
2.503182,-0.0086,-0.1397,0.2387,0.277
2.507898,0.0105,-0.0855,0.1980,0.216
2.513639,0.0151,-0.0887,0.1624,0.186
2.518717,-0.0044,-0.1159,0.1412,0.183
2.523496,-0.0286,-0.1048,0.1249,0.166
2.527956,-0.0527,-0.0984,0.0940,0.146
2.533042,-0.0580,-0.0345,0.0389,0.078
2.538515,0.0326,0.0008,0.0022,0.033
2.542950,0.0613,-0.0067,-0.0256,0.067
2.547741,0.0808,-0.0188,-0.0497,0.097
2.552848,0.1345,-0.0736,-0.0555,0.163
2.557808,0.1686,-0.1129,0.0284,0.205
2.562791,0.1462,-0.1565,0.1206,0.246
2.567729,0.0723,-0.1378,0.1735,0.233
2.573025,0.0515,-0.1334,0.1828,0.232
2.583223,0.0453,-0.1004,0.1250,0.167
2.583547,0.0204,-0.0913,0.0432,0.103
2.587623,-0.0137,-0.0868,0.0422,0.098
2.593427,-0.0949,-0.0823,0.0694,0.143
2.597926,-0.1803,-0.0397,0.0533,0.192
2.602789,-0.2463,-0.0069,0.0133,0.247
2.607722,-0.2265,0.0161,-0.0695,0.237
2.612759,-0.1976,0.0344,-0.1378,0.243
2.617658,-0.2642,0.0194,-0.2061,0.336
2.622671,-0.3213,0.0093,-0.2364,0.399
2.627487,-0.3260,-0.0243,-0.2145,0.391
2.633001,-0.2788,0.0422,-0.1931,0.342
2.638107,-0.2654,0.1129,-0.2195,0.362
2.643754,-0.2285,0.1119,-0.2554,0.360
2.647440,-0.1873,0.1203,-0.3148,0.386
2.652407,-0.1893,0.1573,-0.3361,0.417
2.657390,-0.2247,0.1227,-0.3623,0.444
2.662383,-0.2219,0.1313,-0.3363,0.424
2.667243,-0.1763,0.1494,-0.3060,0.383
2.673030,-0.1407,0.1436,-0.2666,0.334
2.679786,-0.1340,0.1664,-0.2229,0.309
2.682263,-0.1370,0.1272,-0.1983,0.273
2.687190,-0.1547,0.1214,-0.1498,0.247
2.692242,-0.1297,0.1251,-0.1297,0.222
2.697390,-0.0815,0.1381,-0.1236,0.202
2.702844,-0.0243,0.1509,-0.1217,0.195
2.707118,0.0942,0.1303,-0.0956,0.187
2.712202,0.1596,0.1143,-0.0640,0.207
2.717288,0.1533,0.1173,-0.0035,0.193
2.722322,0.1613,0.1010,0.0005,0.190
2.727188,0.1931,0.0990,-0.0329,0.219
2.732292,0.2153,0.0779,-0.0655,0.238
2.738266,0.1755,0.0426,-0.0450,0.186
2.742184,0.1647,0.0264,-0.0004,0.167
2.747472,0.1634,0.0340,0.0538,0.175
2.752263,0.1812,0.0606,0.0508,0.198
2.757663,0.1942,0.0441,-0.0138,0.200
2.762681,0.1883,0.0421,0.0027,0.193
2.766900,0.2016,0.0354,0.0282,0.207
2.772651,0.1767,0.0384,0.0434,0.186
2.781207,0.2045,0.0226,0.0200,0.207
2.782036,0.2041,-0.0263,0.0437,0.210
2.786834,0.2280,-0.0651,0.1095,0.261
2.792044,0.2047,-0.0180,0.1600,0.260
2.797283,0.1678,-0.0187,0.2432,0.296
2.802034,0.1267,-0.0479,0.3492,0.375
2.807190,0.0720,-0.0958,0.3830,0.401
2.811986,0.0084,-0.1244,0.4452,0.462
2.816889,-0.0216,-0.1385,0.4834,0.503
2.822706,-0.0846,-0.1526,0.5168,0.545
2.826918,-0.1331,-0.1714,0.5789,0.618
2.832215,-0.1722,-0.1521,0.5507,0.597
2.836734,-0.2162,-0.0999,0.4708,0.528
2.841787,-0.1702,-0.0766,0.3535,0.400
2.847103,-0.1818,-0.0248,0.2416,0.303
2.852079,-0.1605,-0.0066,0.1252,0.204
2.856722,-0.1633,-0.0217,0.0897,0.188
2.861700,-0.1428,-0.0079,0.0157,0.144
2.866567,-0.1130,0.0155,0.0032,0.114
2.874036,-0.0883,0.0485,-0.1056,0.146
2.882761,-0.0395,0.0487,-1.1243,1.126
2.883121,0.0235,0.0641,-1.4497,1.451
2.886446,0.0195,0.0512,-0.2961,0.301
2.891529,0.0535,-0.0616,0.5307,0.537
2.896879,0.1400,-0.1549,0.6683,0.700
2.902161,0.1696,-0.2099,0.6024,0.660
2.906554,0.1662,-0.1698,0.5959,0.641
2.911538,0.1107,-0.0639,0.6387,0.651
2.916444,0.0603,-0.0116,0.6639,0.667
2.921597,0.0100,0.0066,0.5529,0.553
2.927002,-0.0591,0.0529,0.3680,0.376
2.931444,-0.1424,0.0322,0.1471,0.207
2.936281,-0.1926,0.0735,-0.0483,0.212
2.941645,-0.2382,0.1051,-0.2667,0.373
2.946421,-0.1553,0.1130,-0.5419,0.575
2.952235,-0.0923,0.1783,-0.6788,0.708
