0.001591,-0.0453,0.1685,-0.3835,0.421
0.006093,-0.0854,0.2146,-0.3605,0.428
0.011074,-0.0396,0.2652,-0.3341,0.428
0.015542,0.0155,0.2445,-0.3043,0.391
0.020589,0.0657,0.2432,-0.2998,0.392
0.025583,0.2398,0.1281,-0.3203,0.420
0.030462,0.3232,0.0617,-0.2513,0.414
0.035446,0.1833,0.1290,-0.1886,0.293
0.040386,0.1496,0.1389,-0.0888,0.223
0.045480,0.1593,-0.0271,-0.0141,0.162
0.050688,0.1695,-0.0823,0.0265,0.190
0.055608,0.1181,0.0623,0.2434,0.278
0.060418,0.2148,0.1198,0.4503,0.513
0.066014,0.2253,0.0910,0.5144,0.569
0.070872,0.1932,0.0477,0.5939,0.626
0.075316,0.1948,0.0329,0.5652,0.599
0.085367,0.1440,0.0701,0.5289,0.553
0.085728,0.1221,0.0829,0.4658,0.489
0.090310,0.0334,0.1001,0.3805,0.395
0.095585,-0.0026,0.1170,0.2825,0.306
0.100140,0.0230,0.1241,0.1859,0.225
0.105227,0.0623,0.1264,0.0997,0.173
0.110023,0.0492,0.0860,0.0142,0.100
0.115067,0.0599,0.1029,-0.0233,0.121
0.120078,0.0325,0.0675,-0.0608,0.097
0.125114,0.0624,0.0516,-0.0985,0.127
0.130721,0.0589,0.0454,-0.1222,0.143
0.135049,0.1272,0.0251,-0.1462,0.195
0.140000,0.1431,0.0003,-0.2086,0.253
0.145114,0.1213,-0.0193,-0.2285,0.259
0.150149,0.0952,-0.0481,-0.2348,0.258
0.155660,0.0509,-0.1003,-0.2132,0.241
0.160085,-0.0167,-0.1234,-0.2400,0.270
0.165294,-0.0504,-0.1604,-0.2052,0.265
0.170041,-0.1172,-0.1591,-0.1615,0.255
0.175090,-0.1647,-0.1767,-0.1469,0.283
0.184751,-0.1645,-0.1942,-0.1180,0.281
0.185151,-0.1930,-0.2306,-0.0274,0.302
0.190495,-0.1740,-0.2477,-0.0036,0.303
0.195166,-0.1551,-0.2649,0.0347,0.309
0.199729,-0.1554,-0.2630,0.0116,0.306
0.204929,-0.1795,-0.2850,0.0130,0.337
0.209800,-0.2133,-0.2547,0.0099,0.332
0.214720,-0.2518,-0.2722,-0.0260,0.372
0.219956,-0.2713,-0.2610,-0.0615,0.381
0.225073,-0.2672,-0.2452,-0.0966,0.375
0.230491,-0.2634,-0.2580,-0.1124,0.385
0.234787,-0.2741,-0.3087,-0.1520,0.440
0.239720,-0.2802,-0.2686,-0.1581,0.419
0.244789,-0.2959,-0.2621,-0.1740,0.432
0.250656,-0.2784,-0.2602,-0.2282,0.444
0.255515,-0.2895,-0.2251,-0.2492,0.443
0.259650,-0.3148,-0.2233,-0.2704,0.471
0.264580,-0.2970,-0.2404,-0.2684,0.467
0.269514,-0.2747,-0.2288,-0.2336,0.427
0.274752,-0.2715,-0.2124,-0.2234,0.411
0.284403,-0.2683,-0.1438,-0.1897,0.359
0.284747,-0.3031,-0.1232,-0.1662,0.367
0.289571,-0.3140,-0.1123,-0.1240,0.356
0.294558,-0.3440,-0.1156,-0.1108,0.379
0.299522,-0.3551,-0.1379,-0.1026,0.394
0.305508,-0.3997,-0.1600,-0.0804,0.438
0.309863,-0.4208,-0.1295,-0.0300,0.441
0.314432,-0.4236,-0.1231,0.0154,0.441
0.319457,-0.4223,-0.0977,0.0985,0.444
0.324612,-0.3647,-0.1106,0.1671,0.416
0.330658,-0.3179,-0.0665,0.2261,0.396
0.334414,-0.2721,-0.0846,0.2756,0.396
0.339293,-0.2177,-0.1265,0.2778,0.375
0.344382,-0.1594,-0.1015,0.2755,0.334
0.350077,-0.1399,-0.0578,0.2832,0.321
0.354239,-0.1400,-0.0573,0.2531,0.295
0.359222,-0.1311,-0.0236,0.2473,0.281
0.364130,-0.1372,0.0145,0.2657,0.299
0.369408,-0.1486,0.0379,0.2702,0.311
0.374308,-0.1466,0.1039,0.2419,0.301
0.379172,-0.1122,0.1929,0.2095,0.306
0.385463,-0.0741,0.2528,0.1870,0.323
0.389081,0.0154,0.2693,0.1934,0.332
0.394267,0.0846,0.2762,0.2145,0.360
0.399077,0.1576,0.3257,0.2882,0.463
0.404905,0.1964,0.3414,0.3571,0.532
0.409448,0.2297,0.3710,0.4312,0.613
0.414168,0.2385,0.3621,0.5439,0.696
0.419015,0.2469,0.3483,0.5905,0.729
0.424138,0.2780,0.3959,0.6767,0.832
0.428950,0.3320,0.4191,0.7213,0.898
0.433846,0.4088,0.4464,0.7343,0.952
0.438829,0.3989,0.5064,0.7732,1.007
0.444074,0.4408,0.5511,0.7948,1.063
0.449128,0.5723,0.6285,0.8084,1.173
0.453901,0.5639,0.7382,0.7671,1.205
0.458903,0.5837,0.7659,0.6754,1.176
0.463859,0.6604,0.7837,0.6237,1.200
0.468802,0.7557,0.8156,0.5971,1.262
0.474155,0.8937,0.8186,0.4808,1.304
0.478860,0.9556,0.8503,0.3984,1.340
0.484125,0.9748,0.8720,0.4124,1.371
0.491308,1.0372,0.8604,0.5265,1.447
0.493793,1.1048,0.8582,0.6498,1.543
0.498606,1.1254,0.8653,0.7304,1.596
0.503714,1.0327,0.8389,0.7407,1.523
0.509182,0.9941,0.7840,0.7946,1.495
0.513795,0.9655,0.7672,0.8600,1.503
0.518686,0.9946,0.7170,0.8602,1.498
0.523701,0.9383,0.6337,0.8621,1.423
0.528783,0.9065,0.5320,0.8706,1.365
0.533612,0.8088,0.4831,0.9191,1.316
0.538607,0.5886,0.4677,1.0022,1.253
0.543647,0.3264,0.4807,1.1122,1.255
0.548487,0.0646,0.5218,1.2389,1.346
0.553778,-0.1120,0.5007,1.3068,1.404
0.558457,-0.2856,0.4750,1.4020,1.508
0.563449,-0.4470,0.3688,1.4963,1.605
0.568448,-0.5962,0.2447,1.6412,1.763
0.573770,-0.7632,0.1690,1.8210,1.982
0.578427,-0.9714,0.1233,1.9391,2.172
0.583582,-1.0593,0.0640,2.0347,2.295
0.590439,-1.0560,0.0772,2.1554,2.401
0.593535,-0.9943,0.0722,2.1479,2.368
0.598312,-0.7150,0.0397,2.0192,2.142
0.603280,-0.3816,-0.0537,1.7725,1.814
0.608470,0.0608,-0.1837,1.5000,1.512
0.613634,0.5178,-0.2548,1.2197,1.349
0.618245,0.8372,-0.2196,1.0841,1.387
0.623293,0.9772,-0.1070,1.0107,1.410
0.628231,1.0775,-0.0512,0.8634,1.382
0.633393,1.1611,-0.0424,0.7028,1.358
0.638600,1.1281,0.0007,0.6034,1.279
0.643199,1.1746,0.0158,0.4207,1.248
0.648284,1.2767,0.0028,0.2117,1.294
0.653109,1.4584,-0.0335,0.0141,1.459
0.658131,1.6728,-0.0315,-0.1983,1.685
0.663246,1.7906,0.0708,-0.4898,1.858
0.668021,1.9656,0.1724,-0.7718,2.119
0.673775,2.1982,0.2778,-0.9828,2.424
0.678043,2.3693,0.3818,-1.2767,2.718
0.683126,2.5317,0.4509,-1.5679,3.012
0.693327,2.7094,0.4371,-1.8150,3.290
0.693820,2.8172,0.3404,-2.0698,3.512
0.697885,2.8550,0.2374,-2.2424,3.638
0.702914,2.8806,0.1566,-2.3138,3.698
0.708397,2.8557,0.0885,-2.3363,3.691
0.713348,2.8094,0.0378,-2.2665,3.610
0.717865,2.8507,0.0431,-2.1517,3.572
0.722864,2.9001,-0.0156,-2.1348,3.601
0.727744,2.9185,-0.1376,-2.2443,3.684
0.732921,2.9348,-0.3132,-2.3746,3.788
0.738391,2.9495,-0.5133,-2.5022,3.902
0.742956,2.9578,-0.7187,-2.6704,4.049
0.747726,2.8005,-0.9383,-2.8497,4.104
0.752607,2.6058,-1.1006,-3.0035,4.126
0.757599,2.3196,-1.3152,-3.2029,4.168
0.763182,2.0182,-1.6195,-3.3187,4.208
0.767641,1.7920,-2.0129,-3.3172,4.274
0.772714,1.5161,-2.3465,-3.3123,4.333
0.778093,1.0633,-2.6769,-3.2867,4.370
0.782732,0.5908,-3.0329,-3.2460,4.481
0.793824,0.0810,-3.4758,-3.3928,4.858
0.794351,-0.5389,-3.8426,-3.5297,5.245
0.797507,-1.3229,-4.0952,-3.6413,5.637
0.802377,-1.9859,-4.2577,-3.7885,6.035
0.807464,-2.6614,-4.3977,-3.9976,6.512
0.813133,-3.3175,-4.6154,-4.4377,7.211
0.817374,-4.0060,-4.7392,-4.9213,7.920
0.822395,-4.6899,-4.8367,-5.4255,8.650
0.827400,-5.3569,-4.8463,-5.8940,9.323
0.832476,-5.9318,-4.9312,-6.3042,9.962
0.838264,-6.4037,-5.1781,-6.6466,10.583
0.842379,-6.7845,-5.4385,-6.7858,11.030
0.847267,-7.1636,-5.6509,-6.6686,11.301
0.852324,-7.4991,-5.8258,-6.2185,11.351
0.857485,-7.6441,-5.9160,-5.4732,11.108
0.863175,-7.8873,-5.9560,-4.6322,10.915
0.867078,-8.2926,-6.0615,-3.8645,10.975
0.872230,-8.8131,-6.1707,-3.1991,11.224
0.877215,-9.4898,-6.2321,-2.7575,11.683
0.882244,-10.4692,-6.2322,-2.5576,12.449
0.889247,-11.4666,-6.5155,-2.6225,13.447
0.892244,-12.5572,-6.7996,-2.8218,14.556
0.897418,-13.7033,-7.1124,-2.8000,15.691
0.902071,-14.5203,-7.5924,-2.7368,16.612
0.907181,-14.9165,-8.2751,-2.6374,17.261
0.913490,-15.0261,-9.1194,-2.3634,17.735
0.917158,-14.9960,-10.0309,-1.9619,18.148
0.922095,-14.7325,-10.9101,-1.4126,18.387
0.927183,-14.1775,-11.6380,-0.8460,18.362
0.932100,-13.3178,-12.3016,-0.3719,18.134
0.937004,-12.2794,-12.9292,-0.1888,17.832
0.942079,-10.9057,-13.4872,-0.1945,17.346
0.946932,-8.9061,-13.5699,-0.4524,16.238
0.952104,-5.7696,-13.0848,-1.3559,14.364
0.957003,-1.5353,-12.0114,-3.2911,12.548
0.962004,3.6627,-10.4654,-6.2384,12.722
0.967378,9.6339,-8.1858,-9.5395,15.837
0.972360,15.9619,-4.9562,-12.3485,20.781
0.976985,22.4143,-1.2896,-14.6273,26.796
0.983282,28.4931,2.1112,-16.3009,32.894
0.987553,33.8231,5.0074,-17.0488,38.207
0.995917,37.7770,7.5861,-16.7869,42.029
0.996767,40.6376,9.5952,-15.7639,44.632
1.002055,41.5885,10.9947,-14.4605,45.383
1.006753,40.5279,11.8109,-12.9566,44.157
1.011742,38.0766,11.8734,-11.1664,41.419
1.016971,34.8581,11.1452,-9.0945,37.710
1.022963,30.7759,10.1305,-6.8951,33.126
1.026709,26.1985,8.9282,-4.8638,28.102
1.031983,22.0866,7.3557,-3.2765,23.509
1.036661,18.4418,5.7790,-2.1859,19.449
1.041760,15.3363,4.1751,-1.2648,15.945
1.046692,12.4748,2.6988,-0.6805,12.782
1.051718,9.7900,1.3141,-0.4093,9.886
1.056610,7.3221,-0.1267,-0.4326,7.336
1.061738,5.0576,-1.5117,-0.6318,5.316
1.067178,2.9307,-2.7728,-1.0083,4.159
1.071675,0.7078,-3.8951,-1.6932,4.306
1.076632,-1.4348,-4.9725,-2.8015,5.885
1.082335,-3.4193,-6.0364,-4.2980,8.161
1.086436,-5.5203,-7.1044,-5.8271,10.719
1.091994,-7.6238,-8.0525,-7.0616,13.147
1.096299,-9.7020,-8.7674,-7.7736,15.213
1.101401,-11.5839,-9.2991,-8.0162,16.880
1.106300,-13.5587,-9.7845,-7.7962,18.449
1.111448,-16.3677,-9.9974,-7.1113,20.455
1.116284,-19.0520,-10.0283,-5.8740,22.317
1.122211,-20.7094,-10.1160,-4.4427,23.472
1.126248,-22.0351,-10.3883,-3.0602,24.553
1.131305,-23.5593,-10.7667,-1.6584,25.956
1.136389,-25.1414,-11.1051,-0.4601,27.489
1.141205,-26.5653,-11.5721,0.5716,28.982
1.146122,-27.5167,-12.4395,1.2397,30.223
1.151796,-27.7123,-13.5892,1.1528,30.886
1.156050,-27.2106,-15.0307,0.4884,31.090
1.161378,-26.0624,-16.5663,-0.5729,30.887
1.166573,-24.2440,-18.1797,-1.8644,30.360
1.171137,-21.8825,-19.5253,-3.4055,29.524
1.176029,-19.1588,-20.4398,-5.2033,28.494
1.181944,-16.5120,-20.6570,-6.9827,27.352
1.186164,-13.8757,-20.2193,-8.7862,26.049
1.191044,-11.1615,-19.4477,-10.3018,24.676
1.196493,-8.2637,-18.5132,-11.2551,23.188
1.201105,-5.2110,-17.2432,-11.8263,21.549
1.205965,-1.9144,-15.5291,-12.1420,19.805
1.211660,1.8816,-13.5353,-12.5783,18.573
1.215950,5.9092,-11.3838,-13.1468,18.367
1.220990,9.7167,-8.8666,-13.5046,18.852
1.226048,14.3966,-6.5972,-13.4159,20.755
1.232952,18.9087,-4.5678,-13.3233,23.578
1.236175,22.6262,-2.1131,-12.9418,26.151
1.240979,25.3834,0.8227,-12.6676,28.381
1.245881,27.5701,3.2071,-12.2437,30.336
1.250777,29.4339,4.8758,-11.4843,31.969
1.255750,30.1241,6.3593,-10.6714,32.585
1.260802,30.5879,7.0811,-9.4824,32.797
1.266258,31.3914,6.8264,-8.6306,33.264
1.274618,30.3199,6.7652,-7.8228,32.035
1.275687,27.7140,7.1209,-6.7847,29.408
1.281353,24.2563,7.5013,-5.5483,25.989
1.285779,21.1389,7.5782,-4.3826,22.880
1.290722,18.4527,7.1764,-3.5406,20.113
1.298065,15.9569,6.4024,-2.8383,17.426
1.300723,13.4973,5.6331,-2.2483,14.797
1.305490,11.2201,4.9145,-1.7297,12.371
1.310646,9.2336,4.2535,-1.2998,10.249
1.315577,7.5578,3.4195,-1.0310,8.359
1.320479,6.1321,2.4870,-0.9124,6.680
1.325631,4.8718,1.4925,-0.9841,5.189
1.331035,3.7417,0.5186,-1.1117,3.938
1.335372,2.7253,-0.4387,-1.3098,3.055
1.340445,1.7534,-1.3305,-1.4978,2.662
1.346221,0.8783,-2.1643,-1.5836,2.822
1.350444,-0.0265,-2.9041,-1.6677,3.349
1.355551,-0.8657,-3.4760,-1.7000,3.965
1.360464,-1.5459,-3.9469,-1.5606,4.517
1.365829,-2.1503,-4.3073,-1.3683,5.005
1.371332,-2.6230,-4.5479,-1.2468,5.396
1.375374,-2.9967,-4.6302,-1.0976,5.623
1.380299,-3.3871,-4.5758,-0.9136,5.766
1.385681,-3.6012,-4.5233,-0.7405,5.829
1.390955,-3.6588,-4.5020,-0.5965,5.832
1.397467,-3.6892,-4.4458,-0.5098,5.800
1.400229,-3.6210,-4.3504,-0.3799,5.673
1.405283,-3.4563,-4.2308,-0.2828,5.470
1.410382,-3.3153,-4.0547,-0.3690,5.251
1.415376,-3.1428,-3.8416,-0.5519,4.994
1.420863,-2.9814,-3.7928,-0.7271,4.879
1.425401,-2.8738,-3.7316,-0.8429,4.785
1.430079,-2.7961,-3.6487,-0.9001,4.684
1.435149,-2.6634,-3.5587,-0.7508,4.508
1.440138,-2.4820,-3.4144,-0.6785,4.275
1.445163,-2.4112,-3.2255,-0.6639,4.082
1.450740,-2.3078,-3.0737,-0.7697,3.920
1.455072,-2.3104,-2.9016,-0.9060,3.818
1.460065,-2.2706,-2.7956,-0.9929,3.736
1.465180,-2.2183,-2.6553,-1.1317,3.640
1.470014,-2.0458,-2.4953,-1.2418,3.457
1.474976,-1.8686,-2.3349,-1.3048,3.263
1.481886,-1.5950,-2.2554,-1.2634,3.038
1.485158,-1.2530,-2.1898,-1.1516,2.773
1.491428,-0.9327,-2.0952,-1.0407,2.518
1.494835,-0.8020,-1.9380,-0.9112,2.287
1.499807,-0.7481,-1.7615,-0.7441,2.053
1.504824,-0.7140,-1.6230,-0.5394,1.853
1.510382,-0.6947,-1.5081,-0.3780,1.703
1.514821,-0.6662,-1.3498,-0.3076,1.536
1.519698,-0.5852,-1.2677,-0.2420,1.417
1.525178,-0.5002,-1.1949,-0.2050,1.311
1.529786,-0.4134,-1.1596,-0.0911,1.234
1.534731,-0.3490,-1.0949,0.0379,1.150
1.540180,-0.2879,-0.9960,0.1679,1.050
1.544719,-0.2637,-0.8390,0.2368,0.911
1.549690,-0.2622,-0.7292,0.1489,0.789
1.554558,-0.3423,-0.6812,-0.0867,0.767
1.559880,-0.4781,-0.6610,-0.4517,0.932
1.564561,-0.5133,-0.7261,-0.8129,1.205
1.570012,-0.5727,-0.8190,-1.0369,1.440
1.574564,-0.6470,-0.8537,-1.1387,1.563
1.581999,-0.6504,-0.8782,-1.1372,1.577
1.584489,-0.7135,-0.8449,-1.0654,1.536
1.593627,-0.7912,-0.8637,-0.8993,1.477
1.594582,-0.8660,-0.9347,-0.7294,1.468
1.599446,-0.9665,-0.9767,-0.5403,1.476
1.604496,-0.9972,-0.9803,-0.3173,1.434
1.609597,-0.9534,-0.9646,-0.1220,1.362
1.614362,-0.8596,-0.9300,0.0512,1.267
1.619330,-0.7999,-0.9190,0.1545,1.228
1.624609,-0.7223,-0.9556,0.2459,1.223
1.629671,-0.7367,-0.9490,0.2870,1.235
1.634363,-0.8287,-0.8658,0.2824,1.231
1.639365,-0.8598,-0.8640,0.2798,1.251
1.644386,-0.8880,-0.8864,0.1501,1.264
1.649526,-0.9652,-0.8991,-0.0589,1.320
1.654503,-1.0397,-0.9122,-0.2232,1.401
1.659297,-1.1452,-0.9783,-0.3911,1.556
1.664215,-1.1863,-1.0543,-0.5151,1.669
1.669219,-1.2016,-1.1501,-0.5762,1.760
1.674528,-1.2442,-1.2083,-0.6558,1.854
1.682179,-1.3230,-1.2481,-0.6910,1.946
1.684385,-1.4339,-1.3606,-0.7394,2.110
1.691134,-1.5865,-1.5123,-0.8634,2.356
1.693927,-1.7763,-1.5981,-0.9818,2.583
1.698991,-1.8885,-1.7234,-1.1715,2.812
1.703903,-1.9236,-1.8883,-1.3660,3.022
1.709106,-2.0439,-2.1069,-1.6467,3.366
1.714008,-2.3306,-2.3170,-1.9520,3.822
1.719076,-2.6594,-2.4328,-2.1911,4.218
1.724213,-2.9780,-2.5644,-2.4369,4.624
1.729497,-3.4210,-2.7553,-2.6849,5.148
1.733999,-4.0414,-2.9338,-3.0509,5.852
1.738943,-4.6825,-3.1866,-3.4688,6.642
1.743783,-5.5422,-3.5955,-3.7864,7.614
1.748943,-6.6455,-4.2181,-4.0484,8.851
1.754484,-7.9217,-4.8393,-4.2369,10.204
1.758948,-9.3883,-5.3071,-4.2088,11.577
1.763929,-10.9771,-5.8571,-3.9830,13.064
1.768805,-12.6749,-6.4671,-3.6844,14.699
1.773804,-14.5388,-7.4629,-3.4257,16.698
1.781578,-16.7512,-8.8252,-3.2955,19.218
1.784128,-18.7533,-10.2569,-3.0039,21.585
1.790612,-20.2205,-11.7234,-2.3930,23.495
1.793689,-21.1686,-13.3125,-1.4800,25.050
1.798831,-21.0793,-15.4328,-0.4924,26.130
1.807584,-22.1848,-16.2130,1.6371,27.527
1.808910,-22.5846,-17.3480,3.5727,28.702
1.813466,-21.6653,-19.2308,4.7621,29.358
1.818566,-19.9333,-21.2536,4.9955,29.564
1.823692,-17.7150,-22.9866,3.9362,29.286
1.828917,-15.5825,-24.3408,1.7191,28.952
1.833590,-13.3866,-25.1616,-1.5606,28.544
1.838540,-11.1572,-25.1304,-5.5134,28.043
1.843565,-8.5154,-24.4677,-9.4224,27.567
1.848511,-5.0557,-23.4357,-12.8064,27.181
1.854086,-0.4912,-21.7388,-15.6546,26.793
1.858797,5.5165,-19.3214,-17.8898,26.903
1.864092,13.6688,-16.3764,-19.7531,29.072
1.868502,22.4907,-12.6436,-21.8726,33.825
1.873639,30.6898,-8.5614,-23.4222,39.544
1.881989,37.7823,-4.3642,-23.8826,44.910
1.883515,43.0959,-0.2876,-23.1609,48.926
1.898430,45.8097,3.2646,-21.3990,50.667
1.899773,47.3678,5.2140,-18.8898,51.261
1.900222,47.8727,5.7751,-16.8110,51.066
1.910905,46.1423,6.1219,-14.8968,48.872
1.914075,42.5747,6.4937,-13.0173,44.991
1.920538,37.4445,6.6369,-11.5152,39.733
1.921218,31.3684,6.5683,-10.3910,33.691
1.923158,25.9459,6.2366,-9.3262,28.268
1.928110,21.7783,5.7115,-8.2832,23.990
1.933680,18.2016,5.0711,-7.1748,20.211
1.941982,15.0004,4.3799,-5.9221,16.711
1.943201,12.1114,3.6711,-4.8006,13.535
1.948094,9.5438,2.8401,-3.8962,10.693
1.952880,7.3794,1.9231,-3.1642,8.256
1.958209,5.5182,0.7595,-2.7100,6.195
1.963046,3.5919,-0.5198,-2.5936,4.461
1.967953,1.4691,-1.6149,-2.4083,3.251
1.972967,-0.4038,-2.5333,-1.9627,3.230
1.978062,-2.0332,-3.2440,-1.3975,4.076
1.983042,-3.2689,-3.8717,-0.8406,5.136
1.992104,-4.1853,-4.4169,-0.3574,6.095
1.993136,-4.9860,-4.9235,0.1059,7.008
1.997954,-5.4842,-5.3533,0.4127,7.675
2.002964,-5.9019,-5.6422,0.5036,8.180
2.008506,-6.1190,-5.8766,0.4709,8.497
2.012759,-6.2132,-6.0531,0.3715,8.682
2.017971,-6.1849,-6.1158,0.1857,8.700
2.022856,-6.0922,-6.0705,-0.1017,8.601
2.027870,-6.0375,-5.8896,-0.5295,8.451
2.032784,-5.8974,-5.7421,-1.0425,8.297
2.037742,-5.8412,-5.5711,-1.4838,8.207
2.042646,-5.7919,-5.3104,-1.9797,8.103
2.047712,-5.7354,-5.0181,-2.4409,8.002
2.052608,-5.5039,-4.7761,-2.8599,7.828
2.057877,-5.2470,-4.6324,-3.3584,7.763
2.062595,-4.9859,-4.5876,-3.8098,7.773
2.067677,-4.8315,-4.5461,-4.1296,7.814
2.072580,-4.7833,-4.3838,-4.2567,7.760
2.077598,-4.7597,-4.1873,-4.1529,7.579
2.082791,-4.7173,-3.9808,-3.9138,7.309
2.091473,-4.7236,-3.7692,-3.4806,6.974
2.092512,-4.6814,-3.5672,-2.9919,6.602
2.097627,-4.5862,-3.3604,-2.5231,6.220
2.102363,-4.3609,-3.1489,-2.1164,5.780
2.107656,-4.0620,-2.9569,-1.7614,5.324
2.112451,-3.7412,-2.7125,-1.4239,4.836
2.117430,-3.4459,-2.4446,-1.1562,4.380
2.122401,-3.1844,-2.0816,-0.8773,3.904
2.127493,-2.8794,-1.7191,-0.7023,3.426
2.132552,-2.5207,-1.3812,-0.6032,2.937
2.137772,-2.1022,-1.1203,-0.5756,2.451
2.142509,-1.6232,-0.9173,-0.4908,1.928
2.147363,-1.2213,-0.7050,-0.4402,1.477
2.152257,-0.8625,-0.5312,-0.4197,1.096
2.157638,-0.4744,-0.4150,-0.3915,0.742
2.162449,-0.1235,-0.3372,-0.3751,0.519
2.167298,0.1907,-0.3168,-0.3229,0.491
2.172282,0.4398,-0.3250,-0.2928,0.620
2.177397,0.6053,-0.3379,-0.2464,0.736
2.182243,0.7257,-0.2692,-0.1843,0.796
2.191346,0.8491,-0.2339,-0.0915,0.886
2.192333,0.9660,-0.1793,-0.0256,0.983
2.197226,1.0670,-0.1581,0.0185,1.079
2.202162,1.1143,-0.1510,0.0456,1.125
2.207559,1.1652,-0.1196,0.0566,1.173
2.212297,1.1727,-0.0736,0.0507,1.176
2.217237,1.1030,-0.0799,0.0382,1.107
2.222259,1.0184,-0.0713,-0.0238,1.021
2.227142,0.9619,-0.0623,-0.0586,0.966
2.232306,0.8424,-0.0958,-0.1091,0.855
2.237402,0.7358,-0.0761,-0.1361,0.752
2.241997,0.6184,-0.0558,-0.1263,0.634
2.247067,0.4654,-0.0348,-0.1268,0.484
2.252039,0.2953,-0.0466,-0.1807,0.349
2.257446,0.1118,-0.0817,-0.2307,0.269
2.262429,-0.0616,-0.1256,-0.2573,0.293
2.267174,-0.2166,-0.1353,-0.2408,0.351
2.271825,-0.3335,-0.1540,-0.2251,0.431
2.276868,-0.4562,-0.1912,-0.1903,0.530
2.281860,-0.5517,-0.2135,-0.1937,0.622
2.291227,-0.6157,-0.2832,-0.2019,0.707
2.292007,-0.6057,-0.3573,-0.1046,0.711
2.296815,-0.6181,-0.4455,-0.0347,0.763
2.301692,-0.6186,-0.5334,0.0978,0.823
2.307130,-0.6270,-0.6069,0.2079,0.897
2.312221,-0.5473,-0.6518,0.3821,0.933
2.316787,-0.4177,-0.7113,0.5395,0.986
2.321695,-0.3431,-0.7233,0.6087,1.006
2.326927,-0.2758,-0.7550,0.6621,1.041
2.331781,-0.2390,-0.7824,0.6801,1.064
2.337324,-0.2281,-0.7577,0.7491,1.090
2.341673,-0.2623,-0.6955,0.7160,1.032
2.346668,-0.3081,-0.6245,0.6379,0.944
2.352009,-0.3559,-0.5398,0.5572,0.854
2.356712,-0.3770,-0.5084,0.4452,0.774
2.362563,-0.4238,-0.4439,0.2723,0.671
2.367267,-0.3958,-0.3702,0.1146,0.554
2.371353,-0.3694,-0.3590,-0.0378,0.516
2.376441,-0.3396,-0.3239,-0.1756,0.501
2.381547,-0.3301,-0.3128,-0.2516,0.520
2.389033,-0.3216,-0.2586,-0.2751,0.496
2.391448,-0.2950,-0.2091,-0.2566,0.443
2.396452,-0.2982,-0.1356,-0.1864,0.377
2.401623,-0.2450,-0.1338,-0.1362,0.311
2.406711,-0.1828,-0.1080,-0.0722,0.224
2.412505,-0.1356,-0.1394,0.0487,0.201
2.416400,-0.1127,-0.1852,0.1363,0.256
2.421313,-0.0951,-0.2166,0.2762,0.364
2.426303,-0.1020,-0.1763,0.4023,0.451
2.431421,-0.1384,-0.1697,0.5529,0.595
2.437480,-0.1801,-0.1683,0.6710,0.715
2.441495,-0.1941,-0.1577,0.7232,0.765
2.446296,-0.1943,-0.1666,0.7340,0.777
2.451406,-0.1714,-0.1281,0.7315,0.762
2.456581,-0.1154,-0.1089,0.6821,0.700
2.462397,-0.0598,-0.1236,0.5859,0.602
2.466765,-0.0475,-0.1145,0.5481,0.562
2.471600,0.0030,-0.0386,0.5254,0.527
2.476209,0.0197,0.0370,0.5129,0.515
2.482004,0.0938,0.1365,0.4289,0.460
2.486346,0.1537,0.1783,0.3931,0.458
2.492151,0.1612,0.2488,0.3768,0.479
2.495950,0.1833,0.2187,0.4039,0.494
2.500944,0.2006,0.2363,0.4745,0.567
2.506383,0.2374,0.2490,0.5506,0.649
2.510904,0.2406,0.2376,0.6464,0.730
2.516056,0.2151,0.2019,0.6765,0.738
2.521095,0.2090,0.1322,0.7561,0.796
2.526162,0.3661,0.0334,0.8953,0.968
2.531542,0.5140,0.0393,1.0656,1.184
2.535822,0.5137,0.1306,1.1376,1.255
2.540976,0.3651,0.1494,1.0439,1.116
2.545753,0.3123,0.1388,1.0340,1.089
2.551132,0.5714,0.0797,1.2709,1.396
2.555858,0.6062,0.1060,1.3140,1.451
2.560635,0.5122,0.1941,1.1816,1.302
2.566341,0.5242,0.2053,0.9545,1.108
2.570535,0.5323,0.1544,0.6466,0.852
2.575678,0.5654,0.1612,0.2763,0.650
2.580673,0.5330,0.1734,-0.0132,0.561
2.585635,0.5019,0.1717,-0.1892,0.563
2.591093,0.3954,0.1851,-0.3286,0.546
2.597987,0.1892,0.1801,-0.5081,0.571
2.600455,0.0361,0.2139,-0.6706,0.705
2.605633,-0.1743,0.1814,-0.7775,0.817
2.610452,-0.4908,0.0967,-0.7425,0.895
2.615749,-0.6073,-0.0116,-0.5939,0.850
2.620540,-0.5576,-0.1292,-0.4750,0.744
2.630690,-0.4948,-0.2037,-0.3659,0.648
2.636923,-0.4954,-0.2018,-0.2613,0.595
2.637279,-0.5452,-0.1859,-0.1656,0.599
2.640386,-0.5100,-0.1992,-0.0450,0.549
2.645414,-0.4615,-0.2513,0.0097,0.526
2.650904,-0.3613,-0.2463,-0.0205,0.438
2.655308,-0.2568,-0.2847,-0.0305,0.385
2.660349,-0.2053,-0.2849,-0.0447,0.354
2.665858,-0.1876,-0.2805,-0.0681,0.344
2.670448,-0.1461,-0.2763,-0.0335,0.314
2.675335,-0.1289,-0.2197,0.0542,0.260
2.680234,-0.0638,-0.1823,0.1038,0.219
2.685302,-0.0273,-0.1450,0.0720,0.164
2.690554,0.0045,-0.1076,0.0018,0.108
2.699572,0.0271,-0.0796,-0.0596,0.103
2.700183,0.0789,-0.0561,-0.0976,0.137
2.705407,0.0353,0.0250,-0.1268,0.134
2.710656,0.0207,0.0535,-0.0607,0.083
2.715165,0.0257,0.0725,0.0195,0.079
2.720176,0.0118,0.0580,0.1189,0.133
2.725105,0.0364,0.0529,0.2284,0.237
2.730068,0.0610,0.0475,0.3337,0.343
2.735139,0.0571,0.0563,0.4302,0.438
2.740048,0.0819,0.0744,0.4124,0.427
2.745368,0.0352,0.0542,0.2945,0.301
2.749944,-0.0305,0.0148,0.1052,0.111
2.755177,-0.0430,0.0185,-0.0171,0.050
2.759948,-0.0599,0.0082,-0.1344,0.147
2.765380,-0.0385,0.0505,-0.2611,0.269
2.770581,-0.0026,0.0785,-0.2736,0.285
2.774979,-0.0140,0.0828,-0.2965,0.308
2.779887,-0.0440,0.0589,-0.2819,0.291
2.785114,-0.0544,0.0021,-0.2634,0.269
2.790075,-0.1455,-0.0066,-0.1933,0.242
2.797998,-0.1599,-0.0056,-0.1381,0.211
2.799851,-0.1123,-0.0236,-0.0266,0.118
2.805008,-0.0651,-0.0225,0.0557,0.089
2.809916,-0.0180,-0.0310,0.1567,0.161
2.815114,0.0003,-0.0253,0.2956,0.297
2.820192,-0.0100,-0.0865,0.4292,0.438
2.825024,-0.0583,-0.1188,0.4959,0.513
2.830212,-0.1730,-0.0988,0.5008,0.539
2.834726,-0.2632,-0.1075,0.4918,0.568
2.839802,-0.3153,-0.0831,0.4261,0.537
2.845275,-0.3008,-0.0447,0.3707,0.479
2.849646,-0.2868,-0.0067,0.2588,0.386
2.854797,-0.2685,-0.0071,0.1525,0.309
2.859790,-0.2553,-0.0216,0.0469,0.261
2.864759,-0.2567,-0.0313,0.0135,0.259
2.869519,-0.2154,-0.0266,-0.0104,0.217
2.875042,-0.1462,-0.0029,-0.0247,0.148
2.880984,-0.1157,-0.0603,-0.0720,0.149
2.884600,-0.0619,-0.0363,-0.0763,0.105
2.891446,0.0104,0.0017,-0.1094,0.110
2.894781,0.0393,0.0158,-0.1185,0.126
2.899803,0.0966,0.0155,-0.1086,0.146
2.904499,0.1772,0.0104,-0.0418,0.182
2.909411,0.2573,-0.0184,-0.0134,0.258
2.914617,0.2705,-0.0089,-0.0185,0.271
2.920202,0.2221,0.0195,0.0385,0.226
2.924544,0.1886,-0.0333,0.0716,0.204
2.929456,0.1838,-0.0809,0.1141,0.231
2.934319,0.1175,-0.1281,0.1042,0.203
2.939513,0.0183,-0.1228,0.0994,0.159
2.945525,-0.0233,-0.0750,0.1428,0.163
2.949607,-0.0460,-0.0942,0.1625,0.193
2.954264,-0.0449,-0.1087,0.2063,0.237
2.959190,-0.0632,-0.1614,0.2458,0.301
2.964202,-0.0772,-0.1902,0.2240,0.304
2.969269,-0.0819,-0.1571,0.1888,0.259
2.974503,-0.1111,-0.0960,0.1257,0.193
2.981148,-0.1121,-0.1020,0.0015,0.152
2.984501,-0.0090,-0.0557,-0.0742,0.093
2.989507,0.0359,-0.0239,-0.0738,0.085
2.995449,0.1420,-0.0303,-0.0594,0.157
3.004574,0.1808,-0.0176,-0.0120,0.182
3.011764,0.2195,-0.0286,0.0634,0.230
3.012192,0.3150,-0.0396,0.1049,0.334
3.013894,0.3816,-0.0552,0.1127,0.402
3.018843,0.3865,-0.0610,0.0728,0.398
3.024567,0.3777,-0.0715,0.0046,0.384
3.028942,0.3982,-0.0579,0.0079,0.402
3.034338,0.3334,-0.0444,0.0014,0.336
3.038923,0.2885,-0.0356,-0.0244,0.292
3.044002,0.2490,-0.0695,-0.0646,0.266
3.049234,0.1958,-0.0840,-0.0667,0.223
3.053931,0.1955,-0.0270,-0.0360,0.201
3.058992,0.2001,-0.0226,-0.0724,0.214
3.064294,0.1715,-0.0181,-0.0852,0.192
3.068707,0.1338,-0.0087,-0.0700,0.151
3.074034,0.1536,-0.0564,-0.0456,0.170
3.081176,0.0641,-0.0227,-0.0407,0.079
3.083973,0.0370,-0.0512,-0.0406,0.075
3.090914,0.0242,0.0157,0.0021,0.029
3.093718,0.0019,0.0441,0.0158,0.047
3.098556,0.0223,0.0579,-0.0039,0.062
3.103590,0.0185,0.0811,-0.0424,0.093
3.108567,0.0103,0.0423,-0.0661,0.079
3.114655,0.0211,0.0039,-0.0802,0.083
3.118592,0.0080,0.0132,-0.0894,0.091
3.123913,0.0092,-0.0298,-0.0840,0.090
3.128589,-0.0179,-0.0441,-0.0831,0.096
3.133603,-0.0208,-0.0535,-0.0723,0.092
3.138381,-0.0329,-0.0915,-0.0756,0.123
3.143446,-0.0734,-0.0912,-0.1166,0.165
3.148641,-0.0707,-0.0767,-0.1430,0.177
3.153770,-0.1060,-0.0623,-0.1738,0.213
3.158576,-0.1268,-0.0290,-0.2142,0.251
3.163424,-0.1950,-0.0006,-0.2213,0.295
3.168247,-0.2342,0.0419,-0.2379,0.336
3.173548,-0.2018,0.0841,-0.2262,0.315
3.181197,-0.1792,0.0833,-0.1817,0.268
3.183489,-0.0902,0.1300,-0.1187,0.198
3.190393,-0.0728,0.0766,-0.0798,0.132
3.193569,-0.0459,0.0853,-0.0172,0.098
3.198278,-0.0380,0.0985,0.0453,0.115
3.203447,-0.0348,0.1068,0.1078,0.156
3.208296,-0.0506,0.0674,0.1177,0.145
3.213326,-0.0900,0.0758,0.0946,0.151
3.218282,-0.1103,0.0507,0.1099,0.164
3.223374,-0.4209,-0.0549,0.1346,0.445
3.228411,-0.3496,-0.0696,0.1121,0.374
3.233478,-0.2649,-0.0699,0.1233,0.300
3.238135,-0.2381,-0.0989,0.1441,0.295
3.243189,-0.1641,-0.1371,0.1838,0.282
3.248537,-0.0952,-0.0895,0.2231,0.259
3.253587,-0.0457,-0.0707,0.2050,0.222
3.258305,-0.0342,-0.0805,0.1251,0.153
3.263091,0.0585,-0.0996,0.0550,0.128
3.267972,0.0322,-0.0661,-0.0009,0.074
3.273407,0.0018,-0.0469,0.0143,0.049
3.281745,0.0291,0.0008,0.0051,0.030
3.283157,0.0376,0.0008,0.0146,0.040
3.290004,0.0653,-0.0229,0.0235,0.073
3.293007,0.0457,0.0061,-0.0347,0.058
3.297879,0.0074,-0.0221,-0.0072,0.024
3.303186,-0.0545,-0.0405,0.0343,0.076
3.307970,-0.0970,-0.0635,0.0658,0.133
3.312821,-0.1635,-0.0627,0.0641,0.186
3.317772,-0.2061,-0.0810,0.0911,0.239
3.323076,-0.2015,-0.0565,0.0424,0.214
3.328220,-0.1881,-0.0371,0.0085,0.192
3.332903,-0.1230,-0.0369,0.0037,0.128
3.337872,-0.0826,-0.0321,-0.0151,0.090
3.342994,-0.0426,-0.0226,0.0186,0.052
3.347761,-0.0318,0.0009,0.0097,0.033
3.353327,-0.0451,0.0051,-0.0179,0.049
3.357717,-0.0348,-0.0239,-0.0501,0.066
3.362678,-0.0054,-0.0334,-0.3299,0.332
3.367533,0.0577,-0.0043,-0.9799,0.982
3.372822,0.1208,0.0015,-1.0376,1.045
3.378372,0.1077,0.0647,-0.5688,0.583
3.382677,0.1237,0.0181,-0.1515,0.196
3.389231,0.1590,-0.0519,0.0967,0.193
3.392801,0.1994,-0.1025,0.2007,0.301
3.397608,0.2068,-0.1577,0.2001,0.328
3.402827,0.1480,-0.1412,0.2523,0.325
3.407443,0.0375,-0.0348,0.3050,0.309
3.412552,-0.0628,0.0229,0.3009,0.308
3.417378,-0.1294,0.0088,0.2164,0.252
3.422628,-0.1673,0.0089,0.1662,0.236
3.428094,-0.2148,-0.0148,0.2117,0.302
3.432479,-0.2625,-0.0099,0.1906,0.325
3.437471,-0.2627,0.0091,0.1127,0.286
3.442406,-0.2680,0.0567,-0.0459,0.278
3.447590,-0.2259,0.1041,-0.1612,0.296
3.453528,-0.1273,0.1419,-0.2625,0.324
