0.000717,0.0992,0.3352,-0.9693,1.030
0.005319,0.1751,0.3250,-0.9554,1.024
0.017775,0.4572,0.2723,-0.9643,1.101
0.018412,0.7547,0.2441,-0.9286,1.221
0.028024,0.6616,0.3594,-0.7616,1.071
0.028354,0.5990,0.3789,-0.5153,0.876
0.030187,0.5616,0.2551,-0.2940,0.683
0.035837,0.4348,0.1366,-0.0975,0.466
0.040173,0.3283,0.0614,0.0223,0.335
0.045204,0.2608,0.0198,0.1520,0.302
0.050233,0.1938,-0.0075,0.2587,0.323
0.055020,0.1892,-0.0302,0.3380,0.389
0.066580,0.1895,-0.0627,0.4141,0.460
0.066924,0.1514,-0.0426,0.3515,0.385
0.070079,0.1231,-0.0134,0.3622,0.383
0.075082,0.1094,-0.0275,0.3076,0.328
0.080021,0.0578,-0.0036,0.2450,0.252
0.085188,0.0112,-0.0132,0.1741,0.175
0.090494,-0.0258,0.0056,0.1139,0.117
0.095093,-0.0813,-0.0043,0.0736,0.110
0.100210,-0.0843,0.0049,0.0578,0.102
0.104874,-0.1016,0.0378,0.0374,0.115
0.110085,-0.1096,0.0229,-0.0018,0.112
0.115093,-0.1224,0.0082,-0.0409,0.129
0.120197,-0.1402,-0.0396,-0.0610,0.158
0.124937,-0.1770,-0.0442,-0.0383,0.186
0.129955,-0.1950,-0.0391,-0.0161,0.200
0.135177,-0.2371,-0.0863,0.0105,0.253
0.139963,-0.2224,-0.1378,0.0082,0.262
0.150118,-0.1986,-0.2316,0.0202,0.306
0.150507,-0.2279,-0.2391,0.0036,0.330
0.154809,-0.2524,-0.2797,-0.0274,0.378
0.159777,-0.2627,-0.3008,-0.0300,0.400
0.165000,-0.2257,-0.3218,-0.0518,0.396
0.169752,-0.2375,-0.2996,-0.0073,0.382
0.174651,-0.2686,-0.2539,0.0604,0.375
0.180430,-0.2382,-0.2656,0.1229,0.377
0.184956,-0.1891,-0.2819,0.1325,0.364
0.190212,-0.2167,-0.3217,0.1373,0.411
0.194882,-0.2871,-0.3233,0.1612,0.461
0.199642,-0.3858,-0.2916,0.1613,0.510
0.204493,-0.4460,-0.2602,0.1377,0.534
0.209644,-0.4446,-0.2860,0.1239,0.543
0.214876,-0.4817,-0.2736,0.1433,0.572
0.219884,-0.5047,-0.2091,0.1916,0.579
0.224450,-0.5471,-0.1879,0.2306,0.623
0.229631,-0.5753,-0.1671,0.2083,0.634
0.235191,-0.5466,-0.1704,0.1348,0.588
0.240272,-0.5662,-0.2023,0.1008,0.610
0.244689,-0.5959,-0.2293,0.0821,0.644
0.249607,-0.6546,-0.2229,0.1115,0.700
0.254244,-0.6992,-0.2214,0.0558,0.736
0.259336,-0.6495,-0.2057,0.0248,0.682
0.264448,-0.6628,-0.2615,-0.0055,0.713
0.269905,-0.6197,-0.2692,-0.0403,0.677
0.274465,-0.5920,-0.3055,-0.0604,0.669
0.279294,-0.6036,-0.3129,-0.0516,0.682
0.284382,-0.5737,-0.3202,0.0333,0.658
0.291266,-0.6505,-0.2990,0.0703,0.719
0.294951,-0.6525,-0.2923,0.0978,0.722
0.299932,-0.6563,-0.2904,0.1591,0.735
0.308011,-0.6243,-0.3028,0.2113,0.725
0.309316,-0.5608,-0.2345,0.2737,0.667
0.314197,-0.4758,-0.1528,0.3323,0.600
0.319460,-0.4266,-0.1052,0.3734,0.577
0.324169,-0.4610,-0.0915,0.5020,0.688
0.329283,-0.4675,0.0120,0.5320,0.708
0.334551,-0.3092,0.1570,0.4555,0.572
0.339199,-0.2304,0.1873,0.4084,0.505
0.344755,-0.2826,0.1361,0.4216,0.525
0.349024,-0.4749,0.1612,0.3894,0.635
0.354124,-0.5875,0.2340,0.3164,0.707
0.359722,-0.6635,0.3066,0.2784,0.782
0.364074,-0.6477,0.3743,0.2670,0.794
0.369833,-0.5973,0.4658,0.2767,0.806
0.373843,-0.5553,0.5620,0.4269,0.898
0.378936,-0.5408,0.6152,0.6797,1.064
0.383826,-0.5203,0.6206,0.8970,1.208
0.389055,-0.4642,0.6739,1.1934,1.447
0.394594,-0.3132,0.7177,1.4571,1.654
0.398875,-0.1040,0.7854,1.6878,1.864
0.403697,0.1588,0.7864,1.7187,1.897
0.408766,0.5186,0.8069,1.6937,1.946
0.413704,0.8708,0.8232,1.5888,1.990
0.420619,1.2421,0.8735,1.4733,2.116
0.423608,1.7211,1.0535,1.1967,2.346
0.428585,2.3202,1.2718,0.8521,2.780
0.434150,2.9260,1.4520,0.4189,3.293
0.438788,3.4060,1.6753,-0.0085,3.796
0.443612,3.7712,1.9507,-0.3794,4.263
0.448675,4.1383,2.1825,-0.7355,4.736
0.453559,4.6689,2.3514,-0.9556,5.314
0.458538,5.1877,2.4858,-1.2002,5.876
0.463519,5.5762,2.6093,-1.2883,6.290
0.469588,5.7540,2.6929,-1.1677,6.459
0.473658,5.8122,2.7989,-0.9917,6.527
0.479198,5.8799,2.8695,-0.9812,6.616
0.483569,5.9909,2.8141,-1.0871,6.708
0.489083,6.1497,2.7858,-1.1383,6.847
0.493595,6.2803,2.7033,-1.0200,6.913
0.498558,6.3502,2.5521,-0.7894,6.889
0.503390,6.3452,2.4187,-0.5463,6.813
0.508447,6.2258,2.2460,-0.4003,6.631
0.514146,6.1140,2.0054,-0.2692,6.440
0.518495,6.0849,1.7022,-0.0760,6.319
0.524745,5.8997,1.4087,-0.0641,6.066
0.528293,5.6016,1.1250,-0.1322,5.715
0.533912,5.2861,0.7752,-0.1605,5.345
0.538947,4.9406,0.4797,-0.3160,4.974
0.543103,4.5357,0.1378,-0.7040,4.592
0.548257,3.9970,-0.2305,-1.1997,4.179
0.553264,3.3382,-0.5960,-1.7359,3.809
0.558249,2.5490,-0.9916,-2.2315,3.530
0.563247,1.8151,-1.3261,-2.5476,3.398
0.568299,1.1701,-1.6710,-2.8172,3.478
0.573189,0.5141,-2.0500,-3.0749,3.731
0.578183,-0.1616,-2.4484,-3.3909,4.186
0.583094,-0.9630,-2.8850,-3.7597,4.836
0.588196,-1.5949,-3.3503,-4.0807,5.515
0.593377,-2.1211,-3.8250,-4.2917,6.128
0.598677,-2.8047,-4.2713,-4.6165,6.886
0.603022,-3.6358,-4.6700,-4.8888,7.677
0.608116,-4.4278,-5.0840,-5.0984,8.453
0.613190,-5.1447,-5.4518,-5.1258,9.081
0.618007,-5.8842,-5.8075,-5.1960,9.765
0.622891,-6.5524,-6.1426,-5.2894,10.423
0.630583,-7.1912,-6.4343,-5.3482,11.033
0.633074,-7.8738,-6.6923,-5.3071,11.617
0.640390,-8.5318,-6.9849,-5.1317,12.162
0.642872,-9.2289,-7.2507,-4.6782,12.635
0.647858,-9.8617,-7.4049,-3.9700,12.956
0.652744,-10.5176,-7.5588,-3.1782,13.336
0.658488,-11.3801,-7.6320,-2.4108,13.913
0.662893,-12.5275,-7.6642,-1.8110,14.797
0.667790,-13.8821,-7.7569,-1.5165,15.974
0.672816,-15.4047,-7.9160,-1.6901,17.402
0.678463,-16.9224,-8.3138,-2.1687,18.979
0.682834,-18.4972,-8.7109,-2.6454,20.616
0.687835,-19.7038,-9.1968,-3.0277,21.954
0.692692,-20.3756,-9.9767,-3.5506,22.963
0.698542,-20.7979,-11.2132,-4.0606,23.974
0.708354,-20.7551,-12.7149,-4.2221,24.704
0.709019,-20.2982,-14.2801,-4.1007,25.155
0.712656,-19.5993,-15.7928,-3.8709,25.466
0.717941,-18.5482,-17.2369,-3.5723,25.572
0.722739,-17.0528,-18.5973,-3.2936,25.446
0.729620,-15.1188,-19.8145,-3.0719,25.112
0.732782,-12.5966,-20.7104,-3.1973,24.450
0.737587,-9.5473,-21.0326,-3.7585,23.402
0.742342,-5.7068,-20.5978,-4.8972,21.928
0.747541,-0.7487,-19.2738,-6.9843,20.514
0.754717,5.1888,-16.9805,-10.2569,20.505
0.757516,12.0195,-13.7632,-14.3056,23.207
0.762333,20.0901,-10.2525,-18.1249,28.935
0.767627,28.4812,-6.3050,-20.9164,35.895
0.772600,34.4487,-0.9483,-21.9770,40.873
0.777835,37.4912,5.0257,-20.9424,43.237
0.782285,43.0066,7.4200,-19.3713,47.748
0.789264,49.2011,7.2113,-19.3664,53.365
0.792280,51.8171,7.7632,-18.0519,55.418
0.802515,51.4360,8.8159,-16.0308,54.593
0.804678,48.0883,9.5618,-13.8633,50.952
0.812680,42.0795,10.1066,-11.3411,44.738
0.814532,35.8247,9.5554,-9.2166,38.205
0.820642,30.3283,7.8624,-7.8757,32.306
0.822181,25.6172,5.9617,-6.6624,27.132
0.828979,21.5780,4.1436,-5.3212,22.607
0.832306,17.8481,2.3145,-4.0233,18.442
0.837251,14.4430,0.5652,-3.1603,14.796
0.842076,11.3574,-1.1130,-2.8735,11.768
0.847335,8.4491,-2.8513,-3.0674,9.430
0.853582,5.8201,-4.4031,-3.6433,8.157
0.857174,3.4764,-5.7241,-4.4453,8.038
0.862106,1.3719,-6.8565,-5.4040,8.837
0.867079,-0.6274,-7.9025,-6.5130,10.260
0.872078,-2.5017,-9.0099,-7.7942,12.173
0.882239,-4.4287,-10.1227,-9.0357,14.273
0.882801,-7.0507,-11.3213,-9.9980,16.669
0.887925,-10.5057,-12.2035,-10.5713,19.263
0.891959,-15.0116,-12.8521,-10.8992,22.568
0.897377,-20.7698,-13.3032,-10.7499,26.906
0.901960,-26.1649,-13.6244,-9.9161,31.122
0.907159,-30.7525,-13.5340,-8.4078,34.635
0.912937,-32.9936,-14.4725,-6.6625,36.639
0.916956,-36.8980,-13.1881,-3.3896,39.330
0.921848,-38.7880,-12.5675,-0.2801,40.774
0.927666,-37.5937,-14.8284,2.3917,40.483
0.931829,-36.4698,-16.6938,3.8466,40.293
0.936753,-34.9416,-18.0225,4.6601,39.591
0.941886,-32.0260,-20.0952,4.6098,38.088
0.948061,-28.4645,-22.3579,3.5407,36.368
0.951943,-24.6292,-24.2101,1.3738,34.563
0.956911,-21.3908,-24.7387,-1.4487,32.736
0.962292,-18.6018,-24.2083,-4.4647,30.855
0.966757,-15.8182,-23.1545,-7.5926,29.052
0.971595,-12.7059,-21.7981,-10.5415,27.344
0.976835,-8.9895,-20.2758,-12.8530,25.634
0.982574,-4.2844,-18.6169,-14.5689,24.025
0.988999,1.2142,-16.6739,-15.6234,22.882
0.991749,7.3026,-14.1246,-15.8050,22.419
0.996662,13.6194,-11.1645,-15.5024,23.462
1.001797,19.9040,-7.9956,-14.8436,26.085
1.006851,25.2067,-4.6182,-13.8970,29.152
1.013247,28.9683,-1.1207,-12.6009,31.610
1.016495,31.7071,1.7825,-11.3392,33.721
1.021563,32.8666,4.4147,-9.8660,34.598
1.026474,35.1996,5.3283,-8.7942,36.671
1.031442,36.8510,5.5759,-7.8058,38.079
1.038893,37.1801,5.9232,-6.7867,38.256
1.041843,35.1825,6.9845,-5.5918,36.302
1.047347,31.9920,7.8130,-4.4083,33.226
1.051241,28.7771,7.7332,-3.8280,30.043
1.056280,25.6098,7.1589,-3.4982,26.821
1.063455,22.3075,6.6933,-3.1559,23.503
1.066319,19.2425,6.1922,-2.7688,20.403
1.071877,16.4995,5.4679,-2.4729,17.557
1.076540,13.8024,4.7366,-2.2428,14.764
1.081133,11.2631,3.9542,-1.8856,12.085
1.086207,9.1268,3.1878,-1.4719,9.779
1.091090,7.3675,2.3870,-1.0802,7.819
1.096147,5.7730,1.5151,-0.7408,6.014
1.101237,4.3514,0.6835,-0.5807,4.443
1.106283,3.1259,-0.1283,-0.5184,3.171
1.111026,2.0005,-0.9000,-0.6154,2.278
1.116040,0.9936,-1.6572,-0.9030,2.133
1.120927,0.1407,-2.4135,-1.2189,2.708
1.126063,-0.6089,-3.0871,-1.5405,3.503
1.131519,-1.2102,-3.7635,-1.8934,4.383
1.136328,-1.8758,-4.4411,-2.2924,5.338
1.140966,-2.5382,-4.9408,-2.5745,6.122
1.146001,-3.1419,-5.3141,-2.7733,6.768
1.151098,-3.8281,-5.4994,-2.7990,7.262
1.156097,-4.3642,-5.4019,-2.7334,7.463
1.161255,-4.7908,-5.2189,-2.7292,7.592
1.166070,-5.0022,-5.1088,-2.8481,7.696
1.170850,-5.0359,-5.0447,-2.7857,7.653
1.175977,-5.1007,-4.8644,-2.6371,7.526
1.181009,-5.0817,-4.6073,-2.3402,7.248
1.186471,-4.9836,-4.2886,-2.0817,6.897
1.190853,-4.9164,-3.9524,-2.0292,6.626
1.195867,-4.7908,-3.6566,-1.9189,6.325
1.200924,-4.5349,-3.4688,-1.7859,5.982
1.205962,-4.3082,-3.2505,-1.6062,5.631
1.211369,-4.0670,-3.0261,-1.4758,5.280
1.215884,-3.8057,-2.7433,-1.3285,4.876
1.220681,-3.3706,-2.5079,-1.2127,4.373
1.226029,-2.8628,-2.3533,-1.0856,3.862
1.230731,-2.3407,-2.2938,-0.9238,3.405
1.238711,-1.9148,-2.2528,-0.8228,3.069
1.240630,-1.5943,-2.1396,-0.6820,2.754
1.247961,-1.4167,-1.9784,-0.5448,2.494
1.250535,-1.3488,-1.8314,-0.5408,2.338
1.256108,-1.3104,-1.7373,-0.5223,2.238
1.261263,-1.1843,-1.7052,-0.4850,2.132
1.265805,-1.0578,-1.6778,-0.5008,2.046
1.270455,-0.9450,-1.5358,-0.4881,1.868
1.275492,-0.8838,-1.3702,-0.4035,1.680
1.280628,-0.8163,-1.3054,-0.3048,1.569
1.286158,-0.7573,-1.2409,-0.1969,1.467
1.290427,-0.7289,-1.1239,-0.0701,1.341
1.295385,-0.6595,-1.0071,0.0089,1.204
1.300607,-0.6351,-0.9240,0.0640,1.123
1.305599,-0.5645,-0.9272,0.1195,1.092
1.311390,-0.5288,-0.8586,0.2234,1.033
1.315529,-0.5186,-0.8142,0.2943,1.009
1.320354,-0.4557,-0.7696,0.4044,0.982
1.325506,-0.4317,-0.6580,0.5157,0.941
1.330547,-0.4893,-0.5609,0.6333,0.977
1.336270,-0.4897,-0.5068,0.6809,0.980
1.340162,-0.4136,-0.4527,0.6632,0.903
1.345419,-0.3905,-0.3841,0.4986,0.741
1.350238,-0.4483,-0.2532,0.2586,0.576
1.355623,-0.4392,-0.2180,0.0095,0.490
1.360207,-0.4829,-0.1970,-0.1969,0.557
1.365334,-0.5747,-0.1806,-0.3754,0.710
1.370050,-0.6384,-0.1784,-0.5120,0.838
1.375080,-0.6125,-0.2195,-0.6068,0.890
1.380420,-0.6109,-0.2937,-0.5836,0.894
1.385215,-0.6003,-0.3486,-0.4805,0.844
1.390172,-0.4757,-0.3650,-0.4598,0.756
1.395147,-0.3470,-0.3335,-0.3875,0.618
1.400035,-0.2814,-0.2925,-0.2678,0.486
1.405016,-0.2839,-0.2660,-0.2060,0.440
1.410124,-0.2047,-0.2967,-0.0772,0.369
1.415054,-0.1353,-0.3797,0.0418,0.405
1.419864,-0.1282,-0.4145,0.1566,0.461
1.425008,-0.1258,-0.4730,0.3011,0.575
1.430037,-0.1569,-0.4930,0.4278,0.671
1.436315,-0.2366,-0.5465,0.4987,0.777
1.440140,-0.3159,-0.5806,0.5092,0.834
1.444883,-0.3429,-0.6528,0.4834,0.882
1.449942,-0.4422,-0.6675,0.4071,0.898
1.454855,-0.5706,-0.7062,0.2801,0.950
1.459898,-0.6711,-0.8119,0.1498,1.064
1.464858,-0.7392,-0.8986,-0.0083,1.164
1.472887,-0.8081,-0.9422,-0.2415,1.265
1.474909,-0.9069,-0.9764,-0.5458,1.440
1.484335,-1.0643,-1.0205,-0.8690,1.712
1.484899,-1.2039,-1.1653,-1.1975,2.059
1.489878,-1.3114,-1.3104,-1.5079,2.390
1.494790,-1.4495,-1.4653,-1.8344,2.759
1.500336,-1.5600,-1.6060,-2.1052,3.073
1.504776,-1.6674,-1.7136,-2.3831,3.376
1.509798,-1.8479,-1.8933,-2.7261,3.799
1.514848,-2.1065,-2.1354,-3.0387,4.270
1.519520,-2.4292,-2.3111,-3.3262,4.723
1.526059,-2.7305,-2.4923,-3.6084,5.166
1.536527,-3.1305,-2.7321,-3.8620,5.673
1.541944,-3.6638,-3.0163,-4.0584,6.244
1.542306,-4.4173,-3.4410,-4.2604,7.036
1.544390,-5.3538,-4.0160,-4.2960,7.953
1.549421,-6.4753,-4.5506,-4.0751,8.902
1.554374,-7.7079,-5.0078,-3.6367,9.885
1.560593,-9.0066,-5.4460,-3.0467,10.957
1.564638,-10.5672,-5.9003,-2.3147,12.322
1.569885,-12.2301,-6.5245,-1.5004,13.943
1.574389,-13.7798,-7.4583,-0.6595,15.683
1.579278,-15.4560,-8.3622,-0.0330,17.573
1.584518,-17.1194,-9.1312,0.8358,19.420
1.589321,-18.5083,-9.7449,1.8025,20.994
1.598170,-19.2593,-10.4142,2.4651,22.033
1.599320,-19.7855,-11.4894,2.8348,23.054
1.605233,-20.2948,-13.0230,2.9990,24.300
1.609236,-20.4701,-14.7649,2.8891,25.404
1.614342,-20.3517,-16.3636,2.3192,26.217
1.619992,-20.0671,-17.9359,1.2921,26.945
1.624220,-19.3949,-19.5752,-0.4747,27.560
1.629560,-18.2762,-21.2148,-2.9994,28.162
1.634997,-16.8057,-22.4648,-6.0586,28.702
1.644327,-14.9187,-23.3055,-8.9596,29.086
1.645338,-12.2589,-23.6575,-11.5875,29.056
1.652174,-8.3114,-23.2662,-13.8591,28.328
1.654063,-2.6955,-22.2997,-15.6979,27.404
1.658880,4.0191,-20.8895,-17.2111,27.363
1.664181,11.0089,-18.6382,-18.2243,28.297
1.672375,18.3034,-15.4632,-18.7885,30.449
1.674137,25.7594,-11.6189,-19.0876,34.101
1.681605,32.7406,-7.5587,-19.1278,38.665
1.684055,38.8657,-3.5892,-18.7502,43.301
1.689080,43.4654,0.0388,-17.8638,46.993
1.696423,46.2393,2.9014,-16.8203,49.289
1.698969,46.6666,4.7395,-15.5395,49.414
1.707644,45.2974,5.5675,-14.1380,47.778
1.708755,42.5120,5.5903,-12.8184,44.753
1.716041,38.8712,5.1887,-11.6401,40.907
1.721867,34.8497,4.6792,-10.5853,36.721
1.723917,30.0721,3.9906,-9.8494,31.895
1.728926,24.7446,3.0287,-9.4085,26.646
1.734890,19.8610,2.0230,-9.0301,21.911
1.739439,15.8756,1.2369,-8.4364,18.020
1.744206,12.6875,0.7517,-7.7255,14.874
1.748688,9.9521,0.2675,-7.0565,12.203
1.753855,7.1962,-0.2834,-6.6979,9.835
1.758657,3.6971,-0.8588,-6.7316,7.728
1.763832,-0.1344,-1.4171,-6.7908,6.938
1.768705,-3.8346,-1.7290,-6.3302,7.600
1.773825,-6.9803,-1.8493,-5.3253,8.972
1.778661,-9.3620,-2.0821,-4.0309,10.403
1.783720,-10.9720,-2.5142,-2.6573,11.566
1.788730,-12.0210,-2.9697,-1.2726,12.448
1.794609,-12.4508,-3.2162,0.1655,12.861
1.799063,-12.1268,-3.4279,1.3555,12.675
1.803588,-11.0693,-3.7043,2.3559,11.908
1.808542,-9.6086,-4.0044,3.0227,10.840
1.814661,-8.0240,-4.2777,3.3013,9.674
1.818627,-6.5990,-4.2490,3.3469,8.532
1.824685,-4.5255,-4.6234,2.7395,7.026
1.832320,-4.2093,-3.6982,2.6349,6.192
1.833932,-3.4503,-3.1071,2.2785,5.172
1.838411,-2.0025,-3.2425,1.4807,4.089
1.843431,-1.0119,-3.4199,0.5829,3.614
1.848329,-0.3571,-3.3477,-0.2645,3.377
1.855133,0.0351,-3.0405,-0.8623,3.161
1.858820,0.1890,-2.8621,-1.1766,3.100
1.863407,-0.0040,-2.7789,-1.1983,3.026
1.868272,-0.5254,-2.6374,-0.9480,2.851
1.873605,-1.1276,-2.3418,-0.5472,2.656
1.878218,-1.6493,-2.1266,-0.1607,2.696
1.883383,-2.0107,-1.9726,0.1856,2.823
1.888221,-2.2183,-1.8606,0.5279,2.943
1.893277,-2.2526,-1.6952,0.7603,2.920
1.898332,-2.1235,-1.6156,0.8893,2.812
1.903311,-1.9984,-1.4974,0.9632,2.676
1.908540,-1.8339,-1.2837,0.9671,2.438
1.913302,-1.5434,-1.0031,0.8807,2.041
1.918590,-1.1074,-0.7804,0.6552,1.505
1.923115,-0.5675,-0.7013,0.2734,0.943
1.928028,-0.0281,-0.5791,-0.0845,0.586
1.933303,0.3971,-0.5142,-0.3390,0.733
1.938111,0.7571,-0.4442,-0.4678,0.995
1.942990,1.0529,-0.4170,-0.5149,1.244
1.948068,1.2418,-0.4514,-0.5955,1.449
1.953002,1.3924,-0.5283,-0.5577,1.590
1.957907,1.5479,-0.6475,-0.4102,1.727
1.963114,1.5123,-0.7804,-0.2430,1.719
1.967791,1.3808,-0.8552,0.0124,1.624
1.972942,1.1721,-0.8625,0.2566,1.478
1.981596,0.9853,-0.8743,0.4580,1.395
1.982841,0.7059,-0.8616,0.6400,1.285
1.993632,0.4184,-0.8821,0.8573,1.299
1.993985,0.1313,-0.8785,1.0101,1.345
1.997742,-0.1902,-0.8651,1.1761,1.472
2.002774,-0.4707,-0.7897,1.3320,1.618
2.007742,-0.6590,-0.7336,1.4547,1.758
2.012743,-0.8554,-0.6683,1.5148,1.864
2.017932,-0.9935,-0.6034,1.4936,1.893
2.022834,-1.0882,-0.5486,1.4056,1.860
2.027975,-1.1632,-0.4990,1.1782,1.729
2.032786,-1.0979,-0.4642,0.8923,1.489
2.037990,-0.0462,-0.7804,1.3976,1.601
2.042773,2.0773,-1.2093,3.5141,4.258
2.047656,1.3530,-0.2430,3.6307,3.882
2.053058,0.0531,0.4150,2.7798,2.811
2.057698,0.0444,0.0388,1.7634,1.764
2.062726,0.1114,-0.2546,0.5651,0.630
2.067778,-0.2536,-0.1301,-0.5108,0.585
2.072575,-0.5997,0.0200,-1.1020,1.255
2.080506,-0.6362,-0.0389,-1.2335,1.388
2.082847,-0.6220,-0.1104,-1.0150,1.196
2.088447,-0.4902,-0.0851,-0.5503,0.742
2.092495,-0.3842,-0.0788,-0.0385,0.394
2.097963,-0.2275,-0.0920,0.3740,0.447
2.102921,-0.1150,-0.0770,0.6732,0.687
2.107410,-0.0954,-0.0436,0.7694,0.776
2.112418,-0.1494,-0.0589,0.7247,0.742
2.117483,-0.2102,-0.1274,0.5201,0.575
2.122391,-0.3355,-0.1725,0.3036,0.484
2.128249,-0.4874,-0.1511,0.0800,0.516
2.132451,-0.6274,-0.1060,-0.0895,0.643
2.137296,-0.6504,-0.0901,-0.1856,0.682
2.142326,-0.6185,-0.1223,-0.1895,0.658
2.147217,-0.4499,-0.1835,-0.1108,0.498
2.153020,-0.2254,-0.1972,0.0026,0.299
2.157615,-0.0783,-0.1969,0.0549,0.219
2.162300,0.1068,-0.2161,0.0987,0.260
2.167106,0.2635,-0.2259,0.1143,0.365
2.172253,0.3923,-0.2358,0.0536,0.461
2.178227,0.4888,-0.2074,-0.0792,0.537
2.182151,0.5102,-0.1116,-0.2944,0.600
2.188012,0.4661,-0.0726,-0.5355,0.714
2.192213,0.4428,0.0007,-0.7505,0.871
2.197927,0.4350,0.1132,-0.8345,0.948
2.207372,0.4378,0.1931,-0.8208,0.950
2.207740,0.5182,0.2497,-0.6660,0.880
2.212025,0.6381,0.2924,-0.3166,0.770
2.216924,0.8260,0.3826,0.2672,0.949
2.222161,0.9435,0.4292,0.8470,1.339
2.227028,0.7837,0.4845,1.1844,1.501
2.232010,0.4948,0.5102,1.2605,1.447
2.236982,0.2053,0.4923,1.1422,1.261
2.242096,-0.0517,0.4404,0.9541,1.052
2.246918,-0.2911,0.3786,0.8203,0.949
2.251864,-0.4266,0.2974,0.6683,0.847
2.257201,-0.5206,0.2689,0.5696,0.817
2.261984,-0.5586,0.2405,0.4519,0.758
2.266886,-0.4928,0.1931,0.3340,0.626
2.271854,-0.3897,0.1699,0.2733,0.505
2.276778,-0.3063,0.1324,0.2027,0.390
2.281806,-0.2567,0.0618,0.0742,0.274
2.288869,-0.2217,0.0009,0.0556,0.229
2.291858,-0.1342,0.0167,0.1232,0.183
2.297068,-0.0086,0.0658,0.1432,0.158
2.301699,0.0547,0.0429,0.1639,0.178
2.306596,0.0844,0.0101,0.2093,0.226
2.311639,0.0853,-0.0470,0.2272,0.247
2.316515,0.0474,-0.0996,0.2366,0.261
2.321704,0.0045,-0.1430,0.1659,0.219
2.326491,0.0040,-0.1292,0.0867,0.156
2.331587,-0.0401,-0.1540,0.0322,0.162
2.336595,-0.0659,-0.1357,-0.1322,0.201
2.341600,-0.0827,-0.1748,-0.2391,0.307
2.346458,-0.0715,-0.2090,-0.3029,0.375
2.351762,-0.0656,-0.2382,-0.2953,0.385
2.356496,-0.0694,-0.2529,-0.3647,0.449
2.361793,-0.0879,-0.2817,-0.4443,0.533
2.366466,-0.0825,-0.3197,-0.4384,0.549
2.371754,-0.0629,-0.3288,-0.4091,0.529
2.376641,-0.0721,-0.3139,-0.3226,0.456
2.381654,-0.0905,-0.3278,-0.2074,0.398
2.386549,-0.0846,-0.3562,-0.1781,0.407
2.391509,-0.0882,-0.3800,-0.1194,0.408
2.396321,-0.1394,-0.3466,-0.0503,0.377
2.401557,-0.2050,-0.3375,0.0005,0.395
2.406361,-0.2802,-0.2953,0.0235,0.408
2.411319,-0.3175,-0.2055,0.0183,0.379
2.416742,-0.2786,-0.0967,0.0228,0.296
2.421276,-0.2447,-0.0359,-0.0110,0.248
2.426104,-0.2397,-0.0038,-0.0355,0.242
2.431167,-0.2249,0.0236,-0.0556,0.233
2.439433,-0.2439,0.0560,-0.0668,0.259
2.441242,-0.2010,0.1030,-0.0645,0.235
2.446079,-0.2255,0.1406,-0.0439,0.269
2.451505,-0.1879,0.1307,0.0142,0.229
2.456150,-0.1648,0.1113,0.0574,0.207
2.461695,-0.1513,0.1016,0.0954,0.206
2.466019,-0.1473,0.0825,0.0469,0.175
2.471014,-0.0953,0.0971,0.0409,0.142
2.476017,-0.0049,0.1310,0.0679,0.148
2.481230,0.0091,0.1411,0.0755,0.160
2.486590,0.0331,0.1033,0.1021,0.149
2.490949,0.0625,0.0800,0.1238,0.160
2.495867,0.0443,0.0852,0.1602,0.187
2.500909,-0.0119,0.0377,0.2113,0.215
2.505872,-0.0344,-0.0099,0.2484,0.251
2.511245,-0.0807,-0.0099,0.2434,0.257
2.515683,-0.0836,0.0231,0.4456,0.454
2.521029,0.0139,-0.1306,0.3079,0.335
2.525680,-0.0085,-0.2027,0.0841,0.220
2.530809,-0.2464,-0.0929,-0.0532,0.269
2.536317,-0.4177,-0.0358,-0.0709,0.425
2.540686,-0.3192,-0.1404,-0.0407,0.351
2.545741,-0.2933,-0.2819,-0.0210,0.407
2.550700,-0.2540,-0.2034,0.0263,0.326
2.556080,-0.1866,-0.1588,0.0730,0.256
2.561161,-0.1153,-0.1192,0.1050,0.196
2.565634,-0.0256,-0.1132,0.1270,0.172
2.570696,0.0254,-0.1167,0.1869,0.222
2.575607,0.0284,-0.1346,0.2513,0.286
2.580630,0.1074,-0.1097,0.2681,0.309
2.590157,0.1240,-0.1090,0.2997,0.342
2.590624,0.1453,-0.0943,0.3318,0.374
2.595514,0.1287,-0.1371,0.3030,0.357
2.600555,0.0646,-0.1802,0.5518,0.584
2.605728,0.0627,-0.2185,0.4812,0.532
2.611276,0.0131,-0.2233,0.1976,0.298
2.615511,-0.0360,-0.1330,-0.1646,0.215
2.620442,0.0393,-0.0575,-0.4151,0.421
2.625537,0.1005,-0.0440,-0.5696,0.580
2.630515,0.0856,-0.0588,-0.5956,0.605
2.635352,-0.0287,-0.0110,-0.7848,0.785
2.640658,-0.1133,0.0516,-1.2697,1.276
2.645443,-0.0401,0.0054,-1.2927,1.293
2.650341,-0.0146,-0.0068,-0.7609,0.761
2.655317,-0.0462,-0.0569,-0.2380,0.249
2.660515,-0.0582,-0.1117,0.1106,0.168
2.665288,-0.0512,-0.1665,0.2769,0.327
2.671970,-0.1539,-0.1879,0.2763,0.368
2.675270,-0.2277,-0.1475,0.2671,0.381
2.681633,-0.3017,-0.0840,0.2633,0.409
2.685161,-0.2715,-0.0403,0.2650,0.381
2.690235,-0.2279,-0.0208,0.3003,0.377
2.695061,-0.1423,0.0223,0.3355,0.365
2.700286,-0.0053,0.0743,0.3707,0.378
2.705021,0.0357,0.0783,0.4059,0.415
2.710055,-0.0139,0.1346,0.2983,0.328
2.715067,0.0130,0.2096,0.1388,0.252
