0.004608,0.1549,0.0937,0.1135,0.214
0.004864,0.0143,0.0473,0.1033,0.114
0.006529,-0.0397,-0.0044,0.1219,0.128
0.011206,-0.0025,-0.1376,-0.0213,0.139
0.017070,0.0111,-0.1805,-0.1640,0.244
0.021143,-0.0223,-0.2428,-0.2349,0.339
0.026086,-0.0216,-0.2483,-0.2490,0.352
0.031088,-0.1013,-0.1879,-0.2255,0.310
0.036059,-0.1420,-0.1426,-0.1979,0.282
0.041933,-0.1109,-0.0935,-0.2182,0.262
0.046120,-0.1227,-0.1068,-0.2384,0.289
0.051085,-0.1820,-0.0821,-0.2298,0.304
0.056059,-0.1696,-0.0718,-0.2020,0.273
0.062168,-0.1194,-0.0378,-0.2220,0.255
0.065974,-0.0456,-0.0371,-0.2042,0.213
0.071073,0.0421,0.0160,-0.2299,0.234
0.075867,0.0390,0.0356,-0.1895,0.197
0.080761,0.0408,0.0694,-0.1971,0.213
0.085826,0.0903,0.0649,-0.1623,0.197
0.090673,0.1538,0.0796,-0.1566,0.233
0.095909,0.1410,0.0608,-0.1421,0.209
0.100842,0.1620,0.0468,-0.1568,0.230
0.105737,0.2023,-0.0151,-0.1958,0.282
0.110953,0.1002,-0.0247,-0.2020,0.227
0.115848,0.0846,0.0178,-0.0895,0.124
0.120678,0.0928,0.0593,-0.0392,0.117
0.125584,0.0199,0.1095,-0.0078,0.112
0.130726,-0.0003,0.0214,-0.0187,0.028
0.136777,-0.0302,-0.0663,-0.0004,0.073
0.140572,-0.0029,-0.0587,0.0134,0.060
0.145788,-0.0138,-0.1086,-0.0156,0.111
0.154619,0.0325,-0.1397,-0.0252,0.146
0.155622,0.0452,-0.1617,-0.0013,0.168
0.160503,0.0388,-0.1601,0.0177,0.166
0.165795,0.0469,-0.1301,-0.0110,0.139
0.170834,0.0834,-0.1146,-0.0302,0.145
0.175543,0.0769,-0.0945,0.0078,0.122
0.180493,0.0942,-0.0223,0.0028,0.097
0.185475,0.0877,-0.0317,-0.0641,0.113
0.190830,0.1190,-0.0839,-0.0536,0.155
0.195515,0.2148,-0.4110,0.0546,0.467
0.200374,-0.0751,-0.1466,0.1911,0.252
0.205516,-0.2610,-0.1811,0.1811,0.366
0.210345,-0.1296,-0.8021,-0.1451,0.825
0.215371,-0.1491,-0.8936,-0.4289,1.002
0.220370,-0.7335,-0.1356,-0.1778,0.767
0.225270,-0.3733,-0.5203,0.1257,0.653
0.230705,-0.0876,-0.5987,0.1473,0.623
0.235225,-0.1939,-0.1547,0.1548,0.292
0.240220,-0.0956,-0.0186,0.2112,0.233
0.245507,-0.1122,0.0875,0.0202,0.144
0.254061,-0.2094,0.3114,-0.0598,0.380
0.255107,-0.1778,0.4770,-0.0628,0.513
0.260164,-0.0473,0.5803,-0.1219,0.595
0.265018,0.0480,0.7221,-0.0844,0.729
0.270339,0.2648,0.5270,0.0398,0.591
0.275446,0.3508,0.2686,0.0543,0.445
0.280086,0.3928,0.3130,0.1450,0.523
0.285066,0.4727,0.2061,0.0679,0.520
0.290497,0.4289,0.1011,-0.0148,0.441
0.295207,0.3051,0.0928,0.0921,0.332
0.300159,0.2396,-0.1285,0.2115,0.344
0.305024,-0.1340,-0.1425,0.3436,0.395
0.309928,-0.5807,-0.0596,0.3978,0.706
0.315117,-0.6435,-0.0140,0.5079,0.820
0.320131,-0.5638,-0.0203,0.7554,0.943
0.325363,-0.4996,-0.3779,0.8831,1.083
0.329833,-0.5982,-0.7236,1.0970,1.444
0.334899,-0.6485,-0.9156,1.1291,1.592
0.339818,-0.7126,-1.1024,1.2040,1.781
0.345018,-0.5955,-1.1271,1.1363,1.708
0.350375,-0.4175,-1.0765,1.0122,1.535
0.354733,-0.3690,-1.0363,0.8746,1.405
0.363867,-0.3914,-0.9350,0.7560,1.265
0.365442,-0.4553,-0.8543,0.6987,1.194
0.369743,-0.5417,-0.8653,0.6504,1.210
0.375207,-0.4228,-0.7066,0.7310,1.101
0.379702,-0.3993,-0.6408,0.5824,0.954
0.384674,-0.4325,-0.9521,0.4016,1.120
0.389763,-0.2656,-1.0056,0.3412,1.095
0.394845,-0.1702,-0.9749,0.2278,1.016
0.399857,-0.2074,-0.9173,0.1902,0.959
0.404603,-0.2485,-0.8987,0.2139,0.957
0.410171,-0.1707,-0.8279,0.3424,0.912
0.414717,-0.1226,-0.7618,0.4040,0.871
0.419596,-0.2421,-0.6379,0.3852,0.784
0.424937,-0.3087,-0.6377,0.1864,0.733
0.429636,-0.2610,-0.6555,0.0938,0.712
0.434572,-0.0893,-0.7211,0.2620,0.772
0.439426,0.0162,-0.8830,0.3840,0.963
0.444581,-0.0160,-1.1977,0.4430,1.277
0.449894,-0.0957,-1.4503,0.4647,1.526
0.454752,-0.1696,-1.5570,0.5161,1.649
0.459321,-0.1902,-1.5905,0.4542,1.665
0.464674,-0.2626,-1.6180,0.3466,1.675
0.469987,-0.3672,-1.5728,0.2507,1.634
0.475411,-0.3095,-1.4459,0.1671,1.488
0.479472,-0.0347,-1.3223,0.2011,1.338
0.484296,-0.0184,-1.3832,0.1079,1.388
0.489313,0.2200,-1.4370,0.1377,1.460
0.494540,0.4304,-1.5122,0.0825,1.574
0.499816,0.4619,-1.5093,-0.0581,1.579
0.504288,0.2960,-1.3628,-0.4936,1.479
0.509318,-0.0555,-1.5281,-1.1648,1.922
0.514110,-0.1299,-1.6466,-1.3524,2.135
0.519302,-0.1392,-1.3908,-0.7478,1.585
0.524421,-0.6850,-1.0491,0.0009,1.253
0.529530,-1.3087,-0.6744,0.7719,1.662
0.534315,-1.5542,-0.3064,1.1453,1.955
0.539034,-1.5519,0.0081,0.9330,1.811
0.544058,-1.3101,0.2297,0.5792,1.451
0.549786,-1.0442,0.2550,0.2976,1.115
0.554022,-0.7969,0.1565,0.1784,0.832
0.558920,-0.5017,0.1163,0.1594,0.539
0.563968,-0.2212,0.1535,0.1742,0.321
0.569237,-0.0659,0.1970,0.2804,0.349
0.575275,0.0757,0.1823,0.1903,0.274
0.579084,0.0940,0.0718,0.0326,0.123
0.583909,-0.1057,0.0376,-0.1216,0.165
0.589475,-0.3415,-0.0208,-0.2529,0.425
0.594000,-0.4569,-0.0888,-0.3212,0.566
0.599790,-0.2228,-0.1565,-0.3264,0.425
0.603725,0.0908,-0.2281,-0.0025,0.246
0.608783,0.2071,-0.2852,0.2718,0.445
0.613748,0.0931,-0.3709,0.1766,0.421
0.618678,-0.1214,-0.3269,-0.0199,0.349
0.623757,-0.5072,-0.2244,-0.0992,0.563
0.628725,-1.1117,0.0246,-0.0534,1.113
0.633685,-1.6278,0.3763,0.1314,1.676
0.639163,-1.9342,0.8423,0.3472,2.138
0.643752,-1.8623,1.1462,0.6409,2.279
0.649714,-1.7319,1.4948,1.0877,2.533
0.653714,-1.6073,1.7262,1.3642,2.725
0.659116,-1.2693,1.5782,1.4804,2.509
0.664125,-0.8976,1.1301,1.3065,1.947
0.670418,-0.5670,0.5830,0.8120,1.149
0.673771,-0.3663,0.1566,0.2107,0.451
0.678542,-0.2418,-0.0496,-0.1776,0.304
0.683503,-0.0441,0.0440,-0.2908,0.297
0.688842,-0.3089,0.4943,-0.2921,0.652
0.693500,-1.7965,1.6612,-0.5323,2.504
0.698495,-2.0445,2.2518,-0.5446,3.090
0.703588,-1.0413,2.2495,0.0097,2.479
0.708787,-1.1392,3.2324,0.0905,3.428
0.713370,-1.0006,4.3986,0.1724,4.514
0.718494,-0.3642,5.0102,0.6651,5.067
0.723502,-0.2425,5.6371,0.8485,5.706
0.728442,-0.0769,5.8455,0.8382,5.906
0.733397,1.1488,4.2807,0.3941,4.450
0.738501,2.7459,1.3586,-0.7881,3.163
0.743257,3.5349,-1.3050,-1.6317,4.106
0.748179,2.6472,-1.4174,-2.4420,3.870
0.753234,0.7692,-0.3531,-2.0878,2.253
0.759857,-0.8624,0.2823,-0.7571,1.182
0.763808,-1.1943,-0.0845,0.0840,1.200
0.768580,-0.8268,-0.8560,0.5922,1.329
0.773153,0.0162,-1.5565,0.9275,1.812
0.778186,1.1262,-1.7443,1.0717,2.337
0.783126,2.6954,-1.5067,1.3747,3.380
0.788060,4.1804,-1.0671,2.2102,4.848
0.793030,2.1229,-1.8007,1.8238,3.328
0.797919,-4.0117,-3.4491,0.7664,5.346
0.802975,-4.3966,-2.5894,1.5080,5.321
0.807896,-2.1715,-1.1945,2.3209,3.395
0.813062,-1.2234,-0.7193,2.8182,3.155
0.817858,-0.3469,-0.8299,3.2408,3.363
0.822968,0.8089,-1.2828,3.4984,3.813
0.827919,1.9281,-1.7236,3.7592,4.563
0.832905,2.7080,-1.9562,4.2648,5.417
0.837909,3.1087,-1.9039,4.9115,6.116
0.842988,3.1839,-1.6645,5.4969,6.567
0.847788,3.1442,-1.3815,5.9504,6.870
0.852873,3.1624,-1.0216,6.3452,7.163
0.860036,3.2766,-0.8282,6.5624,7.382
0.862935,3.7083,-1.0022,6.6030,7.639
0.867906,4.2713,-1.0868,6.4219,7.789
0.878116,4.3030,-0.6286,5.7818,7.235
0.885279,4.3677,-0.2085,5.0094,6.649
0.885679,4.3078,0.2421,4.2086,6.027
0.892746,4.1561,0.5109,3.3998,5.394
0.893072,3.9850,0.5655,2.7392,4.869
0.897467,3.8802,0.5467,2.1853,4.487
0.903035,4.0242,0.4601,1.5392,4.333
0.908049,4.4223,0.1911,1.0335,4.545
0.912897,4.6087,-0.1768,0.3956,4.629
0.917529,4.4287,-0.5105,-0.6101,4.500
0.922423,3.9461,-0.7878,-1.7391,4.384
0.927543,3.2743,-1.0225,-2.4390,4.209
0.932826,2.4796,-1.0867,-2.6011,3.754
0.937607,1.3845,-1.0344,-2.7620,3.258
0.942712,-0.0421,-0.7745,-3.2213,3.313
0.947523,-1.3817,-0.4951,-3.4060,3.709
0.952581,-3.1954,0.3693,-3.4826,4.741
0.962160,-4.9609,1.1913,-3.5633,6.223
0.962846,-5.9838,1.1915,-3.6512,7.110
0.969246,-5.9884,0.5523,-3.7608,7.093
0.972381,-5.3684,-0.3338,-3.7545,6.560
0.977290,-5.0376,-0.8604,-3.5022,6.195
0.983118,-5.1024,-0.9567,-2.9072,5.950
0.987252,-5.1889,-0.8776,-2.2495,5.723
0.992312,-5.1102,-0.9061,-1.6179,5.436
0.997166,-4.9331,-0.9948,-1.0391,5.139
1.003103,-4.8306,-1.2584,-0.6515,5.034
1.008037,-4.6225,-1.5918,-0.3528,4.902
1.012380,-4.2954,-1.8276,-0.0955,4.669
1.017174,-4.0078,-1.8510,-0.0764,4.415
1.022115,-3.6684,-1.7389,-0.3635,4.076
1.027203,-3.3676,-1.5823,-0.8774,3.823
1.032596,-3.3549,-1.5345,-1.5114,3.987
1.036934,-3.3124,-1.6048,-2.1468,4.261
1.042393,-3.2123,-1.5684,-2.8015,4.542
1.046964,-3.0836,-1.4066,-3.3101,4.737
1.052004,-3.2670,-1.1342,-3.6015,4.993
1.061107,-3.6577,-0.8140,-3.8437,5.368
1.062157,-3.9507,-0.4464,-4.0076,5.645
1.069356,-3.9685,-0.2181,-4.1537,5.749
1.071832,-3.8887,-0.1913,-4.1863,5.717
1.076759,-3.7881,-0.2797,-3.9995,5.516
1.082975,-3.6854,-0.3637,-3.6265,5.183
1.086978,-3.4694,-0.4527,-3.0958,4.672
1.091891,-3.1778,-0.4463,-2.4934,4.064
1.096758,-2.8618,-0.4738,-1.8868,3.460
1.102483,-2.4483,-0.5829,-1.4972,2.928
1.106716,-2.5940,-1.2280,-1.0125,3.043
1.111821,-2.5863,-1.2314,-0.7283,2.956
1.116814,-1.3174,-0.1398,-1.1852,1.778
1.121905,-0.6448,-0.1976,-0.5814,0.890
1.126633,-0.1250,-0.6663,-0.3666,0.771
1.131719,0.1984,-0.9186,-0.2716,0.978
1.136697,0.2426,-0.9453,-0.1189,0.983
1.141705,0.3029,-0.9049,-0.0851,0.958
1.146496,0.0529,-0.7544,-0.0884,0.761
1.151596,-0.6191,-0.8003,-0.0573,1.013
1.156562,-0.6214,-0.2674,-0.3569,0.765
1.161739,-0.6663,-0.1132,-0.4895,0.835
1.168389,-0.8246,-0.1361,-0.8382,1.184
1.171589,-1.0252,-0.1542,-1.2121,1.595
1.176516,-1.2495,-0.1483,-1.3533,1.848
1.181582,-1.4076,-0.2381,-1.5015,2.072
1.186497,-1.3987,-0.3804,-1.6909,2.227
1.191568,-0.8629,-1.0055,-2.0551,2.445
1.196374,-0.7035,-1.3470,-2.2733,2.734
1.202195,-0.7040,-1.4724,-2.2307,2.764
1.206404,-0.7781,-1.6020,-2.0991,2.753
1.211354,-0.9069,-1.7070,-2.0120,2.790
1.216595,-1.0815,-1.8402,-1.7778,2.778
1.221650,-1.3318,-2.0016,-1.5394,2.855
1.226382,-1.8548,-2.2009,-1.5113,3.251
1.231407,-2.6416,-2.3185,-1.7026,3.905
1.236297,-3.3911,-2.6225,-1.9651,4.716
1.241359,-4.0659,-3.0506,-2.3034,5.581
1.246602,-4.7484,-3.4927,-2.7814,6.518
1.252079,-5.5797,-3.8867,-3.2613,7.542
1.262352,-6.6764,-4.2138,-3.8447,8.781
1.268754,-8.0696,-4.5749,-4.3553,10.248
1.270380,-9.6760,-5.0036,-4.6257,11.835
1.271521,-11.6143,-5.3472,-4.5926,13.586
1.276062,-13.6307,-5.5634,-4.2065,15.311
1.281152,-15.4916,-6.2026,-3.2357,16.998
1.286321,-16.9425,-6.7285,-1.8293,18.321
1.291212,-17.9757,-7.0979,-0.3127,19.329
1.296073,-18.6608,-7.6880,1.0782,20.211
1.301484,-18.7712,-8.7121,2.4722,20.842
1.305785,-18.2259,-9.8226,3.9329,21.075
1.311417,-17.0588,-10.8531,5.2466,20.888
1.319267,-15.4584,-11.7661,6.0628,20.351
1.320992,-13.4220,-12.7001,6.4264,19.564
1.328815,-10.9428,-13.8792,6.4975,18.831
1.331000,-8.4196,-14.9770,6.1324,18.243
1.335802,-6.0458,-15.5436,5.2454,17.483
1.340747,-3.2604,-15.4896,3.7207,16.260
1.345759,0.1335,-14.7690,1.2865,14.825
1.350929,4.0023,-13.3999,-2.2786,14.169
1.355658,8.3155,-11.2243,-7.0263,15.636
1.360807,12.7321,-8.0494,-12.4100,19.517
1.365805,17.7346,-4.0560,-17.4492,25.208
1.370895,23.8120,0.2274,-21.8907,32.346
1.376377,30.0826,4.6792,-25.1216,39.471
1.381041,34.0576,9.1008,-26.5868,44.154
1.385687,37.0421,11.9435,-25.7085,46.644
1.392480,40.1669,12.2096,-24.6649,48.691
1.395552,41.1215,11.5806,-22.5458,48.305
1.400566,39.9505,11.0054,-19.5102,45.802
1.405361,36.2961,10.9988,-15.9218,41.133
1.410671,30.5552,11.2987,-12.1908,34.784
1.417843,25.2993,10.3296,-9.5263,28.940
1.420639,21.3400,7.8758,-8.2984,24.213
1.425525,18.0327,5.0500,-7.6833,20.241
1.431015,14.8904,2.6187,-7.1267,16.714
1.435410,11.8165,0.6797,-6.6549,13.579
1.440557,8.7068,-1.0122,-6.5445,10.939
1.445429,5.8339,-2.7435,-6.6305,9.248
1.450493,3.3141,-4.4351,-6.9870,8.915
1.455491,1.0390,-6.0854,-7.5642,9.764
1.460584,-1.3331,-7.6980,-8.2597,11.369
1.468698,-4.5602,-9.1173,-9.1539,13.701
1.470599,-8.8236,-10.1863,-9.7082,16.609
1.475286,-14.0889,-11.1417,-9.9255,20.522
1.480300,-20.2019,-11.9021,-9.6446,25.353
1.485207,-26.4655,-12.5741,-8.6622,30.554
1.491496,-32.1651,-13.0315,-6.9956,35.403
1.495212,-36.6206,-13.4797,-4.6992,39.305
1.500148,-38.4084,-14.5549,-2.1246,41.129
1.505210,-39.1938,-15.1835,0.7407,42.039
1.510491,-39.7127,-15.6510,3.5105,42.830
1.515575,-38.1662,-16.9050,5.7704,42.140
1.520226,-35.4321,-18.5978,7.6977,40.750
1.524975,-31.9347,-20.7433,8.4778,39.013
1.530245,-27.8262,-23.1187,8.3236,37.122
1.535676,-23.3286,-25.6120,7.2204,35.388
1.542932,-19.1231,-27.4370,5.4919,33.892
1.545027,-15.9861,-27.5075,3.4343,32.000
1.550751,-13.5363,-26.0413,0.6790,29.357
1.554861,-10.9309,-23.8110,-3.0542,26.378
1.560047,-7.2746,-21.1694,-8.1098,23.808
1.565581,-2.4942,-17.8412,-14.2025,22.940
1.570026,3.2649,-13.6179,-20.0434,24.451
1.576203,10.6123,-8.9938,-24.2011,27.914
1.580375,19.6101,-4.4237,-25.9476,32.824
1.584789,28.7111,0.0609,-25.4580,38.372
1.590526,36.6078,4.4127,-23.1933,43.561
1.594785,41.9487,8.3199,-19.8355,47.142
1.600984,44.9734,11.4004,-15.5001,48.917
1.604890,47.1045,12.4864,-12.7085,50.361
1.610416,46.9276,12.5649,-11.3518,49.889
1.618967,44.1783,12.5748,-10.9829,47.228
1.619747,39.1179,12.9767,-10.9043,42.632
1.624674,33.1861,13.2209,-10.3549,37.193
1.629655,28.4555,12.2960,-9.7521,32.496
1.634688,24.5528,10.4874,-9.0337,28.186
1.643799,20.9089,8.3813,-8.0701,23.928
1.644623,17.4985,6.2639,-6.9658,19.848
1.655112,14.2772,4.1886,-5.8069,15.972
1.655505,11.2324,2.1196,-4.9323,12.449
1.659706,8.3662,0.1139,-4.4122,9.459
1.667330,5.6887,-1.7770,-4.1368,7.255
1.670220,3.3676,-3.4884,-4.0795,6.337
1.675964,1.3608,-5.0694,-4.0389,6.623
1.679522,-0.4301,-6.3982,-4.0720,7.596
1.684457,-2.1192,-7.3382,-4.2902,8.760
1.690399,-3.5822,-8.0429,-4.5881,9.928
1.694657,-4.7372,-8.5561,-4.8422,10.913
1.699493,-5.6407,-8.9889,-4.9486,11.709
1.704341,-6.2855,-9.3800,-4.7825,12.262
1.709426,-6.7870,-9.6700,-4.4392,12.621
1.715442,-7.1995,-9.7783,-3.9946,12.783
1.719485,-7.4685,-9.8312,-3.4064,12.808
1.724320,-7.6390,-9.8496,-2.7809,12.771
1.730407,-7.5879,-9.7444,-2.1716,12.540
1.735182,-7.4912,-9.5606,-1.6938,12.263
1.739269,-7.4583,-9.2280,-1.3927,11.947
1.744209,-7.4777,-8.7674,-1.2259,11.588
1.749181,-7.3720,-8.2327,-1.2713,11.124
1.754384,-7.2607,-7.6873,-1.5545,10.688
1.759596,-7.0045,-7.1750,-1.7519,10.179
1.764345,-6.5612,-6.7875,-1.8892,9.628
1.769306,-6.0846,-6.4148,-1.9681,9.058
1.774165,-5.6323,-5.9857,-1.9848,8.455
1.779307,-5.2177,-5.5387,-1.8915,7.841
1.784189,-4.8488,-5.1985,-1.8176,7.338
1.790411,-4.6060,-4.8600,-1.8395,6.944
1.794030,-4.4172,-4.4946,-1.7993,6.554
1.798972,-4.1704,-4.1931,-1.5879,6.123
1.803895,-3.9082,-3.9458,-1.2963,5.703
1.808952,-3.6440,-3.7288,-0.9917,5.307
1.813934,-3.3958,-3.4844,-0.7693,4.926
1.818961,-3.0959,-3.2749,-0.5948,4.546
1.823893,-2.8969,-3.0764,-0.3720,4.242
1.828894,-2.7690,-2.8454,-0.2493,3.978
1.833847,-2.7121,-2.6635,-0.1548,3.804
1.838999,-2.6209,-2.4684,-0.0269,3.600
1.843945,-2.5336,-2.3606,0.0434,3.463
1.849705,-2.2582,-2.2297,0.0942,3.175
1.854184,-1.8805,-1.9799,0.0158,2.731
1.859269,-1.5480,-1.7261,-0.0629,2.319
1.863837,-1.2693,-1.5253,-0.1658,1.991
1.869741,-1.0628,-1.3391,-0.2698,1.731
1.873671,-0.9088,-1.2676,-0.3561,1.600
1.878798,-0.8213,-1.1766,-0.4057,1.491
1.883837,-0.8240,-1.1189,-0.4519,1.461
1.888691,-0.9071,-1.0560,-0.5953,1.514
1.893689,-1.0709,-0.9832,-0.7016,1.614
1.898711,-1.3203,-0.9486,-0.7994,1.812
1.903509,-1.7135,-0.9905,-0.8984,2.174
1.909281,-2.1507,-1.0659,-0.9653,2.587
1.913534,-2.5704,-1.1894,-1.0429,3.018
1.918714,-3.0359,-1.3467,-1.1464,3.514
1.923655,-3.6247,-1.5764,-1.2469,4.145
1.928627,-4.3718,-1.8596,-1.3060,4.927
1.933562,-5.3171,-2.2254,-1.2184,5.891
1.939158,-6.3196,-2.7223,-1.1173,6.971
1.944068,-7.2955,-3.2935,-1.1072,8.081
1.948614,-8.4358,-3.8393,-1.3411,9.365
1.953545,-9.9165,-4.3892,-1.7366,10.983
1.958526,-11.6941,-5.0824,-2.3751,12.970
1.963570,-13.1267,-6.0002,-2.8744,14.716
1.969298,-14.4681,-6.8978,-3.1583,16.336
1.974764,-15.8459,-7.8078,-3.3359,17.977
1.978483,-17.1673,-8.5809,-3.3763,19.487
1.983284,-18.3434,-9.1191,-3.1796,20.730
1.988333,-19.1806,-9.6445,-2.8123,21.652
1.993334,-19.4936,-10.5551,-2.2765,22.284
2.001572,-18.9850,-11.7931,-1.7881,22.421
2.003339,-17.2970,-13.6969,-1.8893,22.144
2.013592,-16.8447,-14.1982,-0.7069,22.042
2.014491,-15.6402,-14.9206,0.8112,21.631
2.021020,-13.0815,-16.1357,1.4711,20.824
2.024725,-10.1095,-17.1385,1.1289,19.930
2.028462,-6.4571,-17.5560,0.1623,18.707
2.033014,-1.8457,-17.7664,-2.1689,17.993
2.038512,3.1428,-17.5241,-6.8674,19.082
2.043109,8.7902,-15.9308,-12.3083,21.967
2.048217,15.2560,-13.1063,-16.1257,25.779
2.053130,21.9539,-9.1166,-18.3543,30.033
2.059978,28.6370,-4.3171,-20.1204,35.264
2.063524,34.8560,0.1113,-21.0408,40.714
2.071637,39.9925,3.2676,-20.3705,45.000
2.077706,43.5570,5.5708,-17.9953,47.456
2.078282,46.0663,6.9868,-15.0580,48.966
2.083247,46.3478,8.6108,-12.3170,48.723
2.087950,43.8453,10.1119,-10.0095,46.096
2.092932,39.4944,10.5380,-8.2041,41.691
2.101224,35.0099,9.3771,-7.0715,36.927
2.103091,30.2423,7.5610,-6.5568,31.855
2.114622,24.7971,5.8433,-6.3925,26.266
2.115208,19.5862,4.3574,-5.9862,20.939
2.118322,15.0802,2.9627,-4.9953,16.160
2.125153,11.0962,1.5237,-3.7209,11.802
2.127863,7.4513,0.1803,-2.2319,7.780
2.133432,4.0815,-0.9708,-0.7535,4.263
2.137713,1.1107,-1.9557,0.4943,2.303
2.142989,-1.4048,-2.6532,1.2311,3.245
2.147799,-3.5135,-3.2254,1.4430,4.983
2.152474,-5.1979,-3.6712,1.3255,6.500
2.157561,-6.5579,-4.0653,0.8695,7.765
2.162574,-7.5648,-4.4501,0.2643,8.781
2.167558,-8.3021,-4.7355,-0.3451,9.564
2.173354,-8.7620,-4.9848,-0.8661,10.118
2.177606,-9.0077,-5.2084,-1.3981,10.499
2.182755,-9.0517,-5.4066,-1.9009,10.713
2.187573,-8.9250,-5.6006,-2.2768,10.780
2.192567,-8.7690,-5.7236,-2.4996,10.766
2.198164,-8.7134,-5.7383,-2.7537,10.790
2.202752,-8.5092,-5.6170,-2.9978,10.627
2.207451,-7.9743,-5.4707,-3.1671,10.176
2.212340,-7.3254,-5.3431,-3.2872,9.644
2.217784,-6.6889,-5.2499,-3.3735,9.148
2.223445,-6.0077,-5.0863,-3.2256,8.507
2.227361,-5.2419,-4.7524,-2.9826,7.678
2.232188,-4.5819,-4.3974,-2.7684,6.928
2.237577,-4.0120,-4.0409,-2.5587,6.243
2.242538,-3.5747,-3.7502,-2.3481,5.688
2.248221,-3.2103,-3.4730,-2.1556,5.198
2.252254,-2.7888,-3.2143,-2.0047,4.704
2.257161,-2.3758,-2.9313,-1.8711,4.212
2.262285,-2.0948,-2.5764,-1.7928,3.774
2.267826,-1.9401,-2.1737,-1.7500,3.399
2.272164,-1.7820,-1.8094,-1.6423,3.024
2.280120,-1.6051,-1.5603,-1.3788,2.629
2.281925,-1.3468,-1.3258,-1.0307,2.153
2.287157,-1.1882,-1.0962,-0.7075,1.765
2.292127,-0.9902,-0.8670,-0.4136,1.380
2.296975,-0.7094,-0.6906,-0.0625,0.992
2.302466,-0.4995,-0.5431,0.1788,0.759
2.307109,-0.3309,-0.3862,0.3290,0.606
2.311935,-0.2567,-0.3059,0.4503,0.602
2.316920,-0.2290,-0.3118,0.5470,0.670
2.322034,-0.1427,-0.3223,0.6046,0.700
2.327181,-0.0984,-0.3901,0.6415,0.757
2.331786,-0.1352,-0.4431,0.6097,0.766
2.336916,-0.1761,-0.4718,0.5275,0.729
2.341740,-0.2888,-0.4953,0.4141,0.707
2.346856,-0.5313,-0.4895,0.2836,0.776
2.351873,-0.7749,-0.4449,0.2033,0.916
2.358996,-0.9576,-0.4716,0.2739,1.102
2.362126,-1.0894,-0.5646,0.3622,1.279
2.368644,-1.1655,-0.5947,0.4154,1.373
2.371509,-1.2099,-0.5523,0.4201,1.395
2.376881,-1.1604,-0.5383,0.4438,1.354
2.382651,-1.1363,-0.5142,0.4970,1.343
2.386725,-1.1711,-0.5423,0.5226,1.392
2.391533,-1.2457,-0.5606,0.5983,1.491
2.396540,-1.2162,-0.6599,0.6999,1.551
2.401909,-1.2267,-0.6822,0.6938,1.566
2.406548,-1.3011,-0.6470,0.6040,1.574
2.411400,-1.3249,-0.6738,0.4832,1.563
2.416502,-1.3605,-0.7149,0.3648,1.580
2.421336,-1.4320,-0.7510,0.3017,1.645
2.426442,-1.5202,-0.7869,0.2786,1.734
2.431370,-1.5537,-0.7702,0.1761,1.743
2.436428,-1.5279,-0.7246,0.0323,1.691
2.441271,-1.5003,-0.6695,-0.1197,1.647
2.446414,-1.5329,-0.6719,-0.2801,1.697
2.451345,-1.5154,-0.6645,-0.4254,1.709
2.458444,-1.4333,-0.5710,-0.4605,1.610
2.461338,-1.3534,-0.4392,-0.5195,1.515
2.466277,-1.2706,-0.3600,-0.6317,1.464
2.471177,-1.0984,-0.3382,-0.6821,1.336
2.476421,-0.9706,-0.2971,-0.7765,1.278
2.481146,-0.8677,-0.2463,-0.8239,1.222
2.486317,-0.8136,-0.2002,-0.8773,1.213
2.491318,-0.7939,-0.1683,-0.9029,1.214
2.496228,-0.8035,-0.1457,-0.9346,1.241
2.501597,-0.8044,-0.0703,-0.9870,1.275
2.506074,-0.7821,-0.0377,-1.0315,1.295
2.511258,-0.7272,-0.0287,-1.0917,1.312
2.516035,-0.6348,-0.0768,-1.1635,1.328
2.520869,-0.6005,-0.0958,-1.2320,1.374
2.526099,-0.5763,-0.0713,-1.2686,1.395
2.531096,-0.6148,-0.0656,-1.3546,1.489
2.535987,-0.6292,-0.1168,-1.5913,1.715
2.541115,-0.6001,-0.1913,-1.8061,1.913
2.546016,-0.5969,-0.0786,-1.6060,1.715
2.550855,-0.6536,-0.0518,-1.5984,1.728
2.558199,-0.6546,-0.0006,-1.6102,1.738
2.560884,-0.6618,0.0651,-1.6079,1.740
2.566057,-0.7178,0.1216,-1.5721,1.732
2.570875,-0.6932,0.1159,-1.4973,1.654
2.575912,-0.6797,0.1297,-1.4128,1.573
2.580946,-0.6049,0.1771,-1.3325,1.474
2.585823,-0.5256,0.1960,-1.3860,1.495
2.590733,-0.4754,0.2917,-1.4154,1.521
2.595781,-0.4558,0.5932,-1.1375,1.361
2.600684,-0.4286,0.8321,-1.0781,1.428
2.606213,-0.3262,1.0183,-1.1232,1.551
2.610902,-0.1814,1.0848,-1.2397,1.657
2.615743,0.0353,1.1039,-1.4527,1.825
2.620648,0.2862,1.0087,-1.6387,1.945
2.625667,0.6149,0.9862,-1.7696,2.117
2.630992,0.8889,0.9882,-1.7398,2.189
2.635660,1.0219,0.9866,-1.6716,2.194
2.640483,1.0868,0.9620,-1.6120,2.169
2.645869,1.0883,0.9144,-1.5414,2.097
2.650773,1.0406,0.7816,-1.4165,1.924
2.658305,0.9101,0.6548,-1.3233,1.734
2.660885,0.7536,0.6107,-1.2433,1.577
2.665994,0.6042,0.6489,-1.1607,1.461
2.670635,0.4469,0.6453,-1.0520,1.313
2.675402,0.3200,0.6188,-0.9072,1.144
2.680883,0.3048,0.6174,-0.8313,1.079
2.685431,0.3677,0.6074,-0.7568,1.038
2.690629,0.4181,0.5886,-0.6494,0.971
2.695249,0.5279,0.5277,-0.4908,0.893
2.700208,0.5630,0.5108,-0.3280,0.828
2.705995,0.6090,0.4088,-0.1661,0.752
2.710273,0.5276,0.5278,-0.2582,0.790
2.715234,0.5067,0.6757,-0.2346,0.877
2.720108,0.6230,0.6463,-0.1758,0.915
2.725237,0.7138,0.4881,-0.0349,0.865
2.730994,0.7739,0.3063,0.0592,0.834
2.735284,0.7841,0.1680,0.1735,0.820
2.740055,0.7106,0.0683,0.2457,0.755
2.745326,0.5677,-0.0405,0.2759,0.633
2.750698,0.4028,-0.1542,0.2890,0.519
2.755853,0.2158,-0.2532,0.2748,0.431
2.760048,-0.0374,-0.2803,0.2769,0.396
2.766451,-0.2909,-0.2502,0.2859,0.478
2.770348,-0.5359,-0.2585,0.2011,0.628
2.775104,-0.8117,-0.2953,0.1322,0.874
2.780393,-1.0184,-0.3800,0.0460,1.088
2.785067,-1.1897,-0.4642,0.0036,1.277
2.789887,-1.3169,-0.5003,0.1684,1.419
2.794945,-1.4439,-0.4362,0.3731,1.554
2.799904,-1.5568,-0.3869,0.5460,1.695
2.805994,-1.5216,-0.3764,0.6393,1.693
2.810674,-1.3905,-0.4575,0.6870,1.617
2.815147,-1.2578,-0.6153,0.6402,1.540
2.819868,-1.0937,-0.8016,0.3788,1.408
2.825654,-0.8906,-0.7248,0.5976,1.295
2.829712,-0.8408,-0.6730,0.8330,1.362
2.835193,-0.7848,-0.7037,0.9940,1.449
2.839707,-0.7027,-0.7548,1.1866,1.572
2.845106,-0.6133,-0.7882,1.2622,1.610
2.850519,-0.4443,-0.8852,1.2019,1.557
2.855230,-0.3529,-0.9595,1.1731,1.556
2.860664,-0.3101,-0.9392,1.1607,1.525
2.866493,-0.3344,-0.8958,1.0593,1.427
2.870350,-0.4017,-0.8580,0.9547,1.345
2.874858,-0.4838,-0.8587,0.8318,1.290
2.879607,-0.5949,-0.7877,0.6710,1.194
2.884711,-0.7068,-0.6925,0.4767,1.098
2.889404,-0.7376,-0.6539,0.3198,1.036
2.894574,-0.7684,-0.6332,0.1376,1.005
2.899451,-0.8180,-0.6687,0.0114,1.057
2.904429,-0.2813,-0.9934,1.4491,1.779
2.909401,3.4053,-2.2918,9.8995,10.717
2.914474,2.8826,-1.0779,8.0293,8.599
2.919635,0.0198,0.1633,2.7805,2.785
2.924948,0.1559,-0.6297,3.1521,3.218
2.930614,0.2258,-1.1331,3.6622,3.840
2.934646,-0.3166,-0.9872,3.1701,3.335
2.939633,-0.4574,-0.8324,2.7276,2.888
2.944783,-0.7283,-0.4426,1.8687,2.054
2.949270,-1.1809,-0.0609,0.7880,1.421
2.954523,-1.3891,0.0408,0.0874,1.392
2.959689,-1.4676,-0.0361,-0.3639,1.512
2.967370,-1.7523,-0.0085,-0.8445,1.945
2.969497,-1.9470,0.0379,-1.2453,2.311
2.976028,-1.9229,0.0937,-1.3991,2.380
2.979089,-1.8711,0.2162,-1.5118,2.415
2.984273,-1.3370,0.1215,-0.7483,1.537
2.990530,-0.8611,0.0521,-0.0117,0.863
2.994187,-0.6626,0.0840,0.1248,0.679
2.999007,-0.6405,0.1160,0.1654,0.672
3.004052,-0.5511,0.0374,0.2690,0.614
3.009188,-0.3944,-0.0851,0.3164,0.513
3.014193,-0.2713,-0.1032,0.4519,0.537
3.019071,-0.1198,-0.1660,0.5801,0.615
3.023990,-0.0357,-0.1299,0.6295,0.644
3.028844,-0.0567,-0.0620,0.4517,0.459
3.034046,-0.1062,-0.0719,0.1948,0.233
3.039724,-0.1696,-0.1356,0.0020,0.217
3.044013,-0.2615,-0.1951,-0.2372,0.403
3.049670,-0.3147,-0.2216,-0.4180,0.568
3.053845,-0.4111,-0.2050,-0.5649,0.728
3.059270,-0.4548,-0.2072,-0.6880,0.850
3.067301,-0.5750,-0.1897,-0.8836,1.071
3.068843,-0.6140,-0.2286,-0.9991,1.195
3.073864,-0.7059,-0.2568,-1.0968,1.329
3.078794,-0.7990,-0.2841,-1.0038,1.314
3.083853,-1.1761,-0.3152,-1.0362,1.599
3.088989,-1.7202,-0.4829,-1.6938,2.462
3.093770,-1.7661,-0.4086,-1.7359,2.510
3.098699,-2.0031,-0.2555,-1.6068,2.581
3.103633,-2.3471,-0.2867,-1.7715,2.955
3.109217,-2.2852,-0.4308,-1.3148,2.671
3.113807,-2.1437,-0.5256,-0.7865,2.343
3.118728,-0.9009,-1.0139,-0.2422,1.378
3.123608,2.6266,-1.5626,2.3776,3.872
3.128826,4.7651,-1.0847,5.6455,7.467
3.134947,3.3138,-0.4025,4.0558,5.253
3.139062,2.9824,-1.0461,2.1524,3.824
3.143593,0.6407,0.4771,1.0620,1.329
3.148589,-1.5138,1.4094,0.1225,2.072
3.153578,-1.7931,1.0476,-0.4089,2.117
3.159095,-1.4042,0.2545,-1.1032,1.804
3.166143,-0.8724,-0.4530,-1.4632,1.763
3.169057,-0.4425,-0.9359,-1.3554,1.706
3.173510,-0.7632,-1.1513,-0.8036,1.598
3.178307,-0.6621,-1.2105,0.0259,1.380
3.183460,-0.5858,-1.0810,0.6178,1.376
3.188885,-0.5680,-0.8022,0.6816,1.196
3.193541,-0.6089,-0.4559,0.5679,0.949
3.198287,-0.4782,-0.2582,0.4069,0.679
3.203324,0.0019,-0.0609,0.3043,0.310
3.208758,0.8574,0.1348,0.5237,1.014
3.214069,1.5703,0.5720,0.9273,1.911
3.218578,1.5749,1.1786,0.9939,2.204
3.223319,0.6833,1.6777,0.8337,1.994
3.228899,-1.1285,2.6825,-0.0310,2.910
3.233410,-1.5389,3.1935,-0.6585,3.606
3.239069,-0.3789,2.5125,0.1809,2.547
3.243434,0.5262,1.6591,0.9767,1.996
3.248126,1.1005,1.0978,0.6763,1.695
3.253469,1.3715,0.8290,-0.0608,1.604
3.258206,1.6338,0.5084,-0.4416,1.767
3.267384,1.8312,0.1086,-0.3345,1.865
3.268271,1.8967,-0.3651,-0.3650,1.966
3.277629,1.5866,-0.7927,-0.4303,1.825
3.278672,1.0549,-1.0646,-0.1665,1.508
3.283178,0.7268,-1.3351,0.1741,1.530
3.288407,0.4914,-1.6718,0.0110,1.743
3.292965,0.0273,-1.6057,0.1922,1.617
3.297935,-0.1523,-1.4398,0.3905,1.500
3.303061,-0.1752,-1.5101,0.2588,1.542
3.308114,-0.1686,-1.7355,0.5557,1.830
3.313975,-0.1058,-1.8053,0.8468,1.997
3.318271,-0.0646,-1.6245,1.0039,1.911
3.323202,-0.4560,-0.7538,0.9223,1.276
3.328045,-2.4372,4.6270,-0.2947,5.238
3.333147,-1.1393,3.8968,-0.3525,4.075
3.338468,-0.8045,0.9907,-0.1934,1.291
3.343842,-0.9307,-0.5376,0.3383,1.127
3.348141,-0.5743,-1.6124,0.5402,1.795
3.352913,-1.2136,-2.0465,0.4369,2.419
3.357824,0.4939,-1.6844,0.4656,1.816
3.368287,0.9223,-0.2894,0.0422,0.968
3.368955,-0.1163,0.7826,-0.3335,0.859
3.374721,-0.1013,1.1967,-0.9132,1.509
3.377641,-0.0723,1.2177,-1.3362,1.809
3.382759,-0.2824,1.0999,-1.2945,1.722
3.387548,-0.4669,0.9531,-0.7387,1.293
3.392597,-0.4707,0.8926,-0.4626,1.110
3.397413,-1.4409,1.0059,-0.2797,1.779
3.402846,-1.8049,1.0057,0.0632,2.067
3.407438,1.2280,0.8900,0.0816,1.519
3.412569,0.3691,1.0900,0.4079,1.221
3.417599,-0.8652,1.2227,0.6257,1.623
3.422684,-1.0622,0.9914,0.5817,1.565
3.427376,-1.0836,0.8128,0.3478,1.398
3.432565,-0.9573,0.8109,0.0676,1.256
3.437497,-0.7785,0.8467,-0.1061,1.155
3.443427,-0.7054,0.8100,-0.2449,1.102
3.447317,-0.6946,0.7251,-0.3350,1.058
3.452467,-1.7138,0.7273,-0.4874,1.924
3.457308,-0.1981,0.4999,-0.4877,0.726
3.462622,0.9985,0.3538,-0.4750,1.161
3.467264,0.0448,0.3571,0.1159,0.378
3.472309,-0.3549,0.1228,0.5333,0.652
3.477140,0.0472,-0.2860,1.0115,1.052
3.482326,0.2547,-0.6485,1.7124,1.849
3.487163,-0.1035,-0.7586,1.7635,1.923
3.492663,-0.4018,-0.6703,1.5909,1.772
3.497096,-0.5957,-0.3947,1.4060,1.577
3.502520,-0.7579,-0.1430,1.1621,1.395
3.507065,-0.7034,-0.0972,0.9609,1.195
3.512035,-0.5636,-0.1664,0.8803,1.058
3.517164,-0.5120,-0.2165,0.9211,1.076
3.523535,-0.3236,-0.2863,0.9544,1.048
3.527054,-0.1318,-0.3570,0.9516,1.025
3.532042,-0.0558,-0.3995,0.8450,0.936
3.537387,-0.0464,-0.3848,0.5713,0.690
3.542379,-0.1023,-0.3989,0.3546,0.543
3.548282,-0.1946,-0.4657,0.3094,0.592
3.552013,-0.2802,-0.5512,0.3108,0.692
3.556858,-0.2926,-0.5600,0.3593,0.727
3.562175,-0.2561,-0.6022,0.4311,0.784
3.567319,-0.1330,-0.6206,0.5028,0.810
3.574977,-0.0379,-0.6971,0.5413,0.883
3.576758,0.0628,-0.7931,0.5415,0.962
3.581740,0.1359,-0.8608,0.5177,1.014
3.586711,0.2345,-0.9004,0.4889,1.051
3.591793,0.3012,-0.9164,0.4450,1.062
3.596856,0.2501,-0.9136,0.4245,1.038
3.602115,0.2004,-0.8248,0.4414,0.957
3.606565,0.1804,-0.7792,0.4817,0.934
3.611649,0.1802,-0.7289,0.4834,0.893
3.616948,0.1847,-0.6452,0.4804,0.825
3.622810,0.2221,-0.5807,0.4301,0.756
3.626574,0.1583,-0.5736,0.3708,0.701
3.631870,0.1419,-0.5522,0.3263,0.657
3.636453,0.1446,-0.5981,0.2681,0.671
3.642465,0.1620,-0.6541,0.1816,0.698
3.648019,0.1849,-0.6918,0.1436,0.730
3.651500,0.1994,-0.7114,0.1158,0.748
3.656652,0.2539,-0.8094,0.0456,0.850
3.661659,0.2812,-0.8567,0.0435,0.903
3.666523,0.3535,-0.9350,0.0809,1.003
3.671447,0.3606,-1.0205,0.1101,1.088
3.676394,0.2398,-1.0464,0.1267,1.081
3.681434,0.1631,-0.9508,0.1888,0.983
3.686963,0.0723,-0.8442,0.2303,0.878
3.691383,-0.0149,-0.7800,0.4590,0.905
3.696249,-0.1224,-0.7965,0.3529,0.880
3.701896,-0.0614,-0.6862,-0.0429,0.690
3.706160,0.1731,-0.5052,-0.1463,0.554
3.711362,-0.0176,-0.2949,-0.2651,0.397
3.716236,-0.0061,-0.1598,-0.3960,0.427
3.721253,0.1309,-0.0276,-0.3909,0.413
3.726277,0.0670,0.1111,-0.2685,0.298
3.731166,0.0261,0.1746,-0.1854,0.256
3.736205,-0.0449,0.1912,-0.1503,0.247
3.741141,-0.0309,0.1748,-0.1912,0.261
3.746223,0.0257,0.0868,-0.3230,0.335
3.751117,0.0683,0.0179,-0.4355,0.441
3.756100,0.0783,-0.0081,-0.4957,0.502
3.761436,0.1186,-0.0726,-0.5041,0.523
3.766163,0.1366,-0.1180,-0.4898,0.522
3.771138,0.1515,-0.1061,-0.4046,0.445
3.775938,0.0862,-0.0752,-0.2629,0.287
3.781087,0.0169,-0.0011,-0.2132,0.214
3.785975,-0.0278,0.0494,-0.1931,0.201
3.790986,-0.0531,0.1099,-0.1403,0.186
3.795891,-0.1021,0.1901,-0.1266,0.250
3.801328,-0.1129,0.2517,-0.0897,0.290
3.805725,-0.0616,0.2422,-0.0679,0.259
3.810966,-0.0102,0.2380,-0.0660,0.247
3.815752,-0.0406,0.2105,-0.0598,0.223
3.821055,-0.0952,0.2458,-0.0587,0.270
3.825756,-0.1697,0.2671,-0.0335,0.318
3.830926,-0.1252,0.2551,0.0206,0.285
3.835712,-0.0815,0.2483,0.0461,0.265
3.840648,-0.0627,0.2130,0.0577,0.229
3.845872,-0.0395,0.1683,0.0167,0.174
3.850652,-0.0883,0.1238,-0.0145,0.153
3.855574,-0.0747,0.1224,-0.0458,0.151
3.860539,-0.0706,0.0969,-0.0053,0.120
3.865753,-0.0469,0.0379,-0.0416,0.073
3.871036,-0.0370,0.0266,-0.0349,0.057
3.875529,-0.0311,-0.0239,-0.0231,0.046
3.881119,0.0288,-0.1781,-0.0899,0.202
3.885546,-0.0506,-0.0617,-0.2491,0.262
3.890943,-0.1023,0.0156,-0.0285,0.107
3.895578,-0.2015,0.0156,0.2259,0.303
3.900594,-0.2668,0.1261,0.1013,0.312
3.905710,-0.2121,0.2568,0.0518,0.337
3.910575,-0.1333,0.3364,0.0624,0.367
3.915382,-0.0975,0.3847,0.0270,0.398
3.920433,-0.1144,0.4403,-0.0066,0.455
3.925360,-0.1411,0.5271,0.0718,0.550
3.930376,-0.1543,0.5589,0.1813,0.607
3.935397,-0.1060,0.5785,0.2312,0.632
3.940355,-0.0489,0.6041,0.4381,0.748
3.945213,-0.2604,0.4677,0.3333,0.631
3.950771,-0.2277,0.3227,0.2660,0.476
3.955241,-0.1461,0.3411,0.2309,0.437
3.960304,-0.2601,0.4410,0.3674,0.630
