0.002035,0.0037,0.1329,-0.7572,0.769
0.002456,0.0758,0.1791,-0.8496,0.872
0.007109,0.1431,0.1968,-0.8249,0.860
0.013442,0.2106,0.1864,-0.6793,0.735
0.016794,0.2880,0.1668,-0.5413,0.635
0.021809,0.3375,0.1714,-0.3486,0.515
0.030923,0.3926,0.1190,-0.2055,0.459
0.031783,0.4441,0.0244,-0.3402,0.560
0.036847,0.2301,0.1776,-0.1410,0.323
0.041856,0.1372,0.2250,0.1140,0.287
0.047314,0.0784,0.1577,0.1872,0.257
0.051841,-0.0133,0.0956,0.1890,0.212
0.056857,-0.0811,0.0672,0.2106,0.235
0.061922,-0.1390,0.0722,0.2186,0.269
0.066934,-0.2163,0.0769,0.2512,0.340
0.072159,-0.2608,0.0529,0.3131,0.411
0.077196,-0.3013,0.0811,0.3470,0.467
0.081665,-0.3235,0.0804,0.3961,0.518
0.086634,-0.2992,0.0558,0.4460,0.540
0.091616,-0.2285,0.0120,0.4919,0.543
0.096814,-0.1685,0.0302,0.5292,0.556
0.102414,-0.1286,0.0622,0.5151,0.535
0.106719,-0.1037,0.0463,0.4736,0.487
0.111655,-0.1032,0.0398,0.4523,0.466
0.116773,-0.0747,0.0666,0.4173,0.429
0.123641,-0.0658,0.0740,0.3451,0.359
0.127041,-0.0336,0.0908,0.3117,0.326
0.131486,-0.0350,0.0885,0.2216,0.241
0.136525,0.0111,0.0863,0.1606,0.183
0.141471,-0.0004,0.0793,0.1524,0.172
0.146699,0.0357,0.0868,0.1675,0.192
0.152201,0.0857,0.0562,0.1492,0.181
0.156473,0.0973,0.0068,0.1215,0.156
0.161413,0.0756,-0.0468,0.1224,0.151
0.166523,0.0634,-0.0715,0.0757,0.122
0.171428,0.0464,-0.1483,0.0724,0.171
0.177184,0.0009,-0.1816,0.0882,0.202
0.181836,-0.0396,-0.1816,0.0520,0.193
0.186233,-0.0418,-0.2433,0.0022,0.247
0.191235,-0.0343,-0.2714,-0.0895,0.288
0.196440,-0.0602,-0.2755,-0.1708,0.330
0.202119,-0.0905,-0.2415,-0.2561,0.363
0.206379,-0.1254,-0.2078,-0.3597,0.434
0.211151,-0.1837,-0.1981,-0.4626,0.536
0.216262,-0.2226,-0.1504,-0.6130,0.669
0.223960,-0.2757,-0.1218,-0.7108,0.772
0.226864,-0.2572,-0.0694,-0.7520,0.798
0.231308,-0.2340,-0.0695,-0.7515,0.790
0.236067,-0.2300,-0.0313,-0.7476,0.783
0.241628,-0.2307,0.0163,-0.7211,0.757
0.246059,-0.2313,0.0257,-0.6673,0.707
0.251037,-0.2273,0.0590,-0.5676,0.614
0.256226,-0.2187,-0.0029,-0.4459,0.497
0.260973,-0.1673,-0.0451,-0.3733,0.412
0.266020,-0.1685,-0.0489,-0.2778,0.329
0.271263,-0.1460,-0.0716,-0.1978,0.256
0.277229,-0.1522,-0.0893,-0.1235,0.215
0.280981,-0.1442,-0.1021,-0.0452,0.182
0.285886,-0.1412,-0.0862,-0.0056,0.166
0.290923,-0.0860,-0.1085,0.0194,0.140
0.295876,-0.0643,-0.0878,-0.0036,0.109
0.302095,-0.0092,-0.0957,-0.0075,0.096
0.306042,0.0030,-0.0704,0.0028,0.070
0.310799,-0.0083,-0.0309,0.0320,0.045
0.315935,-0.0002,-0.0156,0.0991,0.100
0.322738,-0.0110,-0.0149,0.1426,0.144
0.325721,-0.0073,-0.0095,0.1675,0.168
0.331036,-0.0227,-0.0281,0.1740,0.178
0.335825,-0.0331,-0.0704,0.1480,0.167
0.340655,-0.0815,-0.0698,0.0992,0.146
0.345738,-0.0963,-0.0598,0.0371,0.119
0.350596,-0.1206,-0.0831,-0.0194,0.148
0.355856,-0.1449,-0.0731,-0.0991,0.190
0.361122,-0.1692,-0.0726,-0.1733,0.253
0.365622,-0.1936,-0.0673,-0.2424,0.317
0.370457,-0.1894,-0.1285,-0.2829,0.364
0.377026,-0.1951,-0.1178,-0.2856,0.365
0.380707,-0.1912,-0.1071,-0.3268,0.393
0.385518,-0.1779,-0.1296,-0.3541,0.417
0.390530,-0.1789,-0.1138,-0.3248,0.388
0.395495,-0.1420,-0.0932,-0.3251,0.367
0.400473,-0.1196,-0.1154,-0.2880,0.333
0.405525,-0.1401,-0.0993,-0.2137,0.274
0.410363,-0.1746,-0.1118,-0.1450,0.253
0.415383,-0.1850,-0.1099,-0.0818,0.230
0.420764,-0.1910,-0.0558,-0.0144,0.199
0.425255,-0.2163,-0.0449,0.0242,0.222
0.430352,-0.2324,-0.0294,0.0915,0.251
0.436784,-0.2343,-0.0759,0.0921,0.263
0.440282,-0.2509,-0.1459,0.0697,0.298
0.445196,-0.2629,-0.1442,0.1576,0.339
0.450118,-0.3039,-0.1141,0.1744,0.368
0.455492,-0.3642,-0.1462,0.1445,0.418
0.460159,-0.4297,-0.1260,0.1396,0.469
0.465225,-0.4432,-0.1299,0.1404,0.483
0.470119,-0.5052,-0.1434,0.1185,0.538
0.475705,-0.5772,-0.1283,0.0833,0.597
0.480515,-0.5646,-0.1325,0.0396,0.581
0.485071,-0.5105,-0.0844,0.0110,0.518
0.490041,-0.4676,-0.0605,-0.0362,0.473
0.495220,-0.4405,-0.0035,-0.0592,0.444
0.499890,-0.4387,0.0342,-0.1106,0.454
0.505107,-0.4712,0.0336,-0.1190,0.487
0.510227,-0.4386,0.0902,-0.1133,0.462
0.515149,-0.3508,0.1750,-0.0654,0.397
0.519902,-0.3269,0.1927,0.0344,0.381
0.525055,-0.2428,0.2389,0.1476,0.371
0.531023,-0.1799,0.2799,0.2462,0.414
0.536499,-0.0946,0.2826,0.3969,0.496
0.540507,0.0452,0.3612,0.4191,0.555
0.544979,0.1161,0.4677,0.4516,0.660
0.549878,0.1373,0.5353,0.4134,0.690
0.555174,0.1516,0.7640,0.3237,0.844
0.560135,0.2584,0.8247,0.3826,0.945
0.564858,0.5340,0.7901,0.5743,1.113
0.569697,0.7952,0.9031,0.7707,1.429
0.575008,0.9766,1.0674,1.1198,1.829
0.579693,1.1788,1.2157,1.4740,2.245
0.585177,1.4354,1.3813,1.8107,2.692
0.589765,1.7561,1.5165,2.0635,3.105
0.594821,2.1492,1.6591,2.2689,3.538
0.600270,2.6662,1.8340,2.4744,4.074
0.604890,3.2570,1.9646,2.6453,4.633
0.610122,3.8086,2.1560,2.6620,5.122
0.614773,4.4181,2.2359,2.5146,5.554
0.619539,4.9101,2.2764,2.3024,5.881
0.624674,5.2716,2.2586,2.1327,6.119
0.629514,5.5178,2.2687,1.8677,6.252
0.635625,5.5967,2.3352,1.6346,6.281
0.639617,5.6142,2.3246,1.4369,6.244
0.644461,5.5601,2.3040,1.2691,6.151
0.649470,5.4343,2.3165,1.1737,6.023
0.654628,5.2882,2.2192,1.1355,5.846
0.660056,5.1713,2.0262,1.2039,5.683
0.664364,5.1256,1.8001,1.3409,5.596
0.669288,5.0837,1.6508,1.6244,5.586
0.674335,4.8451,1.4682,1.8119,5.377
0.679477,4.5917,1.2478,1.7420,5.067
0.684971,4.3349,1.0139,1.6348,4.743
0.689268,4.0299,0.8191,1.4624,4.365
0.694302,3.7415,0.5586,1.3300,4.010
0.699291,3.5361,0.2519,1.1854,3.738
0.704709,3.2601,-0.0052,0.8996,3.382
0.710002,3.0617,-0.2363,0.5440,3.119
0.714264,2.9572,-0.5130,0.1271,3.004
0.719432,2.7453,-0.8109,-0.3938,2.890
0.724230,2.5627,-1.1106,-0.9769,2.959
0.729579,2.2802,-1.3640,-1.5561,3.079
0.735602,1.9264,-1.5996,-2.0988,3.267
0.739327,1.6445,-1.9511,-2.5095,3.579
0.744282,1.2973,-2.3321,-2.9420,3.972
0.749271,0.7989,-2.6419,-3.4721,4.435
0.754324,0.1463,-2.9570,-4.0903,5.049
0.759271,-0.7623,-3.2967,-4.7351,5.820
0.764145,-1.8898,-3.6706,-5.3778,6.780
0.769010,-3.0857,-4.0123,-5.8276,7.719
0.774044,-4.4172,-4.2990,-6.1320,8.695
0.778919,-5.7912,-4.5932,-6.2817,9.700
0.784092,-7.0938,-4.8486,-6.2668,10.635
0.789006,-8.3619,-5.0236,-6.0204,11.463
0.793966,-9.4405,-5.1915,-5.5281,12.109
0.798967,-10.2363,-5.3679,-4.7416,12.493
0.804208,-10.7807,-5.6353,-3.8318,12.754
0.808966,-11.1935,-5.9081,-2.8456,12.973
0.814120,-11.6156,-6.1967,-1.8484,13.294
0.821223,-12.2159,-6.3636,-1.0683,13.815
0.823850,-12.9100,-6.4525,-0.6525,14.447
0.829165,-13.7233,-6.6263,-0.6436,15.253
0.833869,-14.4355,-7.1279,-0.7630,16.117
0.838826,-15.2575,-7.8520,-0.9223,17.184
0.843709,-16.1651,-8.5434,-1.0770,18.316
0.848779,-16.8104,-9.1149,-1.3060,19.167
0.853757,-17.2567,-9.7892,-1.7444,19.916
0.858774,-17.6945,-10.6541,-2.3790,20.791
0.863856,-18.0886,-11.5712,-3.1655,21.705
0.868635,-18.2901,-12.5574,-3.9026,22.527
0.873669,-18.1234,-13.4545,-4.4408,23.004
0.880015,-17.4076,-14.4590,-4.7293,23.118
0.883787,-16.1904,-15.3941,-4.7032,22.830
0.888675,-14.6136,-16.0501,-4.4312,22.154
0.895355,-12.7153,-16.6447,-4.1411,21.351
0.898933,-10.4490,-17.2592,-3.8945,20.548
0.903762,-7.7561,-17.5091,-3.8925,19.542
0.908440,-4.4612,-17.4039,-4.5074,18.523
0.913648,-0.6487,-16.9358,-5.8672,17.935
0.919435,3.4996,-15.9227,-7.6147,17.993
0.923514,8.1617,-14.3047,-9.8955,19.213
0.928222,13.1689,-12.0947,-12.7172,21.941
0.933502,18.3682,-9.2528,-15.6679,25.855
0.938412,23.6475,-5.9430,-18.5004,30.607
0.943502,28.6503,-2.6491,-20.7347,35.465
0.948262,33.0894,0.1626,-22.1876,39.840
0.953342,36.4201,2.7304,-22.4912,42.892
0.958396,38.2070,5.1013,-21.8912,44.329
0.963311,38.2955,7.0672,-20.6195,44.064
0.968967,36.8901,8.4886,-18.6304,42.190
0.973321,35.5063,8.4061,-16.7184,40.136
0.979496,32.9256,7.8768,-14.4899,36.825
0.983286,29.3565,7.4973,-11.8122,32.520
0.988228,25.8429,6.7408,-9.3804,28.307
0.993978,22.9183,5.3838,-7.1554,24.606
0.998064,20.2888,3.8876,-5.2335,21.310
1.003203,18.0047,2.5682,-3.3670,18.496
1.008384,16.0544,1.4486,-1.7104,16.210
1.013179,14.3092,0.2191,-0.4749,14.319
1.019919,12.5120,-0.9998,0.1948,12.553
1.023353,10.6301,-2.2263,0.3501,10.866
1.029954,8.5999,-3.4152,0.1135,9.254
1.033090,6.4393,-4.5597,-0.3110,7.896
1.038206,4.3420,-5.5815,-0.9543,7.136
1.043011,2.3282,-6.5538,-1.9580,7.225
1.047931,0.3386,-7.5421,-2.9070,8.090
1.052979,-1.7084,-8.4806,-3.9049,9.491
1.057957,-3.9270,-9.1780,-4.8591,11.103
1.063190,-6.0591,-9.6921,-5.6331,12.743
1.068149,-7.9475,-10.1390,-6.2626,14.324
1.072896,-9.9344,-10.5294,-6.7766,15.984
1.077718,-12.3591,-10.5797,-7.2449,17.809
1.082884,-15.5146,-10.2354,-7.7993,20.157
1.087904,-19.1295,-9.9165,-8.6308,23.211
1.093393,-22.1883,-9.8373,-9.1107,25.925
1.097761,-24.5211,-9.7143,-9.0924,27.898
1.105091,-26.5764,-9.5945,-8.1622,29.411
1.107811,-27.5739,-9.9539,-6.4185,30.010
1.113205,-27.7938,-10.5590,-4.4277,30.060
1.120085,-27.5660,-11.1759,-2.4577,29.847
1.122808,-27.0662,-12.0907,-1.0100,29.661
1.127739,-26.4591,-13.1768,-0.4812,29.563
1.132753,-25.6024,-14.3011,-0.8154,29.337
1.138222,-24.6186,-15.3983,-2.1226,29.115
1.146617,-23.6226,-16.3628,-4.0075,29.014
1.147620,-22.5658,-17.0756,-6.1001,28.948
1.157659,-21.2705,-17.4755,-7.9738,28.660
1.158116,-19.4487,-17.6311,-9.3068,27.852
1.164234,-17.1064,-17.5934,-9.9133,26.466
1.171332,-14.5465,-17.4164,-9.9012,24.758
1.172888,-11.8646,-17.2478,-9.4108,22.953
1.177295,-8.8521,-16.9193,-8.6889,20.979
1.182436,-5.5344,-16.4794,-8.0933,19.176
1.187669,-2.1297,-15.6521,-7.8550,17.642
1.193034,1.6830,-14.3726,-8.1570,16.611
1.197422,6.3647,-12.8224,-9.2482,17.043
1.202425,11.1504,-11.0747,-10.9071,19.130
1.207543,15.8330,-8.9961,-12.6361,22.165
1.213731,20.5371,-6.5068,-14.3206,25.869
1.222292,25.0224,-3.9287,-15.4802,29.685
1.223967,29.0322,-1.5409,-15.7999,33.089
1.229787,32.0099,0.5116,-15.2136,35.445
1.232443,33.9386,2.1812,-13.8905,36.736
1.237309,34.6822,3.5780,-11.8839,36.836
1.243056,34.4939,4.6710,-9.5559,36.097
1.247499,33.5892,5.2769,-7.3577,34.788
1.252247,31.9304,5.6689,-5.4310,32.881
1.257378,29.5150,5.9941,-3.9817,30.380
1.262890,26.6183,6.0668,-3.0530,27.471
1.267439,23.6240,5.8490,-2.3509,24.451
1.272167,20.7760,5.6081,-1.7410,21.590
1.278123,18.0397,5.3191,-1.1956,18.846
1.282192,15.4549,4.8725,-0.7955,16.224
1.287198,13.0611,4.2721,-0.5058,13.751
1.292126,10.8880,3.6185,-0.3081,11.478
1.297029,8.9484,2.9522,-0.1765,9.424
1.302318,7.4415,2.1934,-0.0614,7.758
1.307049,6.0545,1.3678,-0.0424,6.207
1.311983,4.7301,0.4694,-0.0677,4.754
1.316993,3.6107,-0.4806,-0.2849,3.654
1.322076,2.4079,-1.4307,-0.7601,2.902
1.328519,1.1378,-2.3321,-1.2558,2.883
1.332671,-0.0646,-3.2218,-1.6303,3.611
1.336994,-1.2124,-3.9125,-1.8615,4.499
1.341824,-2.2784,-4.4461,-1.8716,5.335
1.346831,-3.0389,-4.7343,-1.7108,5.880
1.351823,-3.5662,-4.8771,-1.3806,6.198
1.356825,-4.0342,-4.9902,-0.9937,6.493
1.361847,-4.2094,-4.9597,-0.5532,6.529
1.366755,-4.1736,-4.8158,-0.1582,6.375
1.371815,-3.9822,-4.6835,-0.0083,6.148
1.377218,-3.7825,-4.5507,-0.0475,5.918
1.381976,-3.6387,-4.4797,-0.1844,5.774
1.386700,-3.5602,-4.3802,-0.3624,5.656
1.391770,-3.5133,-4.2242,-0.4819,5.515
1.396760,-3.3733,-4.0218,-0.4774,5.271
1.401714,-3.2761,-3.7112,-0.6369,4.991
1.406917,-3.2224,-3.3890,-1.0096,4.784
1.411670,-3.2191,-3.2465,-1.3819,4.776
1.416562,-3.2759,-3.1928,-1.6893,4.876
1.421577,-3.4168,-3.1371,-1.9001,5.013
1.429955,-3.3642,-3.0990,-1.9772,4.983
1.431635,-3.1866,-3.0451,-1.9114,4.804
1.437431,-3.0576,-2.9280,-1.7456,4.579
1.442001,-2.9494,-2.7910,-1.5326,4.340
1.446471,-2.6696,-2.7634,-1.2676,4.046
1.451609,-2.4139,-2.7256,-1.0937,3.802
1.456470,-2.2105,-2.5916,-1.0109,3.553
1.461363,-2.0215,-2.4765,-0.9523,3.336
1.466365,-1.8637,-2.3802,-0.9040,3.155
1.471519,-1.7663,-2.3411,-0.9667,3.088
1.477084,-1.6571,-2.2156,-1.1170,2.984
1.481484,-1.4929,-2.0613,-1.1689,2.801
1.486316,-1.1967,-1.9595,-1.1228,2.556
1.491390,-0.9218,-1.8624,-1.0070,2.309
1.496188,-0.6220,-1.6835,-0.7446,1.943
1.501534,-0.4601,-1.4755,-0.5645,1.645
1.506178,-0.3680,-1.3246,-0.4764,1.455
1.511357,-0.3940,-1.2257,-0.5567,1.403
1.516092,-0.4664,-1.1741,-0.7100,1.449
1.521236,-0.4955,-1.2080,-0.8459,1.556
1.529236,-0.4889,-1.1978,-0.9220,1.589
1.531276,-0.4238,-1.1150,-0.9768,1.542
1.536805,-0.4106,-1.0220,-1.0102,1.495
1.546808,-0.3832,-1.0576,-1.0989,1.573
1.552675,-0.3790,-1.1257,-1.0660,1.596
1.553302,-0.4315,-1.1545,-1.0166,1.598
1.556092,-0.4357,-1.1824,-0.8450,1.517
1.561496,-0.4156,-1.1854,-0.6079,1.395
1.565834,-0.4767,-1.1874,-0.4482,1.356
1.571174,-0.5767,-1.1315,-0.3173,1.309
1.576777,-0.5559,-1.1128,-0.1775,1.257
1.580903,-0.4917,-1.1602,-0.1138,1.265
1.585775,-0.5228,-1.2303,-0.1641,1.347
1.590906,-0.6107,-1.2516,-0.1700,1.403
1.596124,-0.7174,-1.2193,-0.0929,1.418
1.601574,-0.9498,-1.1628,-0.1145,1.506
1.605874,-1.2535,-1.1247,-0.1922,1.695
1.610779,-1.5870,-1.1677,-0.3258,1.997
1.615783,-1.8505,-1.3206,-0.4963,2.327
1.621368,-2.0877,-1.4303,-0.6083,2.603
1.625659,-2.3182,-1.5404,-0.7576,2.885
1.630908,-2.5194,-1.6321,-0.8767,3.127
1.636776,-2.7477,-1.7100,-0.9519,3.373
1.640728,-3.0286,-1.7654,-1.0643,3.664
1.645712,-3.3293,-1.8608,-1.2236,4.006
1.651592,-3.6267,-2.0396,-1.4591,4.409
1.655785,-4.0697,-2.2447,-1.6560,4.934
1.660684,-4.5640,-2.3954,-1.7574,5.446
1.665853,-5.1153,-2.4686,-1.7975,5.957
1.670627,-5.7537,-2.5988,-1.7524,6.552
1.676677,-6.5857,-2.6863,-1.6128,7.293
1.681272,-7.7567,-2.7894,-1.4796,8.375
1.685489,-9.0979,-3.0100,-1.2872,9.669
1.690764,-10.4923,-3.3679,-1.2002,11.085
1.695673,-11.9781,-3.9024,-1.1821,12.653
1.700563,-13.2754,-4.5367,-1.1083,14.073
1.705414,-14.6937,-5.1561,-1.0544,15.608
1.710494,-15.8824,-5.7745,-0.7605,16.917
1.715311,-16.6533,-6.5248,-0.2478,17.888
1.720459,-16.9811,-7.5427,0.3157,18.584
1.725445,-17.1325,-8.5354,1.0819,19.172
1.730725,-17.3015,-9.3889,1.7612,19.763
1.736647,-17.8474,-10.4398,2.1652,20.790
1.740971,-18.3826,-11.7170,2.1535,21.905
1.745315,-18.1971,-13.2436,1.8199,22.580
1.750336,-17.2696,-14.9791,1.1507,22.890
1.755318,-15.9171,-16.5594,0.1445,22.969
1.760590,-14.4447,-17.6431,-1.2362,22.835
1.765279,-12.7469,-18.2878,-3.2083,22.522
1.770376,-10.8431,-18.7532,-5.6471,22.386
1.775773,-8.7523,-18.8842,-8.5174,22.489
1.780646,-6.3010,-18.5499,-11.5665,22.751
1.788020,-3.0316,-17.7878,-14.0834,22.890
1.790223,1.3665,-16.6301,-15.8064,22.984
1.800074,6.5262,-15.0962,-17.0058,23.658
1.800640,11.7806,-13.1884,-17.7459,25.053
1.805016,16.8625,-10.7713,-17.8171,26.792
1.810024,21.9124,-8.0243,-17.2404,29.013
1.815400,27.2803,-5.4760,-17.0611,32.639
1.820078,31.4870,-2.6208,-16.8204,35.794
1.825012,34.5041,0.1014,-16.3659,38.189
1.830228,36.6246,2.0153,-15.5945,39.857
1.841691,37.6125,2.9088,-14.6742,40.478
1.842112,37.0656,3.1340,-13.7310,39.651
1.847415,35.1275,3.0417,-12.3975,37.375
1.850140,32.2164,2.8748,-10.5654,34.026
1.855037,29.3004,2.5797,-8.5187,30.622
1.860671,26.3092,2.0016,-6.5737,27.192
1.864883,22.8995,1.4355,-4.9171,23.465
1.869916,19.4816,1.0818,-3.6082,19.842
1.875164,16.3930,0.8974,-2.7227,16.642
1.879879,13.6547,0.7448,-2.2755,13.863
1.885102,11.2790,0.5360,-2.1864,11.501
1.889791,9.1300,0.1967,-2.3965,9.441
1.894642,7.0756,-0.3330,-2.7534,7.600
1.899841,4.8943,-0.8378,-3.0788,5.843
1.904840,2.7235,-1.3633,-3.1636,4.391
1.910030,0.7336,-1.9385,-3.1247,3.750
1.914687,-1.0359,-2.5473,-3.0194,4.084
1.920376,-2.6219,-3.0595,-2.7223,4.863
1.924561,-3.8939,-3.4698,-2.3372,5.715
1.929666,-4.9361,-3.9348,-2.0229,6.629
1.935648,-5.7014,-4.5624,-1.8365,7.530
1.939584,-6.8861,-4.5959,-1.2763,8.377
1.944499,-7.8906,-4.4721,-0.6089,9.090
1.949611,-8.2152,-4.4082,-0.1487,9.324
1.954708,-8.2158,-4.3292,0.3353,9.293
1.960029,-8.1209,-4.2609,0.8312,9.208
1.964522,-7.8108,-4.1912,1.1929,8.944
1.969549,-7.4555,-4.0639,1.4122,8.608
1.974480,-7.2175,-3.9570,1.4983,8.366
1.980051,-6.9142,-3.7759,1.4504,8.010
1.984924,-6.6264,-3.5598,1.3054,7.635
1.989377,-6.2685,-3.3427,1.0238,7.177
1.994352,-5.9322,-3.1538,0.6888,6.754
1.999524,-5.5128,-3.0029,0.3043,6.285
2.004347,-5.1285,-2.8230,-0.0457,5.854
2.009973,-4.6680,-2.6382,-0.3916,5.376
2.014244,-4.2399,-2.5010,-0.6918,4.971
2.019271,-3.8914,-2.3398,-0.9809,4.645
2.024140,-3.4768,-2.1975,-1.1981,4.284
2.029582,-3.1250,-2.0740,-1.3871,3.999
2.036492,-2.8547,-1.9071,-1.5347,3.761
2.039650,-2.5984,-1.8115,-1.6272,3.561
2.044122,-2.4179,-1.6772,-1.6507,3.374
2.049274,-2.2600,-1.5662,-1.6054,3.184
2.054330,-2.0620,-1.4834,-1.5877,2.996
2.060017,-1.8571,-1.3714,-1.4870,2.746
2.064222,-1.6831,-1.2732,-1.3369,2.498
2.069164,-1.4826,-1.1745,-1.1897,2.234
2.074045,-1.2792,-1.1184,-1.0164,1.980
2.079562,-0.9913,-1.0475,-0.8354,1.667
2.083972,-0.5031,-0.9572,-0.5560,1.216
2.089008,-0.0912,-0.8716,-0.2772,0.919
2.093933,0.1688,-0.7287,-0.0319,0.749
2.099496,0.3157,-0.6003,0.1420,0.693
2.104160,0.4452,-0.5583,0.2115,0.745
2.108928,0.5475,-0.4973,0.2006,0.766
2.114077,0.5989,-0.4411,0.1374,0.756
2.120962,0.6570,-0.4422,0.0553,0.794
2.123945,0.7361,-0.3953,-0.1081,0.842
2.129080,0.8361,-0.4533,-0.2099,0.974
2.133964,0.8230,-0.5776,-0.3655,1.070
2.138956,0.7017,-0.6485,-0.4840,1.071
2.143759,0.4485,-0.7232,-0.4615,0.968
2.148810,0.2391,-0.7301,-0.2827,0.819
2.154143,0.0583,-0.6982,-0.0720,0.704
2.158978,-0.1282,-0.7470,0.1232,0.768
2.163665,-0.2537,-0.7142,0.2891,0.811
2.168688,-0.3185,-0.6813,0.4699,0.887
2.173639,-0.3320,-0.6771,0.6460,0.993
2.178975,-0.3617,-0.6109,0.8187,1.084
2.183749,-0.3308,-0.5834,1.0408,1.238
2.188700,-0.2300,-0.5947,1.2027,1.361
2.193536,-0.1213,-0.5828,1.3287,1.456
2.198766,-0.1051,-0.5431,1.4532,1.555
2.203848,-0.1236,-0.4803,1.5472,1.625
2.208587,-0.1004,-0.4092,1.5392,1.596
2.213450,-0.1602,-0.3439,1.4628,1.511
2.218500,-0.1783,-0.3465,1.3797,1.434
2.223384,-0.1930,-0.2829,1.1697,1.219
2.228856,-0.1803,-0.2391,0.9809,1.026
2.233625,-0.1974,-0.2531,0.8076,0.869
2.238535,-0.3115,-0.2721,0.7167,0.827
2.243286,-0.4269,-0.2578,0.6933,0.854
2.248405,-0.5152,-0.2533,0.7184,0.920
2.253350,-0.4281,-0.2444,0.7298,0.881
2.258552,-0.2897,-0.2311,0.7708,0.855
2.263570,-0.1811,-0.2420,0.8172,0.871
2.268380,-0.0783,-0.2150,0.8840,0.913
2.273201,0.0428,-0.2126,1.0194,1.042
2.278124,0.0911,-0.1918,1.1327,1.152
2.283129,0.1339,-0.1432,1.1860,1.202
2.288310,0.2141,-0.1290,1.2085,1.234
2.293197,0.2600,-0.1063,1.2098,1.242
2.298212,0.2576,-0.0462,1.1374,1.167
2.303237,0.2357,-0.0494,0.9721,1.002
2.308155,0.1944,-0.0772,0.7566,0.785
2.313069,0.1479,-0.0145,0.5333,0.554
2.318144,0.1248,0.0048,0.2248,0.257
2.323010,0.0724,0.0384,0.0079,0.082
2.328828,0.0530,0.0816,-0.1709,0.197
2.333171,0.0476,0.0724,-0.3118,0.324
2.338079,0.0706,0.0634,-0.3718,0.384
2.343078,0.1652,0.0690,-0.4326,0.468
2.347974,0.2984,0.1422,-0.5473,0.639
2.352880,0.4467,0.1440,-0.6777,0.824
2.357940,0.5340,0.1225,-0.6805,0.874
2.362952,0.5992,0.0968,-0.6754,0.908
2.368083,0.6760,0.1004,-0.5615,0.884
2.372740,0.7018,0.1714,-0.4393,0.846
2.377855,0.6817,0.1899,-0.2988,0.768
2.382736,0.6249,0.1895,-0.2499,0.699
2.387865,0.5794,0.2179,-0.2442,0.665
2.393171,0.5686,0.2178,-0.2438,0.656
2.397838,0.5011,0.2321,-0.2293,0.598
2.402769,0.4006,0.2273,-0.1814,0.495
2.407733,0.2381,0.2608,-0.1338,0.378
2.412706,0.1665,0.2272,-0.0860,0.295
2.418411,0.1426,0.1841,-0.0141,0.233
2.422835,0.1280,0.1361,0.0245,0.188
2.427739,0.1183,0.1023,0.0493,0.164
2.433110,0.1037,0.0923,0.0459,0.146
2.437810,0.0267,0.1062,0.0093,0.110
2.445703,-0.0219,0.1200,-0.0081,0.122
2.447755,-0.0467,0.1147,-0.0876,0.152
2.452707,-0.0717,0.1429,-0.1146,0.197
2.457610,-0.0681,0.1569,-0.1755,0.245
2.462723,-0.1174,0.0991,-0.2367,0.282
2.468070,-0.1479,0.0751,-0.2312,0.285
2.472496,-0.1164,0.0654,-0.1491,0.200
2.477425,0.0011,0.0171,0.1205,0.122
2.482355,0.1664,-0.0604,0.4730,0.505
2.487458,0.1785,-0.0524,0.7317,0.755
2.493019,0.1330,-0.0405,0.8395,0.851
2.497446,0.1684,-0.1106,0.8443,0.868
2.502398,0.2179,-0.2101,0.6886,0.752
2.507399,0.1907,-0.2285,0.4436,0.534
2.512327,0.0577,-0.1706,0.1328,0.224
2.517524,-0.0950,-0.1175,-0.1681,0.226
2.522532,-0.2773,-0.1217,-0.4166,0.515
2.528682,-0.3410,-0.1304,-0.5798,0.685
2.532319,-0.3149,-0.2154,-0.6817,0.781
2.537382,-0.3137,-0.2377,-0.7847,0.878
2.542702,-0.2223,-0.2021,-0.8411,0.893
2.547287,-0.1699,-0.1854,-0.8701,0.906
2.552188,-0.0364,-0.1922,-0.8239,0.847
2.557365,0.1212,-0.1938,-0.6401,0.680
2.562463,0.1879,-0.1905,-0.4811,0.550
2.568095,0.1734,-0.1918,-0.2460,0.357
2.572255,0.1976,-0.2266,-0.0926,0.315
2.577055,0.1889,-0.2901,-0.0924,0.358
2.582044,0.1041,-0.3152,-0.1065,0.349
2.587183,0.0436,-0.2828,-0.1687,0.332
2.592104,-0.1027,-0.3124,-0.1835,0.377
2.597262,-0.1723,-0.2796,-0.1557,0.364
2.602784,-0.1363,-0.2515,-0.1429,0.320
2.607197,-0.0954,-0.2041,-0.1692,0.282
2.611991,-0.0685,-0.1181,-0.1727,0.220
2.617164,-0.0700,-0.0798,-0.1530,0.186
2.622156,-0.1288,-0.1083,-0.0529,0.176
2.629032,-0.1731,-0.1032,0.0275,0.203
2.631997,-0.2798,-0.0788,0.1218,0.315
2.637149,-0.4698,-0.0873,0.2381,0.534
2.641981,-0.5930,-0.1196,0.3156,0.682
2.647399,-0.7354,-0.1517,0.3546,0.830
2.651930,-0.7355,-0.1315,0.4175,0.856
2.656990,-0.6750,-0.0974,0.4328,0.808
2.661920,-0.6114,-0.0353,0.3820,0.722
2.667112,-0.5443,0.0119,0.3037,0.623
2.671954,-0.3880,0.0207,0.2072,0.440
2.676884,-0.2473,0.0530,0.1829,0.312
2.681660,-0.0982,0.0802,0.1355,0.186
2.686775,0.0169,0.1072,0.1172,0.160
2.691685,0.1128,0.1339,0.0659,0.187
2.696846,0.1757,0.1320,0.0437,0.224
2.702022,0.1914,0.0731,0.0500,0.211
2.706832,0.2076,0.1097,0.0897,0.251
2.711965,0.1625,0.1031,0.1151,0.224
2.716697,0.1563,0.1250,0.1503,0.250
2.721624,0.1838,0.1134,0.1572,0.267
2.729213,0.1972,0.0921,0.1410,0.259
2.731695,0.1776,0.0851,0.1303,0.236
2.737557,0.1489,0.1065,0.1536,0.239
2.741546,0.1062,0.0942,0.0778,0.162
2.746632,0.1114,0.1056,0.0460,0.160
2.751690,0.0832,0.0740,0.0245,0.114
2.756452,0.0601,0.0473,-0.0152,0.078
2.761608,0.0134,0.0396,-0.0114,0.043
2.766387,-0.0093,-0.0108,0.0451,0.047
2.771453,-0.0608,0.0007,0.0925,0.111
2.777069,-0.1030,-0.0309,0.1163,0.158
2.781324,-0.1311,-0.0290,0.1261,0.184
2.786384,-0.1595,-0.0320,0.1266,0.206
2.791312,-0.1692,-0.0398,0.1274,0.216
2.796408,-0.1459,-0.0475,0.0806,0.173
2.801617,-0.1325,-0.0027,0.0244,0.135
2.806493,-0.0910,-0.0058,0.0205,0.093
2.811626,-0.0306,-0.0323,0.0111,0.046
2.816355,0.0343,-0.0061,0.0011,0.035
2.821650,0.0755,0.0011,-0.0240,0.079
2.829057,0.1026,0.0133,0.0025,0.104
2.831372,0.1634,0.0066,0.0422,0.169
2.836459,0.2435,0.0192,0.0332,0.247
2.841482,0.3048,0.0081,0.0474,0.309
2.846342,0.3285,0.0069,0.0940,0.342
2.851664,0.3006,0.0011,0.1445,0.334
2.856235,0.2880,0.0334,0.1608,0.332
2.861003,0.2855,0.0371,0.1862,0.343
2.866331,0.2264,0.0551,0.1778,0.293
2.871227,0.1964,0.0636,0.1501,0.255
2.876890,0.1571,0.0910,0.1222,0.219
2.881428,0.1180,0.0804,0.1227,0.188
2.885932,0.0647,0.0509,0.0753,0.112
2.891186,0.0449,0.0740,0.0947,0.128
2.896071,0.0391,0.0161,0.0756,0.087
2.901035,0.0047,0.0111,0.0661,0.067
2.905968,0.0177,-0.0082,0.0613,0.064
2.910929,0.0065,-0.0083,0.0756,0.076
2.915864,-0.0238,-0.0559,0.0946,0.112
2.920989,-0.0256,-0.0700,0.0804,0.110
2.931095,-0.0277,-0.0935,0.0858,0.130
2.931644,-0.0443,-0.1122,0.0726,0.141
2.939199,-0.0564,-0.1404,0.0932,0.178
2.941332,-0.1020,-0.1400,0.0854,0.193
2.945776,-0.0623,-0.1587,0.0450,0.176
2.950586,-0.0516,-0.1442,-0.0513,0.161
2.955878,-0.0269,-0.1489,-0.0846,0.173
2.960674,-0.0358,-0.1584,-0.1790,0.242
2.965674,0.0076,-0.1536,-0.2299,0.277
2.970808,0.0840,-0.1109,-0.2993,0.330
2.976887,0.1270,-0.0495,-0.3776,0.401
2.980849,0.1653,-0.0741,-0.3603,0.403
2.985648,0.1847,-0.0462,-0.3716,0.418
2.990552,0.1808,-0.0327,-0.3972,0.438
2.995590,0.1489,-0.0479,-0.3418,0.376
3.001807,0.1223,-0.0677,-0.2583,0.294
3.005689,0.0914,-0.0160,-0.2376,0.255
3.011041,0.0323,-0.0407,-0.2171,0.223
3.015589,-0.0024,-0.0984,-0.2115,0.233
3.020572,-0.0228,-0.0794,-0.1636,0.183
3.025823,-0.0908,-0.0748,-0.0879,0.147
3.030636,-0.0681,-0.0084,-0.0655,0.095
3.039696,-0.0551,0.0054,-0.0342,0.065
3.040385,-0.0473,-0.0236,-0.0132,0.054
3.046055,-0.0062,-0.0095,-0.0260,0.028
3.050309,-0.0413,0.0093,-0.0107,0.044
3.055601,-0.0336,0.0281,0.0563,0.071
3.060900,-0.0070,0.0135,0.1846,0.185
3.065403,-0.0140,-0.0200,0.2833,0.284
3.070298,-0.0544,-0.0248,0.3390,0.344
3.077048,-0.0329,-0.0297,0.3707,0.373
3.080285,-0.0499,-0.0679,0.3694,0.379
3.085303,-0.0527,-0.0917,0.3686,0.383
3.090271,-0.0511,-0.0679,0.4110,0.420
3.095496,-0.0546,-0.0729,0.4108,0.421
3.100119,-0.0441,-0.0162,0.3920,0.395
3.105748,-0.0435,-0.0266,0.3641,0.368
3.110296,0.0093,-0.0037,0.3319,0.332
3.115394,0.0758,0.0476,0.2714,0.286
3.120571,0.0849,0.0936,0.1736,0.215
3.125647,0.0654,0.0871,0.1001,0.148
3.130534,0.0604,0.0617,0.0316,0.092
3.137634,0.0745,0.0841,-0.0175,0.114
3.140047,0.0983,0.0826,-0.0427,0.135
3.145138,0.0794,0.0669,-0.0537,0.117
3.149836,0.0845,0.0419,-0.1074,0.143
3.155273,0.0900,0.0171,-0.1464,0.173
3.160385,0.0388,0.0307,-0.4994,0.502
3.165189,0.0364,-0.0169,-1.4795,1.480
3.169940,0.0724,0.0223,-1.5947,1.597
3.175659,0.0750,0.0472,-0.8600,0.865
3.180734,0.1112,-0.0042,-0.3163,0.335
3.185180,0.1476,-0.0887,-0.1609,0.236
3.189886,0.1557,-0.1822,-0.1437,0.279
3.194999,0.1546,-0.1611,-0.0782,0.237
3.199729,0.1156,-0.0835,0.0593,0.154
3.204846,0.1102,-0.0117,0.1925,0.222
3.210070,0.1237,0.0353,0.2358,0.269
3.214803,0.1371,0.0246,0.2803,0.313
3.219675,0.1406,0.0422,0.3353,0.366
3.224733,0.1060,0.1257,0.3722,0.407
3.229723,-0.0189,0.1608,0.4385,0.467
3.236730,-0.1483,0.0909,0.3956,0.432
3.240307,-0.2199,0.0216,0.1108,0.247
3.244625,-0.2152,0.0815,-0.1870,0.296
3.249639,-0.2013,0.1411,-0.3269,0.409
