0.002667,0.1469,0.1664,-1.1897,1.210
0.005952,0.1981,0.1624,-0.9315,0.966
0.010425,0.2730,0.1256,-0.6774,0.741
0.013786,0.3433,0.0704,-0.4456,0.567
0.022128,0.3615,-0.0034,-0.2730,0.453
0.023783,0.3281,-0.0575,-0.0641,0.339
0.028739,0.5721,-0.1208,0.0627,0.588
0.035346,1.1637,-0.1743,0.0700,1.179
0.038506,0.9071,0.0623,0.2347,0.939
0.043493,0.6876,0.2204,0.3564,0.805
0.049113,0.6846,0.2107,0.3882,0.815
0.054306,0.5879,0.1011,0.3298,0.682
0.058549,0.4734,0.0209,0.2292,0.526
0.063963,0.3889,-0.0063,0.1198,0.407
0.068697,0.2529,0.0427,0.1108,0.279
0.073457,0.1938,0.0250,0.1113,0.225
0.078630,0.1253,-0.0022,0.1594,0.203
0.083363,0.0621,-0.0433,0.1880,0.203
0.088455,0.0371,-0.0081,0.2784,0.281
0.093247,0.0264,-0.0209,0.2785,0.280
0.098267,0.0393,-0.0003,0.3264,0.329
0.103319,-0.0096,-0.0324,0.3413,0.343
0.108677,-0.0441,-0.0453,0.3379,0.344
0.113643,-0.0925,-0.0583,0.3447,0.362
0.121383,-0.1597,-0.0761,0.3094,0.356
0.123067,-0.2171,-0.0369,0.2513,0.334
0.128230,-0.2125,-0.0267,0.2036,0.296
0.133188,-0.2417,-0.0070,0.1850,0.304
0.138016,-0.2854,0.0268,0.1049,0.305
0.143013,-0.3102,0.0080,0.0730,0.319
0.147993,-0.3401,0.0132,0.0461,0.343
0.153214,-0.3610,0.0420,0.0576,0.368
0.157914,-0.3969,0.0421,0.0551,0.403
0.163063,-0.3669,0.0564,0.0907,0.382
0.167942,-0.3429,0.0706,0.1121,0.368
0.173183,-0.2485,0.0465,0.1621,0.300
0.177724,-0.1553,0.0178,0.2074,0.260
0.182844,-0.1488,0.0368,0.1959,0.249
0.187947,-0.1047,0.0221,0.2088,0.235
0.193066,-0.0753,0.0217,0.2174,0.231
0.197999,-0.0654,0.0023,0.2356,0.244
0.202881,-0.0367,-0.0218,0.2302,0.234
0.207756,0.0204,-0.0553,0.2108,0.219
0.212874,0.0297,-0.0648,0.2109,0.223
0.222009,0.0202,-0.0933,0.2064,0.227
0.222842,0.0061,-0.0456,0.1546,0.161
0.227838,-0.0363,-0.0316,0.1128,0.123
0.232790,-0.0212,-0.0699,0.1093,0.131
0.237721,-0.0442,-0.0556,0.0962,0.120
0.242808,-0.1004,-0.0367,0.0546,0.120
0.247613,-0.1372,-0.0274,0.0417,0.146
0.252854,-0.1361,-0.0086,0.0288,0.139
0.257517,-0.1688,-0.0326,0.0681,0.185
0.262928,-0.1876,-0.0707,0.0738,0.214
0.267904,-0.2021,-0.1418,0.0748,0.258
0.272729,-0.2121,-0.1743,0.0951,0.291
0.277555,-0.1894,-0.1544,0.1489,0.286
0.282584,-0.2104,-0.2012,0.1836,0.344
0.287582,-0.2316,-0.2668,0.1616,0.389
0.292930,-0.2058,-0.2987,0.1784,0.404
0.297515,-0.2328,-0.2925,0.1387,0.399
0.302565,-0.2601,-0.3245,0.0856,0.425
0.307544,-0.3021,-0.3230,0.0285,0.443
0.312796,-0.3634,-0.3643,-0.0327,0.516
0.322410,-0.4060,-0.3672,-0.0840,0.554
0.322680,-0.4590,-0.3321,-0.1393,0.583
0.327470,-0.4510,-0.2925,-0.1371,0.555
0.332561,-0.4586,-0.3007,-0.1206,0.562
0.337450,-0.4578,-0.3278,-0.1136,0.574
0.342253,-0.4440,-0.3310,-0.0826,0.560
0.347176,-0.4455,-0.2819,-0.0752,0.533
0.352380,-0.4439,-0.2951,-0.0387,0.534
0.357294,-0.4533,-0.2608,-0.0017,0.523
0.362343,-0.4210,-0.2506,0.0688,0.495
0.367662,-0.4094,-0.2453,0.0920,0.486
0.372217,-0.3753,-0.2211,0.1062,0.448
0.377238,-0.3662,-0.1972,0.1208,0.433
0.382199,-0.3211,-0.1403,0.2073,0.407
0.387594,-0.3017,-0.1123,0.2749,0.423
0.392725,-0.2127,-0.0372,0.2952,0.366
0.397099,-0.0972,0.0469,0.3682,0.384
0.402175,-0.0217,0.0684,0.4322,0.438
0.407063,0.0433,0.1752,0.4773,0.510
0.412041,0.0777,0.2667,0.5425,0.610
0.420402,0.1583,0.3099,0.5942,0.689
0.422119,0.2420,0.3145,0.7134,0.816
0.429381,0.3051,0.3571,0.7666,0.899
0.431861,0.3716,0.4703,0.8307,1.024
0.437051,0.4185,0.5255,0.9002,1.123
0.442666,0.4108,0.5896,1.0097,1.239
0.446975,0.3972,0.6861,1.0874,1.346
0.451971,0.4633,0.6819,1.1716,1.433
0.457171,0.5467,0.6538,1.2863,1.543
0.462025,0.5714,0.6590,1.3268,1.588
0.467655,0.6580,0.6735,1.2501,1.565
0.471834,0.7238,0.7019,1.2580,1.612
0.476939,0.8314,0.7871,1.2631,1.705
0.481879,0.9187,0.8953,1.3465,1.860
0.487580,1.0336,0.9172,1.4406,1.996
0.492821,1.3050,0.9673,1.5265,2.229
0.497018,1.6225,0.9936,1.6262,2.503
0.501780,1.9170,1.0289,1.7670,2.803
0.506987,2.1042,1.0731,1.8719,3.014
0.511847,2.3044,1.1548,1.8501,3.173
0.516762,2.4608,1.2214,1.7777,3.272
0.521832,2.6260,1.2874,1.6448,3.355
0.531518,2.7769,1.3003,1.4256,3.381
0.531985,2.8705,1.3127,1.1834,3.371
0.536394,2.9600,1.3533,1.0078,3.407
0.541524,3.0651,1.4029,0.8603,3.479
0.546653,3.1287,1.4470,0.7457,3.527
0.551561,3.1991,1.4377,0.6927,3.575
0.556590,3.2523,1.4135,0.5906,3.595
0.561649,3.2607,1.3406,0.4606,3.556
0.566544,3.2238,1.2625,0.3686,3.482
0.571564,3.2852,1.1507,0.1081,3.483
0.576386,3.3735,1.0624,-0.1246,3.539
0.581474,3.3404,0.9788,-0.2250,3.488
0.586473,3.2279,0.8858,-0.3571,3.366
0.591345,3.2197,0.7451,-0.5534,3.351
0.596980,3.2767,0.5713,-0.6908,3.397
0.601456,3.3559,0.3742,-0.8510,3.482
0.606461,3.4240,0.2019,-1.0339,3.582
0.611583,3.3810,0.0447,-1.2201,3.595
0.616256,3.3067,-0.1446,-1.4246,3.603
0.622732,3.1472,-0.3661,-1.6753,3.584
0.629471,2.8758,-0.5331,-1.8967,3.486
0.631224,2.5635,-0.6838,-2.2806,3.499
0.636229,2.2911,-0.9468,-2.6788,3.650
0.641394,2.0340,-1.2309,-3.0146,3.839
0.646242,1.8228,-1.5500,-3.2262,4.017
0.651148,1.6431,-1.8706,-3.2751,4.114
0.656085,1.4972,-2.1876,-3.2226,4.173
0.661319,1.3847,-2.4007,-3.1536,4.198
0.666044,1.0805,-2.5719,-3.1716,4.224
0.671208,0.6606,-2.7779,-3.2609,4.334
0.676050,0.1495,-3.0570,-3.3728,4.554
0.681263,-0.5009,-3.3034,-3.5456,4.872
0.686118,-1.1034,-3.5272,-3.8457,5.334
0.691199,-1.6638,-3.7716,-4.2634,5.930
0.696074,-2.3031,-3.9556,-4.7560,6.601
0.701090,-2.9797,-4.1562,-5.2998,7.365
0.706096,-3.6110,-4.3982,-5.8047,8.129
0.710961,-4.1644,-4.6235,-6.2870,8.846
0.716317,-4.6906,-4.8234,-6.7764,9.549
0.721295,-5.2576,-5.0654,-7.2927,10.319
0.728970,-5.8705,-5.3211,-7.7465,11.081
0.730797,-6.6263,-5.7154,-8.0817,11.912
0.735721,-7.5522,-6.1632,-8.1165,12.685
0.740841,-8.7046,-6.5215,-7.8199,13.396
0.745919,-10.1130,-6.6349,-7.2008,14.076
0.750996,-11.7968,-6.6596,-6.3832,14.975
0.755689,-13.3306,-6.8797,-5.4392,15.957
0.760816,-14.5712,-7.3584,-4.4637,16.923
0.765868,-15.7043,-7.7523,-3.4154,17.843
0.770761,-16.7333,-8.1830,-2.0681,18.741
0.775966,-17.6824,-8.6322,-0.6533,19.688
0.780664,-18.6570,-9.3003,0.4504,20.851
0.785615,-19.5544,-10.4764,1.2768,22.221
0.790806,-19.7863,-12.0404,1.6584,23.221
0.795620,-19.4286,-13.7164,1.7241,23.845
0.804850,-18.7514,-15.1270,1.3472,24.130
0.806282,-17.8396,-16.2967,0.5107,24.168
0.813357,-16.2513,-17.3798,-0.6292,23.802
0.815697,-13.8459,-18.3539,-2.1121,23.088
0.820754,-10.5730,-18.7204,-3.6577,21.809
0.827181,-6.5905,-18.0715,-5.3796,19.974
0.830861,-2.0100,-16.5791,-7.2946,18.224
0.835667,3.6096,-14.5789,-9.4280,17.733
0.840347,10.2381,-11.7172,-11.7529,19.500
0.845933,17.5122,-8.0561,-14.0949,23.880
0.854096,25.0580,-4.0243,-16.0819,30.045
0.855398,32.1652,0.0658,-17.1460,36.450
0.860375,38.5915,3.9415,-17.1705,42.422
0.865622,43.4331,7.3066,-16.5860,47.063
0.870500,45.9205,9.8340,-15.2871,49.387
0.876313,45.9383,11.3985,-13.6945,49.273
0.880499,43.6921,11.9565,-12.1613,46.903
0.885414,40.1020,11.6808,-10.5567,43.082
0.890397,35.8409,10.4264,-9.2339,38.452
0.895716,30.5911,8.5331,-8.3932,32.849
0.901287,25.1534,6.5051,-7.5504,27.056
0.905343,20.5708,4.5665,-6.4143,22.026
0.910160,16.8272,2.7578,-5.0978,17.797
0.915274,13.6251,1.2494,-3.8576,14.216
0.921580,10.6572,-0.0278,-3.0277,11.079
0.930086,7.9577,-1.2405,-2.6885,8.491
0.931865,5.5464,-2.3012,-2.7833,6.618
0.935032,3.3811,-3.2377,-3.2519,5.700
0.940287,1.4157,-4.0833,-4.0547,5.926
0.945477,-0.2831,-4.8846,-4.9585,6.966
0.950961,-1.8217,-5.6391,-5.8744,8.344
0.955538,-3.3576,-6.5177,-6.7664,9.977
0.960084,-4.9182,-7.5824,-7.3671,11.660
0.965102,-7.0679,-8.7138,-7.5673,13.533
0.970169,-9.7610,-9.5830,-7.1622,15.440
0.975006,-13.0789,-10.0405,-6.6058,17.763
0.980158,-17.4561,-10.0619,-6.0831,21.047
0.985108,-21.5396,-10.1839,-5.4141,24.433
0.990160,-24.3916,-10.6600,-4.5588,27.007
0.996168,-27.0360,-10.8019,-3.3647,29.308
1.000032,-29.2218,-10.8110,-1.7932,31.209
1.004968,-30.4418,-11.2742,-0.3534,32.464
1.009875,-29.6883,-12.9319,0.5313,32.387
1.015253,-30.2142,-13.9404,1.3810,33.304
1.020941,-30.9980,-14.2754,1.6378,34.166
1.024892,-28.7617,-16.4520,1.7247,33.179
1.030254,-25.8988,-18.8905,1.3974,32.087
1.034637,-22.8359,-20.6933,0.9695,30.832
1.039698,-19.6843,-21.7314,0.3150,29.323
1.044788,-17.0338,-22.0276,-1.0049,27.864
1.049730,-14.7725,-21.8554,-2.9435,26.543
1.054710,-12.2457,-21.0781,-5.4246,24.973
1.059804,-9.5432,-19.7769,-8.4715,23.536
1.064802,-6.4127,-18.0570,-11.6139,22.407
1.069673,-2.1355,-16.1503,-14.2329,21.633
1.079867,3.4430,-14.1097,-16.3785,21.890
1.081166,9.7928,-11.4967,-17.6578,23.235
1.091326,16.3903,-8.2237,-17.8849,25.615
1.091732,22.2149,-4.5952,-17.3478,28.558
1.097613,26.5651,-0.9096,-16.1160,31.085
1.099509,29.2278,2.5249,-14.3994,32.680
1.104492,30.6963,5.1402,-12.4915,33.537
1.109443,31.5694,6.6935,-10.8416,34.044
1.114539,30.7747,7.8485,-9.1530,33.052
1.119604,32.2842,6.8142,-7.3358,33.801
1.124507,32.0412,5.7524,-7.1024,33.319
1.130224,29.2352,5.7322,-5.9149,30.373
1.136568,25.4156,6.4817,-4.6332,26.635
1.139361,22.2126,6.5325,-3.5577,23.425
1.144273,19.6485,5.7086,-2.8589,20.660
1.149220,17.1623,4.8371,-2.5559,18.013
1.154346,14.6736,4.1909,-2.2159,15.420
1.162278,12.1701,3.6542,-1.8804,12.845
1.164232,9.8484,3.0974,-1.5338,10.437
1.169279,7.8353,2.4700,-1.1594,8.297
1.174104,6.0613,1.7449,-0.8984,6.371
1.179330,4.4857,1.0097,-0.7200,4.654
1.184383,3.0307,0.2954,-0.5530,3.095
1.189359,1.7578,-0.4479,-0.4207,1.862
1.194647,0.5657,-1.1229,-0.4874,1.349
1.199080,-0.5433,-1.7819,-0.6526,1.974
1.204072,-1.5339,-2.3340,-0.8260,2.912
1.209363,-2.3038,-2.8223,-1.0323,3.787
1.214054,-3.0599,-3.2515,-1.2082,4.625
1.219258,-3.6016,-3.6233,-1.3097,5.274
1.223976,-4.0303,-3.9427,-1.3305,5.793
1.229610,-4.3715,-4.2200,-1.3187,6.217
1.237447,-4.6603,-4.3892,-1.2363,6.520
1.239023,-4.8983,-4.5185,-1.0929,6.753
1.243970,-5.0941,-4.5038,-0.9399,6.864
1.249371,-5.2341,-4.4182,-0.7652,6.892
1.254455,-5.2353,-4.2771,-0.5149,6.780
1.258932,-5.1364,-4.1438,-0.3467,6.609
1.263920,-5.0712,-3.9379,-0.1219,6.422
1.269030,-5.0011,-3.6793,0.1016,6.210
1.274021,-4.8460,-3.4551,0.2952,5.959
1.278884,-4.6838,-3.2318,0.4053,5.705
1.284409,-4.4291,-3.0531,0.4222,5.396
1.288965,-4.2151,-2.8520,0.3215,5.099
1.293816,-4.0029,-2.6813,0.0974,4.819
1.298763,-3.7242,-2.5168,-0.1461,4.497
1.303757,-3.3789,-2.3682,-0.4056,4.146
1.309388,-3.0365,-2.1682,-0.5574,3.773
1.314330,-2.6819,-2.0554,-0.6263,3.437
1.318792,-2.2954,-1.8528,-0.6319,3.017
1.323667,-1.9093,-1.5699,-0.5122,2.524
1.329147,-1.5179,-1.2739,-0.3917,2.020
1.338414,-1.1539,-0.9406,-0.2469,1.509
1.339781,-0.7295,-0.7086,-0.1304,1.025
1.343570,-0.2393,-0.5393,-0.1524,0.609
1.348650,0.1645,-0.4036,-0.2366,0.496
1.353719,0.4685,-0.3301,-0.3690,0.682
1.359484,0.6880,-0.2849,-0.3683,0.831
1.363883,0.7466,-0.1818,-0.3405,0.840
1.368551,0.7358,-0.0210,-0.2470,0.776
1.373916,0.7269,0.0874,-0.1217,0.742
1.378553,0.7534,0.1340,0.0356,0.766
1.384198,0.7292,0.1762,0.2537,0.792
1.388460,0.7406,0.2093,0.4134,0.874
1.393452,0.7251,0.2236,0.5203,0.920
1.398305,0.7461,0.1762,0.6942,1.034
1.403321,0.8606,0.1199,0.9069,1.256
1.409269,0.9395,0.1742,1.0679,1.433
1.413282,1.0071,0.2672,1.1582,1.558
1.418267,1.1116,0.2938,1.0728,1.573
1.423181,1.1667,0.3497,0.7880,1.451
1.428300,1.1169,0.4116,0.5283,1.302
1.434727,1.0427,0.3741,0.3503,1.162
1.438090,0.9343,0.3238,0.2102,1.011
1.443062,0.8395,0.2844,0.1318,0.896
1.448208,0.7102,0.1940,0.0770,0.740
1.453040,0.6455,0.1096,0.0319,0.655
1.458295,0.5466,-0.0544,0.0783,0.555
1.463309,0.3641,-0.2120,0.1635,0.452
1.468157,0.1692,-0.3349,0.2978,0.479
1.473155,0.0618,-0.4664,0.4674,0.663
1.478187,0.0557,-0.6829,0.7061,0.984
1.483165,-0.0560,-0.6979,0.8285,1.085
1.493681,-0.2957,-0.6979,0.8496,1.139
1.501016,-0.3970,-0.7694,0.8125,1.187
1.501741,-0.4845,-0.8741,0.7888,1.273
1.503125,-0.5298,-0.9305,0.7494,1.307
1.507919,-0.5284,-0.9149,0.6460,1.238
1.513156,-0.5043,-0.9373,0.4264,1.147
1.520800,-0.6069,-0.9360,0.0950,1.120
1.523112,-0.8398,-0.9010,-0.2807,1.263
1.529521,-1.0703,-0.9189,-0.6256,1.543
1.532758,-1.2988,-1.0137,-0.9743,1.914
1.537894,-1.5402,-1.1184,-1.3613,2.340
1.542663,-1.7899,-1.2379,-1.7826,2.813
1.548111,-1.9916,-1.2819,-2.1628,3.207
1.552727,-2.1444,-1.4222,-2.5206,3.602
1.557754,-2.3209,-1.5971,-2.7905,3.965
1.562777,-2.5019,-1.7873,-2.9921,4.290
1.567805,-2.5867,-2.0025,-3.1879,4.568
1.572680,-2.6138,-2.2187,-3.4642,4.874
1.577728,-2.7172,-2.4936,-3.8014,5.296
1.582605,-2.9112,-2.7888,-4.2468,5.856
1.587670,-3.1824,-3.0859,-4.7627,6.506
1.592710,-3.6707,-3.4857,-5.2305,7.279
1.597712,-4.4292,-3.9458,-5.6226,8.173
1.602479,-5.3969,-4.4235,-5.9111,9.145
1.607661,-6.4890,-4.7954,-5.9769,10.041
1.612685,-7.8813,-5.1781,-5.7979,11.070
1.620848,-9.9172,-5.5542,-5.5100,12.632
1.622695,-11.9875,-6.1881,-5.0676,14.411
1.631175,-13.4062,-7.0606,-4.3526,15.765
1.632245,-14.6173,-7.5976,-3.1194,16.767
1.637350,-16.2461,-7.7092,-1.2810,18.028
1.642893,-17.7702,-7.8526,0.7318,19.442
1.647591,-18.7005,-8.4380,2.5150,20.670
1.654556,-18.8396,-9.9026,3.3499,21.546
1.657410,-20.4257,-10.7889,3.5713,23.374
1.663195,-21.1101,-12.3089,2.6311,24.578
1.667554,-20.9005,-14.7506,1.2429,25.612
1.672261,-20.7382,-16.8343,-0.3959,26.714
1.677415,-19.6668,-18.7515,-2.5345,27.292
1.682394,-17.9102,-20.4838,-4.9719,27.660
1.687576,-15.7732,-21.7987,-7.3924,27.904
1.698828,-13.3258,-22.4420,-9.7228,27.852
1.699432,-10.5802,-22.3788,-11.8242,27.433
1.705602,-7.5853,-21.8707,-13.5704,26.833
1.707147,-4.0970,-21.0262,-14.9442,26.119
1.712079,0.5516,-19.7698,-15.9389,25.401
1.720702,6.4507,-18.0391,-16.9138,25.556
1.722111,12.8273,-15.3648,-17.9949,26.915
1.727452,19.0279,-12.0062,-19.1014,29.514
1.731920,24.4924,-8.2143,-20.0477,32.700
1.738156,29.7917,-4.2712,-20.5045,36.417
1.748177,34.6697,-0.5741,-20.6203,40.342
1.748669,38.0385,2.5846,-20.4497,43.264
1.754933,39.3402,4.8418,-19.7219,44.272
1.757059,38.5825,6.1620,-18.0830,43.053
1.763376,37.9090,5.6757,-16.2440,41.631
1.772396,35.3373,5.1142,-14.2162,38.432
1.778498,31.5828,4.9798,-11.9006,34.116
1.778806,27.3863,4.7509,-9.8496,29.489
1.781703,22.9741,4.1217,-8.2132,24.744
1.786939,18.8090,3.2254,-7.1206,20.369
1.792019,15.2035,2.4375,-6.2775,16.628
1.797055,12.2812,1.8553,-5.4407,13.560
1.804135,9.8168,1.3299,-4.5987,10.922
1.806901,7.7191,0.7415,-3.7930,8.633
1.812032,5.7881,0.0591,-3.0838,6.559
1.819106,3.8240,-0.5388,-2.3739,4.533
1.821829,1.8902,-1.0890,-1.6618,2.742
1.826984,-0.0104,-1.5559,-0.9718,1.835
1.831439,-1.8675,-1.9130,-0.2600,2.686
1.836616,-3.4779,-2.2352,0.3672,4.151
1.842456,-4.8947,-2.5564,0.7717,5.576
1.846852,-6.1657,-2.8053,0.9388,6.839
1.851552,-7.2519,-3.0501,0.9689,7.927
1.856561,-7.9864,-3.2774,0.9107,8.681
1.861919,-8.2520,-3.4372,0.8843,8.983
1.867527,-8.1333,-3.5931,0.8333,8.931
1.871942,-7.8075,-3.7465,0.7811,8.695
1.876620,-7.3557,-3.7796,0.7697,8.306
1.881933,-6.8487,-3.6985,0.7561,7.820
1.886490,-6.3200,-3.6145,0.6640,7.311
1.891467,-5.7706,-3.5144,0.4812,6.774
1.896481,-5.2627,-3.4130,0.2461,6.277
1.901501,-4.7761,-3.3538,0.0148,5.836
1.906387,-4.3529,-3.1839,-0.2718,5.400
1.911310,-4.0255,-3.0568,-0.5193,5.081
1.916468,-3.6881,-2.9486,-0.6903,4.772
1.921659,-3.3244,-2.8258,-0.7818,4.433
1.928941,-2.9724,-2.6312,-0.8469,4.059
1.931150,-2.6839,-2.5036,-0.9291,3.786
1.936418,-2.4298,-2.3521,-0.9044,3.501
1.941342,-2.2717,-2.2438,-0.8260,3.298
1.946394,-2.1087,-2.1115,-0.7034,3.066
1.951362,-1.9355,-1.9889,-0.5709,2.833
1.956362,-1.7133,-1.9093,-0.4475,2.604
1.961535,-1.4704,-1.7725,-0.3569,2.331
1.966518,-1.2253,-1.6455,-0.1985,2.061
1.971316,-0.9583,-1.5331,-0.0301,1.808
1.976297,-0.7071,-1.3731,0.0962,1.547
1.981100,-0.4517,-1.1992,0.1370,1.289
1.986257,-0.2633,-1.0209,0.1978,1.073
1.991087,-0.0649,-0.9004,0.2493,0.937
1.996180,0.2112,-0.7611,0.2199,0.820
2.001238,0.3694,-0.6699,0.2193,0.796
2.006153,0.4241,-0.5551,0.1951,0.725
2.010994,0.4237,-0.4595,0.1609,0.645
2.016581,0.4111,-0.4022,0.0974,0.583
2.021104,0.3524,-0.4071,0.0189,0.539
2.028179,0.2859,-0.3734,-0.0800,0.477
2.030859,0.2732,-0.3536,-0.2042,0.491
2.036110,0.2518,-0.3717,-0.3349,0.560
2.041105,0.2409,-0.3699,-0.4110,0.603
2.045954,0.1970,-0.3768,-0.4229,0.600
2.050838,0.1440,-0.3734,-0.3609,0.539
2.055905,0.0916,-0.4123,-0.2679,0.500
2.060826,0.0492,-0.4027,-0.1145,0.422
2.065992,0.0502,-0.3593,0.0525,0.367
2.070985,0.0181,-0.3538,0.2278,0.421
2.076118,0.0051,-0.3768,0.3887,0.541
2.080817,-0.0371,-0.4476,0.5836,0.736
2.085751,-0.0991,-0.4659,0.8035,0.934
2.090732,-0.2002,-0.4270,1.0109,1.116
2.095968,-0.2788,-0.3841,1.1922,1.283
2.100891,-0.3828,-0.3610,1.2995,1.402
2.105746,-0.4551,-0.3100,1.4098,1.514
2.110609,-0.4671,-0.2741,1.3986,1.500
2.115693,-0.4427,-0.2439,1.3280,1.421
2.120751,-0.4298,-0.1569,1.1883,1.273
2.130978,-0.4090,-0.0994,0.9983,1.083
2.131342,-0.3322,-0.0757,0.8766,0.940
2.135560,-0.2375,-0.0140,0.7560,0.793
2.140655,-0.1294,0.1143,0.6797,0.701
2.145754,-0.0603,0.1417,0.6186,0.638
2.150804,-0.0492,0.1880,0.5969,0.628
2.155769,-0.0483,0.1908,0.6050,0.636
2.160392,-0.0434,0.1549,0.6433,0.663
2.165466,-0.0345,0.1520,0.6592,0.677
2.170560,0.0504,0.1723,0.8211,0.840
2.175842,0.3075,0.1340,1.2159,1.261
2.180563,0.4016,0.1138,1.4085,1.469
2.185488,0.4235,0.1068,1.4991,1.561
2.190371,0.3347,0.0845,1.2863,1.332
2.195617,0.1926,0.1432,0.8745,0.907
2.200902,0.0976,0.1872,0.4256,0.475
2.205441,0.1073,0.2313,0.0155,0.255
2.210275,0.1453,0.2708,-0.3041,0.432
2.215669,0.2265,0.2965,-0.5245,0.644
2.220386,0.2792,0.2892,-0.6409,0.757
2.229511,0.3471,0.2537,-0.7351,0.852
2.230465,0.4207,0.3000,-0.7254,0.891
2.235528,0.4714,0.2988,-0.6308,0.842
2.240387,0.5520,0.2165,-0.5803,0.830
2.245297,0.5719,0.1727,-0.5161,0.789
2.250932,0.6318,0.1482,-0.4137,0.770
2.255320,0.6168,0.0805,-0.3302,0.704
2.260060,0.4976,0.1468,-0.3231,0.611
2.265398,0.3746,0.1316,-0.3207,0.510
2.270093,0.3241,0.0638,-0.4092,0.526
2.275811,0.3270,-0.0611,-0.5172,0.615
2.280083,0.3019,-0.0756,-0.5445,0.627
2.285104,0.2390,-0.0660,-0.5579,0.610
2.290032,0.0227,-0.0563,-0.3800,0.385
2.295135,-0.1272,-0.1522,-0.1108,0.227
2.300761,-0.1247,-0.3390,0.1351,0.386
2.305265,-0.1133,-0.5020,0.2957,0.594
2.309839,-0.1504,-0.5025,0.3759,0.645
2.314804,-0.2073,-0.4651,0.4573,0.684
2.319686,-0.2792,-0.4137,0.4776,0.691
2.329797,-0.2898,-0.3148,0.4078,0.591
2.330349,-0.3302,-0.2018,0.2762,0.475
2.335341,-0.2852,-0.1223,0.0247,0.311
2.339769,-0.1927,-0.1095,-0.2181,0.311
2.345602,-0.1723,-0.0341,-0.3998,0.437
2.350833,-0.1136,0.0226,-0.4970,0.510
2.355454,-0.0982,0.0605,-0.5861,0.597
2.359840,-0.0733,0.1037,-0.5332,0.548
2.365013,-0.0676,0.1231,-0.5054,0.525
2.369742,-0.0522,0.1285,-0.5168,0.535
2.374836,-0.0654,0.1053,-0.4521,0.469
2.379636,-0.0694,0.0773,-0.3252,0.341
2.384931,-0.0977,0.0635,-0.2172,0.246
2.389684,-0.1600,0.0448,-0.1372,0.215
2.395273,-0.2325,-0.0126,-0.0514,0.238
2.399602,-0.3444,-0.1133,-0.0074,0.363
2.404750,-0.3857,-0.1138,0.0571,0.406
2.409703,-0.3803,-0.1002,0.0745,0.400
2.414595,-0.3285,-0.1252,0.0306,0.353
2.421676,-0.3114,-0.1265,0.0835,0.346
2.424830,-0.2520,-0.0706,0.0939,0.278
2.430945,-0.1791,0.0138,0.0428,0.185
2.434400,-0.0829,0.1410,-0.0559,0.173
2.439288,0.0180,0.1869,-0.1548,0.243
2.444582,0.1673,0.1659,-0.2639,0.354
2.449558,0.3129,0.1548,-0.3165,0.471
2.455047,0.4314,0.1680,-0.2886,0.546
2.459392,0.4986,0.1670,-0.2041,0.564
2.464479,0.5054,0.1660,-0.1151,0.544
2.469327,0.5091,0.1700,-0.0219,0.537
2.474692,0.5061,0.1633,0.0324,0.533
2.479519,0.5379,0.0806,0.0579,0.547
2.484307,0.4806,0.0129,0.0687,0.486
2.489296,0.3395,-0.0306,0.0890,0.352
2.494418,0.1763,0.0072,0.1091,0.207
2.499287,0.0906,0.0256,0.0862,0.128
2.504373,0.0529,0.0107,0.0633,0.083
2.509293,0.0154,-0.0136,0.1070,0.109
2.514854,-0.0076,-0.0139,0.1028,0.104
2.519981,-0.0161,-0.0142,0.1177,0.120
2.524432,-0.0150,-0.0146,0.1373,0.139
2.529783,-0.0805,0.0088,0.1808,0.198
2.534039,-0.0791,0.0367,0.1670,0.188
2.539026,-0.1112,-0.0022,0.0914,0.144
2.544080,-0.1242,-0.0073,0.0067,0.125
2.549182,-0.1607,-0.0313,-0.1015,0.193
2.554118,-0.1589,-0.0073,-0.1625,0.227
2.559070,-0.1476,-0.0116,-0.2574,0.297
2.564158,-0.1124,-0.0488,-0.3244,0.347
2.569117,-0.0773,-0.0710,-0.2970,0.315
2.574695,-0.0612,-0.1166,-0.2183,0.255
2.578869,-0.0401,-0.1188,-0.1837,0.222
2.584042,-0.0713,-0.1447,-0.0786,0.179
2.588912,-0.0881,-0.1323,0.0112,0.159
2.593941,-0.1574,-0.1389,0.0432,0.214
2.599300,-0.2124,-0.1598,0.0940,0.282
2.604272,-0.2489,-0.1521,0.1400,0.324
2.609574,-0.2289,-0.1208,0.1717,0.311
2.613935,-0.2193,-0.1517,0.1560,0.309
2.619078,-0.1869,-0.1397,0.1409,0.273
2.623847,-0.1603,-0.1183,0.1214,0.233
2.629412,-0.1346,-0.1305,0.1308,0.229
2.636931,-0.0623,-0.1378,0.1261,0.197
2.638792,-0.0765,-0.1500,0.1790,0.246
2.643667,-0.0291,-0.1338,0.1368,0.194
2.648578,-0.0061,-0.1177,0.0906,0.149
2.653764,0.0260,-0.1684,-0.0025,0.170
2.658510,0.0773,-0.1522,-0.0664,0.183
2.663728,0.1476,-0.1740,-0.1108,0.254
2.668477,0.1464,-0.1576,-0.1408,0.257
2.673622,0.0978,-0.1509,-0.1514,0.235
2.678583,0.0355,-0.1632,-0.1667,0.236
2.683851,-0.0266,-0.1707,-0.1388,0.222
2.688385,-0.0837,-0.2544,-0.1060,0.288
2.694117,-0.1219,-0.2282,-0.0920,0.275
2.698416,-0.1750,-0.1738,-0.0253,0.248
2.703490,-0.1620,-0.1438,0.0172,0.217
2.709177,-0.1357,-0.1094,0.0835,0.193
2.713363,-0.0769,-0.1039,0.1449,0.194
2.718271,-0.0285,-0.0747,0.1396,0.161
2.723505,0.0099,-0.0412,0.1729,0.178
2.728820,0.0335,-0.0462,0.2111,0.219
2.738784,0.0571,0.0106,0.2255,0.233
2.739123,0.0616,-0.0235,0.2450,0.254
2.743259,0.0280,0.0185,0.2841,0.286
2.748198,-0.0434,0.0885,0.2616,0.280
2.753846,0.0096,0.1104,0.1301,0.171
2.758831,0.0910,0.0895,0.0089,0.128
2.763170,0.1105,0.0973,-0.0452,0.154
2.768079,0.1068,0.1339,-0.0663,0.184
2.773181,0.1466,0.1703,-0.1164,0.253
2.778055,0.1202,0.2256,-0.1097,0.278
2.783825,0.1137,0.1618,-0.1037,0.223
2.788013,0.1408,0.1320,-0.0366,0.197
2.793081,0.0874,0.1074,0.0392,0.144
2.798060,0.0488,0.1399,0.1237,0.193
2.803010,0.0009,0.1056,0.2505,0.272
2.808284,-0.0325,0.0430,0.3052,0.310
2.813205,-0.0563,-0.0002,0.3648,0.369
2.819491,-0.0946,-0.0195,0.4721,0.482
2.823029,-0.1092,-0.0389,0.5509,0.563
2.828260,-0.0862,-0.0442,0.5159,0.525
2.833520,-0.0733,-0.0306,0.4913,0.498
2.837795,-0.0846,-0.0648,0.3963,0.410
2.842831,-0.0819,-0.0561,0.2739,0.291
2.847851,-0.0940,-0.0189,0.1572,0.184
2.853048,-0.0683,-0.0010,0.0365,0.077
2.857819,-0.0193,0.0074,-0.0218,0.030
2.862827,0.0103,0.0302,-0.0706,0.078
2.867698,0.0588,0.0006,-0.0861,0.104
2.872871,0.0783,-0.0288,-0.0493,0.097
2.877720,0.0691,-0.0103,-0.0747,0.102
2.882830,0.0649,0.0033,-0.1333,0.148
2.887708,0.0941,-0.0259,-0.2061,0.228
2.892705,0.1184,-0.0499,-0.2456,0.277
2.897624,0.0951,-0.0355,-0.2803,0.298
2.902950,0.0768,-0.0355,-0.2675,0.281
2.907887,0.0779,-0.0496,-0.3837,0.395
2.913846,0.0606,-0.0296,-1.2329,1.235
2.921439,0.0911,0.0434,-1.4321,1.436
2.922594,0.1070,0.0640,-0.7189,0.730
2.927513,0.1324,0.0035,-0.1443,0.196
2.932449,0.1769,-0.0807,0.0562,0.202
2.937441,0.2075,-0.1406,0.0328,0.253
2.942486,0.2241,-0.1622,0.0672,0.285
2.947454,0.1743,-0.1269,0.1783,0.280
2.952476,0.1440,-0.0781,0.3516,0.388
2.957476,0.1376,-0.0302,0.4875,0.507
2.962495,0.1217,-0.0023,0.4339,0.451
2.967349,0.1155,0.0489,0.2726,0.300
2.972558,0.1235,0.0758,0.1034,0.178
2.977316,0.0409,0.1597,-0.0363,0.169
2.982434,-0.0557,0.1528,-0.2566,0.304
2.987289,-0.0279,0.1180,-0.5909,0.603
2.993121,0.0191,0.1507,-0.8203,0.834
