0.002535,0.1173,0.1679,-0.5821,0.617
0.007046,0.1485,0.1102,-0.6367,0.663
0.008481,0.1463,0.0962,-0.5978,0.623
0.013695,0.2205,0.1160,-0.4896,0.549
0.019468,0.2138,0.1264,-0.3931,0.465
0.023667,0.2362,0.1274,-0.2980,0.401
0.028379,0.2828,0.1095,-0.2044,0.366
0.033292,0.2821,0.1488,-0.1212,0.341
0.038363,0.3106,0.1212,-0.0054,0.333
0.048647,0.3111,0.1175,0.1096,0.350
0.049028,0.2884,0.1374,0.1241,0.343
0.053246,0.2711,0.1239,0.1339,0.327
0.058342,0.3021,0.0203,0.0485,0.307
0.065351,0.2762,0.1691,0.1969,0.379
0.069308,0.2175,0.2072,0.3404,0.454
0.073392,0.2070,0.1449,0.4126,0.484
0.078225,0.2108,0.0924,0.4187,0.478
0.083183,0.1909,0.0637,0.4257,0.471
0.088392,0.1857,0.0636,0.4050,0.450
0.094229,0.1475,0.0728,0.3470,0.384
0.098289,0.0953,0.0438,0.3471,0.363
0.103019,0.0623,0.0482,0.3618,0.370
0.108255,0.0389,0.0620,0.3624,0.370
0.113319,-0.0178,0.0567,0.3489,0.354
0.118096,-0.0409,0.0229,0.3165,0.320
0.123247,-0.0735,0.0416,0.3464,0.357
0.128066,-0.0870,0.0364,0.3810,0.393
0.133039,-0.1052,0.0359,0.3253,0.344
0.138141,-0.1092,0.0639,0.2986,0.324
0.142929,-0.1182,0.0821,0.3104,0.342
0.148656,-0.1223,0.1239,0.2984,0.345
0.152865,-0.1169,0.1130,0.2676,0.313
0.158000,-0.0973,0.0976,0.2038,0.246
0.163255,-0.1253,0.1012,0.1928,0.251
0.173487,-0.1340,0.1000,0.1772,0.244
0.182051,-0.1141,0.0846,0.1761,0.226
0.182424,-0.1084,0.0883,0.1987,0.243
0.183021,-0.0695,0.1014,0.1786,0.217
0.188112,-0.0593,0.0764,0.1396,0.170
0.192782,-0.0585,0.0375,0.0864,0.111
0.197841,-0.1007,-0.0153,0.0856,0.133
0.202741,-0.1139,-0.0012,0.1370,0.178
0.207724,-0.1275,-0.0252,0.1786,0.221
0.212624,-0.1553,-0.0681,0.2394,0.293
0.217669,-0.1927,-0.0822,0.2765,0.347
0.222770,-0.2018,-0.1059,0.3138,0.388
0.227756,-0.2303,-0.1581,0.3087,0.416
0.232652,-0.2686,-0.2005,0.2712,0.431
0.237624,-0.2788,-0.1762,0.2393,0.407
0.242922,-0.3230,-0.1902,0.2083,0.429
0.247909,-0.3487,-0.2137,0.2020,0.456
0.252632,-0.3515,-0.1897,0.2250,0.458
0.257831,-0.3837,-0.1945,0.1820,0.467
0.262400,-0.4260,-0.1853,0.1353,0.484
0.267619,-0.4546,-0.1809,0.0848,0.497
0.273079,-0.4744,-0.2336,0.0398,0.530
0.277579,-0.5001,-0.2004,0.0193,0.539
0.282588,-0.5173,-0.1770,0.0228,0.547
0.291887,-0.5543,-0.1632,0.0170,0.578
0.292451,-0.5925,-0.1353,0.0067,0.608
0.297663,-0.6129,-0.1171,0.0395,0.625
0.303024,-0.6587,-0.1276,0.1152,0.681
0.307395,-0.6730,-0.1761,0.2767,0.749
0.312381,-0.7182,-0.1721,0.4429,0.861
0.317261,-0.7603,-0.1874,0.6044,0.989
0.322394,-0.8101,-0.2126,0.8338,1.182
0.327481,-0.9055,-0.2714,1.0596,1.420
0.332632,-0.9088,-0.3493,1.2444,1.580
0.337244,-0.9063,-0.3323,1.4459,1.738
0.342546,-0.8790,-0.3304,1.5453,1.808
0.347383,-0.8213,-0.4051,1.5619,1.811
0.352646,-0.7586,-0.4609,1.5645,1.799
0.357242,-0.7422,-0.4361,1.6336,1.847
0.362085,-0.7003,-0.3742,1.7023,1.878
0.367120,-0.6616,-0.3180,1.6187,1.777
0.372288,-0.6212,-0.3244,1.5499,1.701
0.377422,-0.5872,-0.2595,1.4182,1.557
0.382225,-0.5572,-0.2380,1.2550,1.394
0.387142,-0.4535,-0.1499,1.0634,1.166
0.392253,-0.3431,-0.1192,0.9002,0.971
0.397364,-0.2397,-0.1071,0.7745,0.818
0.402438,-0.1527,0.0053,0.7094,0.726
0.407160,-0.0425,0.0987,0.7075,0.716
0.412038,0.0307,0.1588,0.6862,0.705
0.417041,0.1258,0.1766,0.6868,0.720
0.421961,0.2714,0.2618,0.7570,0.846
0.429994,0.4534,0.2712,0.8156,0.972
0.432057,0.7293,0.3051,0.8107,1.132
0.437787,0.9729,0.3461,0.7728,1.290
0.442315,1.2649,0.4974,0.6016,1.486
0.446801,1.5695,0.5915,0.4092,1.726
0.452452,1.8492,0.6572,0.2378,1.977
0.456755,2.0189,0.7184,0.0481,2.143
0.461600,2.1171,0.7654,-0.1179,2.254
0.466706,2.0970,0.8223,-0.2589,2.267
0.471841,2.0284,0.9177,-0.3959,2.261
0.477400,2.0460,0.9558,-0.5705,2.329
0.481649,2.2115,1.0228,-0.7364,2.545
0.486846,2.4867,1.0178,-0.9809,2.860
0.491664,2.7953,1.0316,-1.2000,3.212
0.496868,3.0905,1.0445,-1.4202,3.558
0.502432,3.4104,1.0705,-1.5155,3.882
0.506820,3.6412,1.1332,-1.6504,4.155
0.512011,3.8120,1.1700,-1.7779,4.366
0.516496,4.0574,1.1570,-1.9223,4.636
0.521603,4.2629,1.1132,-2.1028,4.882
0.527487,4.3569,1.0579,-2.2519,5.017
0.531590,4.3080,0.9860,-2.2930,4.979
0.536635,4.2015,0.9554,-2.2251,4.849
0.541982,4.0278,0.9662,-2.1287,4.657
0.547813,3.8536,0.9709,-2.0411,4.468
0.557988,3.7313,0.8312,-2.0763,4.350
0.558418,3.5634,0.6010,-2.0985,4.179
0.561306,3.3870,0.3087,-2.0328,3.962
0.566435,3.1521,0.0126,-1.9820,3.723
0.572021,2.8487,-0.2629,-1.8827,3.425
0.576538,2.4618,-0.4889,-1.6765,3.018
0.581286,2.1010,-0.5983,-1.5248,2.664
0.586239,1.7055,-0.7533,-1.4869,2.385
0.591313,1.3713,-1.0067,-1.5079,2.273
0.596503,1.1042,-1.2287,-1.5421,2.260
0.601262,0.7891,-1.3715,-1.5409,2.209
0.606680,0.4491,-1.5164,-1.4988,2.179
0.611094,0.1506,-1.6444,-1.5204,2.245
0.616183,-0.0910,-1.7935,-1.6178,2.417
0.621094,-0.3565,-1.8875,-1.7315,2.586
0.626167,-0.5925,-1.9884,-1.7978,2.745
0.631800,-0.8807,-1.9913,-1.9028,2.892
0.636256,-1.1451,-2.0541,-2.0797,3.139
0.641573,-1.3767,-2.1960,-2.2852,3.455
0.646969,-1.6938,-2.3884,-2.5043,3.853
0.651211,-2.0384,-2.4874,-2.7726,4.246
0.656584,-2.4096,-2.5893,-2.9701,4.619
0.660906,-2.7558,-2.6321,-3.1788,4.963
0.666035,-3.1256,-2.7452,-3.4232,5.387
0.670881,-3.3906,-2.8904,-3.6750,5.775
0.676224,-3.5876,-3.1113,-3.9146,6.154
0.680929,-3.8130,-3.2973,-4.0193,6.447
0.685865,-4.1270,-3.4255,-3.9601,6.667
0.691387,-4.4446,-3.5156,-3.8804,6.868
0.696074,-4.9012,-3.6115,-3.7893,7.171
0.700709,-5.4555,-3.6806,-3.6239,7.513
0.705926,-6.2884,-3.5809,-3.6080,8.086
0.710737,-7.5972,-3.4043,-3.6949,9.108
0.716037,-8.8263,-3.5007,-3.9053,10.267
0.720942,-9.7932,-3.5213,-3.9966,11.148
0.725822,-10.8706,-3.5579,-3.9593,12.104
0.730721,-11.9664,-3.6447,-3.9684,13.124
0.735780,-13.2643,-4.0395,-3.9160,14.408
0.740991,-14.7057,-4.7087,-3.9100,15.929
0.745888,-16.1391,-5.4927,-3.8121,17.469
0.751100,-17.1138,-6.5569,-3.4769,18.654
0.755860,-17.2911,-7.9361,-2.9950,19.260
0.760613,-16.9458,-9.5348,-2.3699,19.588
0.765625,-16.3755,-11.3562,-1.9333,20.021
0.770570,-15.7150,-13.0752,-1.8436,20.526
0.775477,-14.7752,-14.5936,-2.1352,20.877
0.780604,-13.7078,-15.8285,-2.9587,21.147
0.788376,-12.7012,-16.6925,-4.4740,21.447
0.790446,-11.3232,-17.3005,-6.5590,21.692
0.795715,-9.3557,-17.5853,-8.8354,21.791
0.800492,-6.8558,-17.3849,-10.7444,21.556
0.805464,-3.7603,-16.3899,-12.4665,20.933
0.811768,-0.0493,-14.7614,-14.1371,20.439
0.815741,4.1202,-12.8068,-15.8148,20.763
0.820502,8.9545,-10.7202,-17.3775,22.295
0.825796,14.4646,-7.7627,-18.8174,24.972
0.830349,21.4054,-3.7074,-20.3711,29.781
0.838318,29.4283,0.3638,-22.2733,36.909
0.840633,36.9473,3.5840,-23.9140,44.157
0.845959,42.6639,5.8448,-24.2237,49.408
0.850204,45.2835,7.2525,-23.0297,51.318
0.855276,44.2471,7.6816,-20.6350,49.423
0.863725,40.1444,7.2843,-16.9371,44.176
0.865326,34.5481,6.2133,-12.6573,37.315
0.872525,28.8502,4.8819,-8.6223,30.504
0.875130,23.4008,3.6946,-5.5149,24.324
0.880166,18.3191,2.7067,-3.5437,18.854
0.887459,14.0895,1.7151,-2.4529,14.404
0.890100,11.0573,0.9841,-1.6277,11.220
0.895200,9.0650,0.3620,-0.9368,9.120
0.900192,7.6340,-0.4043,-0.5403,7.664
0.905287,6.2398,-1.1041,-0.3111,6.344
0.911638,4.9422,-1.6706,-0.0020,5.217
0.915110,3.9152,-2.2405,0.2183,4.516
0.920157,2.6441,-2.7043,0.0919,3.783
0.925051,1.4362,-3.2984,-0.2395,3.605
0.930963,-0.1298,-3.7878,-0.7089,3.856
0.935765,-1.4228,-4.5122,-1.4899,4.960
0.940328,-2.6493,-5.3037,-2.3595,6.381
0.945117,-4.2127,-5.8751,-3.1260,7.876
0.949940,-5.7032,-6.2441,-3.6007,9.191
0.955175,-6.8347,-6.5932,-3.9010,10.266
0.960777,-7.6201,-6.9295,-4.0361,11.062
0.965072,-8.3980,-7.0834,-3.9137,11.663
0.969890,-9.5899,-6.9290,-3.8714,12.449
0.974897,-12.0160,-6.6519,-4.5058,14.455
0.980138,-15.1640,-6.7944,-5.5736,17.526
0.985648,-18.0506,-7.0905,-6.4397,20.435
0.990421,-20.8716,-7.0842,-6.5388,22.991
0.997843,-23.0372,-7.3863,-5.7672,24.870
0.999875,-25.2609,-7.6688,-4.3519,26.756
1.007434,-25.9638,-8.6919,-2.9628,27.540
1.010525,-25.8494,-10.2576,-1.7766,27.867
1.014712,-25.6115,-11.9882,-1.3830,28.312
1.020649,-25.2106,-13.6485,-1.8841,28.730
1.024767,-24.3175,-15.3509,-3.1362,28.928
1.032116,-22.8790,-16.8914,-4.9948,28.874
1.037681,-20.8670,-18.2197,-7.1899,28.620
1.039535,-18.2856,-19.2243,-9.3975,28.147
1.045480,-15.4173,-19.7531,-11.1663,27.433
1.049786,-12.2367,-19.7045,-12.4811,26.340
1.054953,-8.7429,-19.0851,-13.5751,24.999
1.059380,-5.0648,-17.9616,-14.3512,23.542
1.064409,-1.5424,-16.4060,-14.9288,22.235
1.069269,1.8755,-14.4674,-15.2391,21.096
1.074406,5.2139,-12.1766,-15.3661,20.287
1.079333,8.2399,-9.4290,-15.7035,20.085
1.084405,11.2101,-6.1924,-16.0782,20.555
1.089283,15.1908,-2.9431,-16.3385,22.503
1.094303,20.6730,-0.0421,-16.9218,26.716
1.099262,26.1234,2.3514,-17.3445,31.445
1.105202,30.6950,3.9527,-17.2860,35.449
1.109455,33.4556,5.0165,-16.4234,37.605
1.114201,34.0643,5.8092,-14.3229,37.407
1.119144,32.9156,6.1008,-10.9385,35.218
1.124222,30.8418,5.8241,-7.2055,32.203
1.129086,28.2836,5.1693,-3.7263,28.993
1.134213,25.4241,4.4034,-0.5729,25.809
1.139204,22.2018,3.8129,2.0993,22.624
1.144154,18.7392,3.4955,4.0668,19.491
1.149146,15.5634,3.4122,5.3858,16.819
1.155399,12.9433,3.3383,5.9896,14.647
1.159168,10.6268,3.2933,5.9457,12.615
1.164414,8.5416,3.1608,5.3143,10.545
1.169003,6.6702,2.9508,4.2965,8.465
1.173982,4.9286,2.6776,3.1257,6.421
1.178874,3.4580,2.3846,2.0540,4.676
1.184166,2.1800,1.9639,1.1741,3.160
1.189194,1.1293,1.4932,0.5265,1.945
1.194121,0.3102,0.8839,-0.0582,0.939
1.198960,-0.4081,0.2130,-0.5847,0.744
1.203976,-1.0417,-0.4286,-1.1297,1.595
1.208905,-1.6645,-1.0549,-1.6893,2.596
1.213952,-2.1486,-1.6553,-2.1384,3.454
1.218936,-2.3846,-2.3177,-2.6057,4.225
1.223985,-2.8196,-2.9882,-3.0963,5.145
1.228743,-3.2599,-3.6240,-3.5258,6.016
1.233774,-3.7320,-4.0966,-3.7043,6.666
1.238717,-4.1285,-4.3495,-3.7667,7.082
1.243955,-4.4070,-4.4796,-3.7314,7.308
1.248619,-4.5772,-4.5650,-3.5382,7.369
1.253750,-4.6432,-4.5017,-3.1280,7.184
1.258645,-4.6775,-4.3627,-2.6873,6.938
1.263822,-4.4837,-4.1397,-2.3208,6.529
1.268850,-4.1235,-3.9868,-2.0952,6.106
1.273946,-3.6170,-3.8617,-1.9723,5.647
1.278577,-3.1267,-3.6642,-1.9394,5.193
1.283889,-2.7345,-3.5287,-1.9728,4.881
1.288847,-2.4773,-3.3502,-2.0546,4.646
1.296547,-2.2631,-3.1528,-2.1045,4.415
1.298550,-2.1298,-2.9368,-2.1808,4.233
1.306246,-2.0634,-2.7263,-2.2703,4.104
1.309391,-1.9179,-2.5163,-2.2928,3.907
1.313776,-1.6455,-2.3213,-2.2488,3.627
1.318396,-1.3697,-2.1652,-2.1292,3.331
1.323399,-1.0561,-1.9473,-1.9919,2.979
1.328542,-0.6894,-1.7491,-1.9138,2.683
1.333664,-0.3314,-1.5464,-1.9286,2.494
1.338652,-0.0513,-1.3819,-1.9850,2.419
1.344089,0.1515,-1.3176,-2.0353,2.429
1.348335,0.3401,-1.1762,-2.0036,2.348
1.353405,0.5439,-0.9719,-1.8852,2.190
1.358521,0.7063,-0.7957,-1.7569,2.054
1.363333,0.9136,-0.6091,-1.6323,1.967
1.368933,1.1058,-0.6124,-1.4593,1.931
1.373294,1.1727,-0.6047,-1.2843,1.841
1.378286,1.0475,-0.6336,-1.0636,1.622
1.383334,0.8163,-0.6180,-0.6908,1.235
1.388329,0.6937,-0.5916,-0.3134,0.964
1.393898,0.5588,-0.6027,-0.0251,0.822
1.398205,0.3651,-0.6845,0.1455,0.789
1.403234,0.1682,-0.7655,0.2572,0.825
1.408086,-0.0707,-0.8985,0.3774,0.977
1.413148,-0.3188,-1.0217,0.4823,1.174
1.418670,-0.5432,-1.0825,0.5528,1.331
1.423093,-0.6835,-1.0768,0.4985,1.369
1.428057,-0.7954,-1.1192,0.4005,1.430
1.433214,-0.7892,-1.2622,0.2968,1.518
1.438078,-0.8275,-1.3911,0.0869,1.621
1.448063,-0.9391,-1.4674,-0.2487,1.760
1.448456,-0.9899,-1.5009,-0.6055,1.897
1.452897,-1.0097,-1.5826,-0.8548,2.063
1.457918,-1.0497,-1.6881,-1.0929,2.268
1.463006,-1.1587,-1.7555,-1.2869,2.466
1.468780,-1.3371,-1.8472,-1.4897,2.724
1.472939,-1.4753,-1.9298,-1.6010,2.909
1.477865,-1.5980,-2.0993,-1.6882,3.132
1.482905,-1.7829,-2.2555,-1.8470,3.417
1.487945,-2.0918,-2.4177,-1.9580,3.749
1.493980,-2.4068,-2.4909,-2.1267,4.064
1.503461,-2.9070,-2.5574,-2.4442,4.579
1.510496,-3.7239,-2.6994,-2.9401,5.459
1.511305,-4.7019,-2.8698,-3.3771,6.461
1.512845,-5.7574,-3.1552,-3.6908,7.532
1.517798,-6.7256,-3.4938,-3.8644,8.507
1.522919,-7.7915,-3.7094,-3.7645,9.415
1.529596,-9.0764,-3.9319,-3.4472,10.475
1.532988,-10.5862,-4.2301,-2.8780,11.758
1.539163,-12.1235,-4.7765,-2.2741,13.227
1.542920,-13.5647,-5.4089,-1.6465,14.696
1.547774,-15.0345,-6.2754,-1.0993,16.329
1.552654,-16.2735,-7.3843,-0.4621,17.876
1.557564,-17.2411,-8.6126,0.1361,19.273
1.562637,-17.9230,-9.9542,0.5197,20.508
1.567647,-18.0728,-11.6997,0.6148,21.538
1.573101,-17.9729,-13.4687,0.2596,22.461
1.577471,-17.9130,-15.0528,-0.5855,23.405
1.582948,-17.7988,-16.5058,-1.8481,24.344
1.588722,-17.2965,-17.7802,-4.0491,25.134
1.592620,-16.4004,-18.8961,-6.8670,25.946
1.599356,-14.8507,-19.7599,-9.8793,26.619
1.603656,-12.5630,-20.2337,-12.8254,27.050
1.607393,-9.2277,-20.1552,-15.2981,26.934
1.612494,-5.0250,-19.4004,-17.1731,26.392
1.617244,-0.5253,-17.9823,-18.5926,25.871
1.622441,4.1273,-15.9870,-19.5862,25.617
1.630775,9.0005,-13.4571,-20.3347,25.992
1.632236,14.7969,-10.0908,-21.2919,27.823
1.637092,21.9825,-6.1213,-22.1425,31.796
1.645143,29.2959,-2.0747,-22.9259,37.258
1.647400,35.4669,1.6902,-23.5810,42.624
1.653296,39.8922,4.7140,-23.5931,46.586
1.657178,42.1341,6.6825,-22.5431,48.251
1.662187,41.5019,7.3475,-20.2535,46.761
1.667328,38.1489,6.7340,-17.2327,42.399
1.674702,33.3932,5.3971,-13.8450,36.550
1.682302,28.3433,3.7467,-10.5183,30.463
1.682892,22.8483,2.3968,-7.8967,24.293
1.686940,17.1593,1.4267,-6.2716,18.325
1.692399,12.3551,0.7021,-5.5518,13.563
1.696984,8.9562,0.1911,-5.1530,10.335
1.705058,6.6597,-0.3517,-4.5607,8.079
1.706948,4.8838,-0.9219,-3.5912,6.132
1.712054,3.1791,-1.2320,-2.2784,4.101
1.717049,1.5384,-1.2458,-0.8028,2.136
1.722105,0.1238,-1.1841,0.5671,1.319
1.726987,-1.0796,-1.2492,1.5806,2.286
1.732229,-2.4314,-1.3845,2.3632,3.662
1.736802,-3.7342,-1.3746,2.8593,4.900
1.742747,-4.7324,-1.2907,3.1231,5.815
1.746986,-5.3565,-1.3387,3.0770,6.321
1.754063,-5.6134,-1.4670,2.7879,6.437
1.756804,-5.6816,-1.6005,2.4040,6.374
1.764605,-5.6762,-1.7163,1.9305,6.236
1.766828,-5.5947,-1.8007,1.4745,6.059
1.772327,-5.2835,-2.0229,0.9926,5.744
1.777069,-4.9504,-2.2825,0.5985,5.484
1.781762,-4.6517,-2.4223,0.2278,5.250
1.786825,-4.3867,-2.4768,-0.1156,5.039
1.792035,-4.0347,-2.5420,-0.3179,4.779
1.796658,-3.6158,-2.5849,-0.5751,4.482
1.801997,-3.2407,-2.6398,-0.8075,4.257
1.806587,-2.9870,-2.7164,-1.0001,4.159
1.811660,-2.8159,-2.7288,-1.0280,4.054
1.816695,-2.7318,-2.6918,-0.9343,3.947
1.821764,-2.6008,-2.6154,-0.7849,3.771
1.826962,-2.4719,-2.5334,-0.6457,3.598
1.832045,-2.3427,-2.4462,-0.5882,3.438
1.836424,-2.3148,-2.3014,-0.5737,3.314
1.842021,-2.2495,-2.1422,-0.6310,3.170
1.846442,-2.2041,-1.9640,-0.7941,3.057
1.852132,-2.1069,-1.8622,-1.0638,3.006
1.856669,-2.1118,-1.6838,-1.3313,3.011
1.861407,-2.0350,-1.4958,-1.5689,2.973
1.866702,-1.8720,-1.3459,-1.8308,2.944
1.871480,-1.7277,-1.2292,-2.0939,2.980
1.877021,-1.5201,-1.1600,-2.1773,2.898
1.881566,-1.1910,-1.1238,-2.1625,2.713
1.886410,-0.9892,-1.1064,-2.1311,2.597
1.891955,-0.8225,-1.0741,-1.9635,2.384
1.896316,-0.8055,-1.0318,-1.7988,2.225
1.904755,-0.7373,-0.9891,-1.6562,2.065
1.906220,-0.6751,-0.9604,-1.4968,1.902
1.911182,-0.6764,-0.9362,-1.3156,1.751
1.916218,-0.5982,-0.8830,-1.0639,1.506
1.921253,-0.5402,-0.8106,-0.7755,1.245
1.926995,-0.4884,-0.7285,-0.5787,1.051
1.931175,-0.4666,-0.6752,-0.3057,0.876
1.936192,-0.4367,-0.6698,-0.1380,0.811
1.941839,-0.3555,-0.6358,0.0494,0.730
1.946080,-0.2087,-0.5780,0.2377,0.659
1.952126,-0.1008,-0.5251,0.2731,0.600
1.956011,-0.0317,-0.5251,0.2952,0.603
1.961129,0.0756,-0.4964,0.2270,0.551
1.966589,0.1447,-0.4294,0.1734,0.485
1.971149,0.1760,-0.3720,0.0573,0.415
1.975896,0.2601,-0.3574,-0.1502,0.467
1.980988,0.3353,-0.3616,-0.3161,0.586
1.985930,0.3391,-0.4179,-0.4214,0.684
1.990924,0.2475,-0.4881,-0.4424,0.704
1.996362,0.2182,-0.4906,-0.4173,0.680
2.001045,0.1264,-0.4785,-0.3170,0.588
2.006904,0.0004,-0.4806,-0.1169,0.495
2.011604,-0.0832,-0.4919,0.0343,0.500
2.016103,-0.1584,-0.5129,0.2049,0.575
2.020895,-0.2447,-0.5197,0.3667,0.681
2.025739,-0.3568,-0.5124,0.5490,0.831
2.030879,-0.4088,-0.4721,0.7138,0.948
2.035978,-0.4247,-0.4374,0.9389,1.119
2.041380,-0.4236,-0.3700,1.1668,1.295
2.045773,-0.3577,-0.3323,1.3170,1.405
2.050752,-0.2794,-0.3197,1.3709,1.435
2.055866,-0.2655,-0.2651,1.3140,1.367
2.060784,-0.2771,-0.1588,1.1743,1.217
2.065768,-0.2425,-0.0867,0.9510,0.985
2.071429,-0.1662,-0.0007,0.6526,0.673
2.075879,-0.0671,0.0278,0.4167,0.423
2.080970,0.0124,0.0755,0.2044,0.218
2.085607,0.1107,0.1712,0.0486,0.210
2.090804,0.2714,0.2193,-0.0271,0.350
2.095649,0.3512,0.2102,-0.0322,0.411
2.100632,0.4029,0.1824,-0.0292,0.443
2.105586,0.4220,0.1645,-0.0225,0.453
2.110582,0.3988,0.1756,0.0265,0.437
2.116028,0.3524,0.1629,0.0892,0.398
2.120602,0.2874,0.1456,0.1802,0.369
2.125874,0.4775,0.0801,0.4974,0.694
2.131248,0.8179,-0.0670,1.0895,1.364
2.137832,0.7722,-0.0137,1.4066,1.605
2.140747,0.4351,0.1631,1.3627,1.440
2.146895,0.1362,0.1382,1.1395,1.156
2.150294,0.0526,-0.0019,0.8899,0.891
2.155311,-0.0027,-0.0705,0.6665,0.670
2.161435,-0.0249,-0.1010,0.6501,0.658
2.165424,-0.0524,-0.0504,0.6300,0.634
2.170367,0.0827,-0.0001,0.6636,0.669
2.175470,0.1361,0.0594,0.7224,0.737
2.180523,-0.2234,0.2334,0.6430,0.720
2.185298,-0.3782,0.1727,0.5589,0.697
2.191001,-0.3087,-0.0124,0.4368,0.535
2.195169,-0.2687,-0.1061,0.3048,0.420
2.200371,-0.3971,-0.0417,0.1052,0.413
2.205239,-0.5694,0.0563,-0.0905,0.579
2.210234,-0.6418,0.0970,-0.3450,0.735
2.215126,-0.6285,0.0712,-0.5915,0.866
2.220151,-0.5824,0.0698,-0.7777,0.974
2.224973,-0.4983,0.0689,-0.8508,0.988
2.230086,-0.4240,0.0396,-0.7915,0.899
2.235206,-0.2828,0.0201,-0.6519,0.711
2.240088,-0.1897,0.0054,-0.4501,0.488
2.244841,-0.1493,0.0049,-0.2671,0.306
2.250669,-0.0997,-0.0149,-0.1072,0.147
2.254806,-0.0456,-0.0207,-0.0227,0.055
2.260776,-0.0110,-0.0650,0.0151,0.068
2.265216,0.0711,-0.0473,0.0109,0.086
2.270043,0.1675,-0.1063,-0.0498,0.205
2.275178,0.2162,-0.1031,-0.1004,0.260
2.281573,0.3273,-0.0713,-0.0883,0.346
2.290340,0.4485,0.0035,-0.0858,0.457
2.290708,0.5274,0.0927,-0.1554,0.558
2.294798,0.6171,0.1198,-0.2351,0.671
2.299703,0.6603,0.2045,-0.3540,0.777
2.304728,0.6809,0.2656,-0.4408,0.853
2.310228,0.7124,0.2839,-0.5150,0.924
2.314575,0.6928,0.2644,-0.5719,0.936
2.319817,0.6554,0.2694,-0.6741,0.978
2.324723,0.5571,0.2749,-0.7065,0.941
2.329816,0.4740,0.2474,-0.6979,0.879
2.334615,0.4010,0.1963,-0.6046,0.752
2.339850,0.3234,0.0832,-0.4785,0.583
2.344542,0.2217,-0.0394,-0.2664,0.349
2.349596,0.0957,-0.1188,-0.0729,0.169
2.354456,-0.0551,-0.2224,0.1409,0.269
2.360530,-0.1782,-0.2929,0.2606,0.431
2.364709,-0.2597,-0.3398,0.3536,0.555
2.370030,-0.2996,-0.3729,0.4488,0.656
2.374578,-0.3649,-0.3681,0.4647,0.696
2.380094,-0.3742,-0.3352,0.4107,0.649
2.384547,-0.3707,-0.3601,0.3823,0.643
2.389642,-0.3157,-0.3661,0.3217,0.581
2.396105,-0.2184,-0.2766,0.1949,0.403
2.399694,-0.3036,-0.1968,0.0638,0.367
2.404302,-0.5382,-0.2512,-0.0716,0.598
2.409466,-0.3140,-0.2434,-0.2642,0.477
2.414642,-0.2034,-0.2433,-0.3253,0.454
2.419431,-0.1125,-0.2003,-0.2632,0.349
2.424373,-0.0551,-0.1670,-0.1881,0.258
2.429812,0.0545,-0.0957,-0.1811,0.212
2.434327,0.1497,-0.0058,-0.1421,0.206
2.439456,0.1929,0.0505,-0.2046,0.286
2.444035,0.2702,0.0307,-0.2159,0.347
2.449169,0.2671,0.0541,-0.1241,0.299
2.454375,0.2128,0.1109,-0.0202,0.241
2.459336,0.1929,0.1294,0.0439,0.236
2.464103,0.1882,0.1718,0.0733,0.265
2.469064,0.1461,0.1806,0.1400,0.271
2.473975,0.1430,0.1276,0.2347,0.303
2.479082,0.0835,0.0892,0.3622,0.382
2.483948,0.0341,0.0796,0.4181,0.427
2.489134,0.0138,0.0461,0.4411,0.444
2.496131,-0.0491,0.0174,0.4506,0.454
2.499382,-0.1116,0.0124,0.4849,0.498
2.504092,-0.0835,0.0501,0.5391,0.548
2.508881,-0.0270,0.0635,0.4938,0.499
2.513890,0.0578,0.1099,0.4161,0.434
2.518915,0.1043,0.1465,0.3058,0.355
2.523900,0.0938,0.1496,0.1910,0.260
2.528978,0.1315,0.1292,0.1478,0.236
2.533810,0.1457,0.1518,0.1184,0.241
2.538870,0.0986,0.1079,0.0314,0.150
2.543704,0.0476,0.0598,-0.0367,0.085
2.548724,0.0449,0.0361,-0.0576,0.081
2.553666,0.0520,-0.0159,-0.0551,0.077
2.558753,0.0355,-0.0436,-0.0101,0.057
2.563902,0.0099,-0.0996,0.0729,0.124
2.568729,0.0083,-0.1411,0.1845,0.232
2.573659,-0.0218,-0.1872,0.3201,0.371
2.578740,-0.0375,-0.2332,0.3703,0.439
2.583640,-0.1200,-0.1984,0.3215,0.396
2.588861,-0.2406,-0.2115,0.2030,0.379
2.593541,-0.2565,-0.1962,0.1050,0.340
2.598728,-0.2874,-0.1858,-0.0682,0.349
2.604003,-0.2523,-0.1423,-0.2019,0.353
2.608607,-0.2419,-0.0847,-0.3161,0.407
2.613593,-0.1514,-0.0750,-0.3920,0.427
2.618518,-0.0143,-0.0747,-0.4491,0.456
2.623554,0.0361,-0.0220,-0.4210,0.423
2.628622,0.0576,-0.0171,-0.3749,0.380
2.633549,0.0839,-0.0358,-0.4058,0.416
2.638561,0.1102,-0.0305,-0.3516,0.370
2.646735,0.1318,-0.0203,-0.3508,0.375
2.648459,0.1153,-0.0196,-0.3838,0.401
2.653416,0.0753,-0.0188,-0.3647,0.373
2.658301,0.0690,-0.0132,-0.3128,0.321
2.663279,0.0152,-0.0267,-0.1712,0.174
2.668440,-0.0573,-0.0448,-0.0020,0.073
2.673083,-0.0867,-0.0913,0.0093,0.126
2.678321,-0.0967,-0.1991,-0.3222,0.391
2.683346,-0.0546,-0.1680,-0.4809,0.512
2.688287,-0.0937,-0.0896,-0.2253,0.260
2.693168,-0.0756,-0.0736,0.0617,0.122
2.698178,0.0040,-0.1007,0.1426,0.175
2.703168,0.0785,-0.1277,0.1332,0.201
2.708190,0.1241,-0.1212,0.0958,0.198
2.713078,0.0981,-0.0912,0.1351,0.190
2.718443,0.1104,-0.0187,0.2461,0.270
2.723035,0.0986,0.0054,0.2761,0.293
2.728126,0.1155,0.0530,0.2494,0.280
2.732982,0.0705,0.0098,0.1998,0.212
2.738088,-0.0030,-0.0047,0.1273,0.127
2.743830,-0.0474,-0.0238,-0.0062,0.053
2.748075,-0.0345,-0.0569,-0.2010,0.212
2.753014,-0.0741,0.0341,-0.4523,0.460
2.757924,-0.0420,0.1104,-0.6224,0.634
