0.001878,0.0351,0.2782,-0.6643,0.721
0.006603,0.1138,0.2724,-0.7493,0.805
0.012374,0.1403,0.3241,-0.7598,0.838
0.016588,0.2438,0.3236,-0.6819,0.793
0.021778,0.3240,0.2855,-0.5684,0.714
0.026569,0.3145,0.2765,-0.4569,0.620
0.032102,0.3252,0.2724,-0.3326,0.539
0.037152,0.2320,0.2730,-0.1807,0.401
0.041567,0.2064,0.2070,0.0226,0.293
0.046526,0.2815,0.1320,0.1248,0.335
0.051503,0.2519,0.1238,0.2321,0.364
0.056507,0.1893,0.1249,0.3256,0.397
0.062544,0.1558,0.1065,0.3914,0.435
0.066983,0.1271,0.0688,0.4297,0.453
0.071503,0.0743,0.0406,0.3933,0.402
0.076405,0.0406,0.0314,0.3347,0.339
0.081442,0.0258,-0.0019,0.2634,0.265
0.087319,-0.0132,0.0172,0.2173,0.218
0.092045,-0.0048,0.0170,0.1627,0.164
0.096562,-0.0350,0.0119,0.1138,0.120
0.101429,-0.0321,0.0448,0.0467,0.072
0.108599,-0.0390,0.0108,0.0470,0.062
0.111238,-0.0460,0.0103,-0.0239,0.053
0.116708,-0.0246,0.0003,-0.0798,0.084
0.125145,-0.0320,-0.0190,-0.0879,0.095
0.126109,-0.0156,-0.0620,-0.1101,0.127
0.131117,-0.0230,-0.0713,-0.1323,0.152
0.136050,-0.0207,-0.0948,-0.1543,0.182
0.141135,-0.0278,-0.0658,-0.1618,0.177
0.146142,-0.0727,-0.0892,-0.1649,0.201
0.151644,-0.0937,-0.0981,-0.1917,0.235
0.156031,-0.0955,-0.1212,-0.1617,0.223
0.160881,-0.1021,-0.1249,-0.1511,0.221
0.166615,-0.0991,-0.0906,-0.1647,0.212
0.170938,-0.1390,-0.0803,-0.1925,0.251
0.175906,-0.1692,-0.0937,-0.1917,0.272
0.181028,-0.1803,-0.0309,-0.2245,0.290
0.185916,-0.1821,-0.0066,-0.2335,0.296
0.191257,-0.2225,-0.0395,-0.2378,0.328
0.200007,-0.2202,-0.0530,-0.2470,0.335
0.201141,-0.2326,-0.0236,-0.2231,0.323
0.206075,-0.2312,-0.0039,-0.2137,0.315
0.217598,-0.2351,-0.0223,-0.1711,0.292
0.217980,-0.1826,-0.0312,-0.1668,0.249
0.220801,-0.1645,-0.0685,-0.1101,0.209
0.225823,-0.1755,-0.0960,-0.0823,0.216
0.230778,-0.1538,-0.1614,-0.0496,0.228
0.235878,-0.1661,-0.1835,-0.0456,0.252
0.240984,-0.1502,-0.2102,-0.0319,0.260
0.245808,-0.1064,-0.2177,0.0294,0.244
0.250696,-0.0727,-0.2253,0.0430,0.241
0.255649,-0.0490,-0.1996,0.0281,0.207
0.260608,-0.0350,-0.2026,0.0419,0.210
0.266251,-0.0164,-0.1771,0.0365,0.182
0.271036,0.0021,-0.1328,0.0216,0.135
0.275582,0.0110,-0.1030,-0.0027,0.104
0.280771,-0.0135,-0.1115,-0.0129,0.113
0.285663,-0.0093,-0.0437,-0.0519,0.069
0.290790,0.0043,-0.0097,-0.0530,0.054
0.301228,-0.0106,-0.0091,-0.0829,0.084
0.301753,-0.0441,0.0106,-0.0797,0.092
0.305701,-0.0582,0.0017,-0.1101,0.125
0.310665,-0.0817,-0.0023,-0.0928,0.124
0.315646,-0.1242,-0.0348,-0.0664,0.145
0.320367,-0.1333,-0.0147,-0.0545,0.145
0.325812,-0.1804,-0.0613,-0.0521,0.198
0.331292,-0.2082,-0.0934,-0.0256,0.230
0.335934,-0.1933,-0.0730,-0.0134,0.207
0.341129,-0.2593,-0.0766,-0.0153,0.271
0.345683,-0.2441,-0.0802,-0.0216,0.258
0.350442,-0.2718,-0.0459,-0.0609,0.282
0.355396,-0.2990,-0.0499,-0.0616,0.309
0.360311,-0.2971,-0.0207,-0.0716,0.306
0.365829,-0.3474,-0.0012,-0.1575,0.381
0.370669,-0.4018,0.0229,-0.2192,0.458
0.375320,-0.4081,0.0564,-0.2095,0.462
0.380169,-0.4284,0.0613,-0.2385,0.494
0.385442,-0.4722,0.1043,-0.2298,0.535
0.391087,-0.4916,0.1281,-0.2217,0.554
0.399507,-0.4396,0.1328,-0.1854,0.495
0.400460,-0.4070,0.0947,-0.0974,0.429
0.407634,-0.3796,0.0617,0.0234,0.385
0.410201,-0.4048,0.0240,0.1245,0.424
0.415548,-0.4016,-0.0040,0.2017,0.449
0.420350,-0.3800,-0.0178,0.2507,0.456
0.425208,-0.3686,-0.0839,0.2907,0.477
0.430092,-0.3293,-0.1355,0.2597,0.441
0.435100,-0.2575,-0.1536,0.2440,0.387
0.440298,-0.2295,-0.1716,0.2527,0.382
0.445579,-0.1926,-0.1375,0.2049,0.313
0.450451,-0.1897,-0.1606,0.1530,0.292
0.455039,-0.1492,-0.1172,0.1255,0.228
0.460154,-0.1238,-0.1074,0.0794,0.182
0.465116,-0.0895,-0.0834,0.0385,0.128
0.470587,-0.0320,-0.0882,-0.0163,0.095
0.474972,-0.0084,-0.0501,-0.0423,0.066
0.479839,-0.0138,-0.0075,-0.0588,0.061
0.484844,-0.0196,0.0490,-0.0989,0.112
0.490314,-0.0306,0.0481,-0.1152,0.129
0.498460,-0.0614,0.0615,-0.0744,0.114
0.499906,-0.0789,0.0605,-0.0053,0.100
0.508270,-0.0929,0.0736,0.0731,0.139
0.510124,-0.0608,0.1008,0.1085,0.160
0.515198,-0.0734,0.1038,0.2064,0.242
0.520366,-0.0638,0.0828,0.2758,0.295
0.524866,-0.0470,0.1140,0.3602,0.381
0.529686,-0.0178,0.1683,0.4689,0.498
0.534631,0.0520,0.1363,0.6021,0.620
0.540040,0.0811,0.1373,0.7126,0.730
0.545533,0.1031,0.1568,0.8482,0.869
0.549638,0.1325,0.1376,0.9567,0.976
0.554536,0.1542,0.1179,1.1055,1.122
0.559483,0.1826,0.1404,1.2135,1.235
0.564506,0.2132,0.1763,1.3287,1.357
0.569482,0.2795,0.1781,1.3751,1.414
0.574451,0.2529,0.2220,1.3104,1.353
0.579323,0.2772,0.3316,1.3538,1.421
0.584434,0.2943,0.3922,1.4765,1.556
0.589844,0.3334,0.4710,1.5204,1.626
0.597931,0.4424,0.5394,1.5288,1.680
0.599412,0.6593,0.6259,1.5019,1.756
0.606624,0.8791,0.6355,1.4971,1.849
0.609636,0.9695,0.6925,1.5609,1.964
0.614395,1.1109,0.7914,1.5943,2.098
0.619227,1.3370,0.9275,1.5971,2.280
0.624390,1.6050,1.0385,1.5455,2.458
0.629375,1.8176,1.1267,1.4630,2.591
0.634432,1.9755,1.2195,1.3872,2.704
0.639301,2.1367,1.2501,1.2355,2.767
0.644392,2.2866,1.3332,1.0857,2.861
0.649338,2.4498,1.4066,0.9649,2.985
0.654236,2.5983,1.4036,0.7957,3.058
0.659211,2.6990,1.3912,0.6011,3.095
0.664309,2.8480,1.4030,0.4474,3.206
0.669024,2.9647,1.3768,0.2710,3.280
0.674223,3.0638,1.3364,0.1303,3.345
0.679252,3.1598,1.3582,0.0621,3.440
0.684237,3.3437,1.3372,-0.0062,3.601
0.689027,3.4480,1.3307,-0.0943,3.697
0.694024,3.5212,1.2718,-0.1878,3.749
0.699135,3.5728,1.2131,-0.2155,3.779
0.706366,3.5706,1.1591,-0.2050,3.760
0.709047,3.5667,1.1148,-0.1609,3.740
0.714063,3.5659,1.0515,0.0031,3.718
0.718908,3.6161,0.9692,0.0581,3.744
0.724134,3.6797,0.8345,0.0096,3.773
0.729138,3.6025,0.7003,-0.0557,3.670
0.734061,3.4106,0.6527,-0.0704,3.473
0.738850,3.1648,0.5771,-0.1967,3.223
0.744354,2.8405,0.5071,-0.3004,2.901
0.749136,2.5617,0.3906,-0.4774,2.635
0.753989,2.2416,0.2565,-0.7659,2.383
0.758848,1.9308,0.0909,-1.0175,2.184
0.763800,1.6702,-0.1157,-1.1846,2.051
0.768678,1.4434,-0.3677,-1.2000,1.913
0.773922,1.3174,-0.5597,-1.2019,1.869
0.778697,1.2198,-0.7779,-1.2374,1.904
0.783783,1.1646,-1.0795,-1.1621,1.968
0.788671,1.0346,-1.3974,-1.0899,2.052
0.793642,0.8474,-1.6214,-1.1352,2.153
0.798837,0.7586,-1.9143,-1.0870,2.328
0.809151,0.7007,-2.0799,-1.0693,2.441
0.809652,0.4910,-2.1616,-1.2537,2.547
0.813763,0.2010,-2.2982,-1.4529,2.726
0.818546,-0.1288,-2.4612,-1.6048,2.941
0.823751,-0.5334,-2.6120,-1.7237,3.175
0.828903,-0.9490,-2.6648,-1.8245,3.366
0.833794,-1.3815,-2.6873,-2.0366,3.644
0.838457,-1.6834,-2.7370,-2.2597,3.928
0.843613,-1.8937,-2.8475,-2.5418,4.261
0.848525,-2.0958,-2.9908,-2.7210,4.554
0.853992,-2.2915,-3.0465,-2.9741,4.835
0.858602,-2.5309,-3.0540,-3.2872,5.152
0.863441,-2.8626,-3.1046,-3.6132,5.558
0.868261,-3.1483,-3.2079,-3.9149,5.961
0.873366,-3.3746,-3.2546,-4.2029,6.296
0.878729,-3.7107,-3.2645,-4.3876,6.609
0.883277,-4.1685,-3.4001,-4.5646,7.055
0.888322,-4.5538,-3.5280,-4.8354,7.521
0.893365,-4.8338,-3.5341,-4.9617,7.776
0.898325,-5.1386,-3.6629,-5.0447,8.079
0.905511,-5.4254,-3.8813,-5.1708,8.440
0.908492,-5.6665,-4.1465,-5.1490,8.707
0.913116,-5.8663,-4.4157,-5.0604,8.917
0.918243,-6.0404,-4.6892,-4.8525,9.057
0.923243,-6.2181,-4.9487,-4.4715,9.119
0.928882,-6.5969,-5.0703,-4.0741,9.264
0.933368,-7.4514,-5.1128,-3.9185,9.850
0.938184,-8.3998,-5.1675,-4.0344,10.655
0.943099,-9.1970,-5.2499,-4.2275,11.403
0.948120,-10.2815,-5.4083,-4.3408,12.402
0.953894,-11.5325,-5.7436,-4.3365,13.594
0.958121,-12.8214,-6.2178,-4.2950,14.883
0.962937,-14.3104,-6.8449,-4.2909,16.433
0.967898,-15.5455,-7.7275,-4.2104,17.863
0.972944,-16.2424,-8.7973,-3.9001,18.879
0.978909,-16.3619,-10.0884,-3.3560,19.513
0.983007,-16.3390,-11.4860,-2.7894,20.166
0.987795,-16.3478,-12.7461,-2.2864,20.855
0.993092,-15.9396,-14.0262,-2.0192,21.328
0.998273,-14.8828,-15.4820,-2.0962,21.577
1.003272,-13.7143,-16.5822,-2.2551,21.636
1.008053,-12.1218,-17.3351,-2.8437,21.343
1.017843,-9.9024,-18.0184,-3.9019,20.927
1.018394,-7.6627,-18.2460,-5.2397,20.472
1.022828,-5.1392,-17.8164,-6.7415,19.730
1.027838,-1.8547,-16.9005,-8.2023,18.877
1.034484,2.3170,-15.3901,-9.8716,18.430
1.041023,7.2307,-13.1847,-12.0008,19.239
1.042701,12.7905,-10.4355,-14.4045,21.909
1.047670,19.0455,-7.3448,-16.8256,26.453
1.057414,25.3825,-4.1253,-18.7896,31.849
1.058029,31.3471,-0.9956,-19.9200,37.154
1.066560,35.7437,2.1033,-20.0010,41.013
1.067613,38.9374,4.7312,-18.7407,43.471
1.072620,41.1232,6.2916,-17.2316,45.029
1.077806,40.9965,7.2410,-15.2209,44.326
1.082783,39.2395,7.5716,-12.9693,42.015
1.090530,36.1931,7.6379,-10.4310,38.433
1.092650,32.8037,7.3810,-7.6763,34.489
1.097451,29.3153,6.8497,-5.2500,30.559
1.102557,25.8258,6.0521,-3.5210,26.758
1.107457,22.8060,5.1280,-2.4596,23.504
1.114187,20.1617,4.2250,-1.6507,20.666
1.117628,17.9699,3.2997,-0.8178,18.289
1.122491,16.1508,2.4133,-0.1801,16.331
1.127515,14.4000,1.4118,0.1270,14.470
1.132393,12.7841,0.3113,0.0953,12.788
1.137276,11.0870,-0.8623,-0.4180,11.128
1.142470,9.3119,-1.9390,-1.2692,9.596
1.147406,7.5440,-3.1450,-2.4375,8.529
1.152346,5.6872,-4.4328,-3.6971,8.103
1.157689,3.8113,-5.8606,-4.8972,8.536
1.162313,1.8689,-7.1488,-5.8653,9.434
1.167870,-0.1823,-8.2772,-6.6629,10.627
1.172528,-2.1025,-9.3171,-7.3456,12.049
1.177206,-3.8522,-10.2396,-7.7655,13.416
1.182270,-5.5093,-11.2329,-8.0859,14.897
1.187129,-7.4754,-11.9680,-8.3055,16.374
1.192176,-10.2469,-12.2564,-8.2767,17.992
1.197118,-13.9205,-12.1027,-8.2710,20.216
1.202162,-17.2856,-11.9045,-8.4118,22.611
1.207185,-19.7297,-11.9296,-8.9349,24.727
1.217922,-23.3285,-10.2787,-8.5238,26.880
1.218643,-25.9128,-9.2744,-8.0206,28.667
1.222501,-26.9263,-9.7029,-7.4151,29.566
1.227029,-27.3371,-10.5066,-6.6318,30.028
1.232699,-27.7687,-11.0447,-5.7165,30.426
1.236885,-28.0569,-11.5612,-4.8755,30.735
1.242261,-27.7197,-12.6287,-4.3995,30.777
1.246919,-26.6138,-14.0129,-4.3483,30.390
1.251964,-25.0115,-15.3693,-4.6821,29.727
1.256942,-23.3555,-16.5681,-5.3959,29.139
1.263847,-21.4844,-17.5228,-6.1995,28.409
1.267130,-19.4286,-18.0655,-7.1276,27.471
1.271803,-17.1886,-18.3219,-8.0068,26.368
1.276746,-14.9254,-18.1876,-8.6882,25.081
1.281795,-12.6560,-17.7463,-9.2383,23.674
1.286695,-10.0631,-17.2741,-9.5369,22.150
1.292223,-7.0208,-16.7510,-9.5164,20.505
1.298950,-3.4899,-15.9304,-9.1550,18.702
1.302074,0.3119,-14.6546,-8.7535,17.073
1.309397,4.5612,-12.9243,-8.4840,16.119
1.316883,9.1853,-10.8654,-8.5029,16.575
1.317441,14.0906,-8.5385,-8.8824,18.718
1.323180,19.1293,-6.0966,-9.6965,22.296
1.326572,23.4023,-3.1450,-10.7097,25.928
1.331706,26.1751,0.2493,-11.0168,28.400
1.343350,29.9762,2.0051,-11.1417,32.043
1.343910,32.8533,3.2280,-11.0374,34.808
1.346524,34.5652,4.4701,-9.9254,36.239
1.352029,34.9224,6.2137,-8.4812,36.471
1.356642,34.0287,7.4644,-6.5925,35.456
1.367049,33.9492,6.9228,-5.4703,35.077
1.367553,31.6274,6.8811,-4.8675,32.731
1.372777,28.2801,7.1144,-3.8158,29.410
1.376487,24.9198,7.1595,-3.1391,26.117
1.381523,21.9513,6.5242,-2.5315,23.040
1.388743,19.0600,5.6410,-2.0403,19.982
1.391544,16.1360,4.7894,-1.6233,16.910
1.396839,13.4052,3.9889,-1.1517,14.033
1.401417,11.0514,3.2237,-0.7284,11.535
1.406339,8.9858,2.3717,-0.4044,9.302
1.412969,7.2638,1.4209,-0.1682,7.403
1.416337,5.7899,0.4603,0.0127,5.808
1.421264,4.4568,-0.5115,0.1123,4.488
1.426194,3.1790,-1.4012,0.1145,3.476
1.431301,2.0066,-2.2175,-0.0513,2.991
1.437012,0.9085,-2.8930,-0.2741,3.045
1.441428,-0.0841,-3.4371,-0.4957,3.474
1.446244,-0.8712,-3.9257,-0.6995,4.082
1.451273,-1.5600,-4.3412,-0.9068,4.701
1.456343,-2.0881,-4.6501,-1.1445,5.224
1.462256,-2.5249,-4.8767,-1.3409,5.653
1.466797,-2.9489,-5.0458,-1.5539,6.047
1.471659,-3.2805,-5.0673,-1.8510,6.314
1.476067,-3.5860,-5.0617,-2.1083,6.552
1.481352,-3.8006,-5.0877,-2.2083,6.723
1.486127,-3.9276,-4.9975,-2.2139,6.731
1.491090,-3.9869,-4.8402,-2.2456,6.661
1.497946,-4.0789,-4.7365,-2.3232,6.669
1.501099,-4.1893,-4.5435,-2.2508,6.577
1.506430,-4.1612,-4.3053,-2.0623,6.333
1.510932,-4.1208,-4.0082,-1.8881,6.051
1.515822,-3.9921,-3.7485,-1.7189,5.740
1.520887,-3.7790,-3.4979,-1.5312,5.372
1.526040,-3.6005,-3.2901,-1.5073,5.105
1.531721,-3.4219,-3.0920,-1.4609,4.838
1.535766,-3.2624,-2.9037,-1.3831,4.581
1.541213,-3.1002,-2.6821,-1.2841,4.296
1.545949,-2.9930,-2.4992,-1.2076,4.082
1.550916,-2.9738,-2.2737,-1.2307,3.941
1.556006,-2.8891,-2.0870,-1.2587,3.780
1.560811,-2.7146,-1.9774,-1.3643,3.625
1.566487,-2.4501,-1.9687,-1.3852,3.435
1.570735,-2.2186,-1.9649,-1.3693,3.265
1.575812,-2.0151,-1.8800,-1.3550,3.071
1.581034,-1.8341,-1.7763,-1.2465,2.841
1.585706,-1.6372,-1.7207,-1.1014,2.618
1.591392,-1.4620,-1.6366,-0.9915,2.408
1.597930,-1.3373,-1.5241,-0.9215,2.227
1.600921,-1.2430,-1.4692,-0.8483,2.103
1.607122,-1.1793,-1.4575,-0.7815,2.031
1.610536,-1.1702,-1.4172,-0.8263,2.015
1.615598,-1.1917,-1.3772,-0.7384,1.965
1.620638,-1.1910,-1.3661,-0.6710,1.933
1.625542,-1.2310,-1.3315,-0.6331,1.921
1.630595,-1.1910,-1.2205,-0.5531,1.793
1.635521,-0.9800,-1.1385,-0.4214,1.560
1.640635,-0.8173,-1.0470,-0.1611,1.338
1.645592,-0.6160,-0.9218,0.1327,1.117
1.651157,-0.5049,-0.7966,0.3746,1.015
1.655515,-0.4264,-0.6808,0.5798,0.991
1.660442,-0.3845,-0.5311,0.6958,0.956
1.665967,-0.3552,-0.4100,0.7180,0.900
1.670890,-0.3819,-0.3602,0.6652,0.847
1.675447,-0.5268,-0.3197,0.5801,0.846
1.680767,-0.6661,-0.2501,0.3521,0.794
1.685409,-0.7237,-0.2139,0.2154,0.785
1.690348,-0.6608,-0.2443,0.1890,0.729
1.695372,-0.6504,-0.3221,0.1773,0.747
1.700307,-0.6783,-0.3184,0.1374,0.762
1.706206,-0.7257,-0.3481,0.1221,0.814
1.710890,-0.7640,-0.3634,0.1029,0.852
1.715539,-0.7506,-0.4219,0.0987,0.867
1.720240,-0.7472,-0.4420,0.0475,0.869
1.725623,-0.7926,-0.4526,-0.0458,0.914
1.735895,-0.8053,-0.4968,-0.0573,0.948
1.742069,-0.7948,-0.5220,-0.1111,0.957
1.742512,-0.7848,-0.5949,-0.1259,0.993
1.745346,-0.7611,-0.6774,-0.1353,1.028
1.750021,-0.8195,-0.6738,-0.1534,1.072
1.754996,-0.9267,-0.6752,-0.2184,1.167
1.760205,-0.9968,-0.7248,-0.3355,1.277
1.764992,-1.0774,-0.8128,-0.4233,1.414
1.770649,-1.1018,-0.9058,-0.5202,1.518
1.774989,-1.2141,-0.9562,-0.6551,1.678
1.779959,-1.3183,-1.0405,-0.7801,1.852
1.785003,-1.3860,-1.1540,-0.8428,1.991
1.790097,-1.4651,-1.2775,-0.9867,2.180
1.795656,-1.5218,-1.3822,-1.2022,2.381
1.799965,-1.6521,-1.4683,-1.3984,2.616
1.806479,-1.7556,-1.5885,-1.6720,2.898
1.815239,-1.9045,-1.7141,-1.8748,3.175
1.824938,-2.0409,-1.8595,-2.0505,3.439
1.825416,-2.1796,-2.0150,-2.2184,3.706
1.825617,-2.3207,-2.1139,-2.4218,3.965
1.830106,-2.4595,-2.2567,-2.5559,4.204
1.834614,-2.5673,-2.5055,-2.7309,4.509
1.840150,-2.8021,-2.7454,-2.9473,4.907
1.845568,-3.2263,-3.0435,-3.1766,5.456
1.849820,-3.7449,-3.2853,-3.3095,5.981
1.854778,-4.3301,-3.5095,-3.4040,6.531
1.859771,-5.0074,-3.7407,-3.5800,7.203
1.864915,-6.0228,-4.1089,-3.7512,8.199
1.870672,-7.2062,-4.5957,-3.8988,9.394
1.874613,-8.7004,-5.1352,-4.1307,10.915
1.879643,-10.3706,-5.7239,-4.2280,12.577
1.884784,-12.0681,-6.3197,-4.4886,14.343
1.889709,-13.7990,-6.9143,-4.6534,16.121
1.894523,-15.3106,-7.6567,-4.4679,17.692
1.899635,-16.6065,-8.4403,-4.1680,19.089
1.906809,-17.6033,-9.2219,-3.5308,20.184
1.909880,-17.4981,-10.4815,-3.0383,20.622
1.917368,-18.7163,-11.0294,-1.3498,21.766
1.919422,-18.7889,-11.9920,0.2241,22.291
1.924995,-17.5274,-13.6269,1.4915,22.251
1.931571,-15.6256,-15.5058,2.3897,22.143
1.934254,-13.8630,-17.1350,2.6641,22.201
1.939270,-12.5937,-18.3928,2.0123,22.382
1.944150,-11.8543,-19.1574,0.2984,22.530
1.949460,-11.0875,-19.7666,-2.3524,22.786
1.955883,-9.6019,-20.1954,-5.6778,23.071
1.959255,-7.1666,-20.2606,-9.1611,23.362
1.964365,-3.8284,-19.8750,-12.5073,23.793
1.969137,0.1366,-18.6865,-15.3230,24.166
1.974219,4.9806,-16.5230,-17.3409,24.465
1.983621,11.5323,-13.8681,-18.7441,26.013
1.984087,19.0676,-10.8269,-19.9510,29.645
1.989051,25.9849,-7.3068,-20.7415,34.041
1.993953,31.8339,-3.8479,-20.8794,38.264
1.999081,36.4625,-0.7431,-19.9953,41.592
2.006015,39.4180,1.9853,-18.2327,43.476
2.008968,40.3232,4.3593,-16.0832,43.631
2.014218,39.4935,5.8986,-13.7220,42.224
2.019041,37.8396,6.3278,-11.6124,40.084
2.024086,35.6764,6.1040,-9.8189,37.503
2.028983,32.8216,5.7998,-8.3231,34.354
2.033829,29.4864,5.2027,-7.2163,30.799
2.038872,25.3586,4.5222,-6.8358,26.650
2.043792,21.0962,3.9333,-6.7019,22.482
2.048874,17.4363,3.3768,-6.6798,18.975
2.056438,14.3821,2.8784,-6.5038,16.045
2.058812,11.8243,2.3476,-6.0737,13.499
2.063725,9.7610,1.7059,-5.5020,11.334
2.068646,8.1136,0.9795,-4.8532,9.505
2.073721,6.6214,0.1848,-4.2740,7.883
2.078677,5.0164,-0.6224,-3.7526,6.295
2.083648,3.3950,-1.4713,-3.3506,4.992
2.088670,1.7180,-2.2824,-3.1003,4.216
2.093650,0.1062,-2.9492,-2.8724,4.118
2.098762,-1.4775,-3.5617,-2.6715,4.691
2.105870,-2.8307,-3.9859,-2.4350,5.462
2.108622,-3.9733,-4.2168,-2.1891,6.194
2.114152,-5.0815,-4.3519,-2.0463,6.996
2.118547,-6.0124,-4.5158,-2.0518,7.794
2.123489,-6.6345,-4.7623,-2.1481,8.445
2.128541,-6.9541,-4.9684,-2.3161,8.855
2.133457,-7.0774,-5.0256,-2.3163,8.984
2.138452,-7.5624,-4.5483,-1.8161,9.010
2.143441,-7.3822,-4.2949,-1.3334,8.644
2.148452,-6.8400,-4.3002,-1.0199,8.144
2.153631,-6.3564,-4.3359,-0.8465,7.741
2.158393,-5.9402,-4.2737,-0.7128,7.352
2.163317,-5.6727,-4.0957,-0.5716,7.020
2.168259,-5.5350,-3.8553,-0.3994,6.757
2.173272,-5.3048,-3.6392,-0.3229,6.441
2.178566,-4.9869,-3.5100,-0.3714,6.110
2.183215,-4.6235,-3.4292,-0.5084,5.779
2.188273,-4.3574,-3.3393,-0.6783,5.532
2.193498,-4.1631,-3.2594,-0.8159,5.350
2.198292,-3.9542,-3.1606,-0.9316,5.147
2.206631,-3.7052,-3.0094,-0.9551,4.868
2.208269,-3.5025,-2.9205,-0.8917,4.647
2.215003,-3.3024,-2.8414,-0.7468,4.420
2.218218,-3.1235,-2.7433,-0.5490,4.193
2.223117,-2.8791,-2.6072,-0.2887,3.895
2.228271,-2.5447,-2.5242,-0.0133,3.584
2.233104,-2.2341,-2.3891,0.2292,3.279
2.238122,-1.8986,-2.2450,0.4157,2.969
2.243004,-1.5614,-2.1018,0.6470,2.697
2.248101,-1.2217,-1.9307,0.8755,2.447
2.253702,-0.9124,-1.7604,1.0006,2.221
2.258101,-0.6804,-1.6628,0.9841,2.048
2.262904,-0.5014,-1.5513,0.9211,1.873
2.267846,-0.3223,-1.4066,0.7967,1.648
2.272862,-0.2096,-1.3004,0.6297,1.460
2.278078,-0.1342,-1.2134,0.4480,1.300
2.283133,-0.0914,-1.0782,0.3279,1.131
2.287876,-0.0764,-0.9237,0.3215,0.981
2.292988,-0.0131,-0.8215,0.2996,0.875
2.297898,0.0510,-0.7623,0.3725,0.850
2.302843,0.1347,-0.6790,0.4930,0.850
2.307891,0.2239,-0.6438,0.5898,0.901
2.314182,0.2851,-0.5754,0.7305,0.973
2.317813,0.2463,-0.4787,0.7862,0.953
2.322689,0.1835,-0.4064,0.8285,0.941
2.328570,0.1015,-0.3250,0.8433,0.909
2.332696,0.0335,-0.2585,0.7973,0.839
2.337717,-0.0063,-0.2116,0.7718,0.800
2.342579,-0.0802,-0.1413,0.6850,0.704
2.347858,-0.1353,-0.1094,0.5177,0.546
2.352845,-0.0707,-0.0538,0.3699,0.380
2.357938,-0.0826,-0.0604,0.2509,0.271
2.362598,-0.0990,-0.0238,0.2562,0.276
2.367525,-0.0674,0.0846,0.2946,0.314
2.372526,0.0269,0.1356,0.3233,0.352
2.377728,0.0881,0.1530,0.3233,0.368
2.382547,0.0875,0.1608,0.3762,0.418
2.387615,0.1064,0.2162,0.5205,0.574
2.392567,0.1110,0.2571,0.5934,0.656
2.397934,0.1155,0.2592,0.6866,0.743
2.402842,0.1102,0.1890,0.7668,0.797
2.407649,0.0517,0.1756,0.8202,0.840
2.416923,-0.0314,0.1328,0.8516,0.862
2.417781,-0.0721,0.1132,0.7797,0.791
2.422469,-0.0370,0.1075,0.6329,0.643
2.427596,-0.0603,0.0965,0.5308,0.543
2.432532,-0.0894,0.1185,0.3916,0.419
2.437468,-0.0956,0.1498,0.3109,0.358
2.442462,-0.0691,0.1999,0.2166,0.303
2.447615,-0.0146,0.2784,0.1373,0.311
2.452304,0.0536,0.3186,-0.0282,0.324
2.457348,0.1650,0.3350,-0.1699,0.410
2.462357,0.2915,0.3180,-0.2448,0.496
2.467854,0.3232,0.3300,-0.2580,0.529
2.472411,0.2983,0.3183,-0.2813,0.519
2.477361,0.2647,0.3164,-0.3194,0.522
2.482336,0.2318,0.2907,-0.2957,0.475
2.487310,0.1709,0.2509,-0.2774,0.411
2.493006,0.1151,0.1873,-0.2737,0.351
2.497626,0.0402,0.1574,-0.2703,0.315
2.502682,0.0178,0.1132,-0.2192,0.247
2.507374,-0.0817,0.0595,-0.2111,0.234
2.517647,-0.1771,0.0440,-0.1167,0.217
2.518007,-0.2496,0.0523,-0.0364,0.258
2.522156,-0.2898,0.0508,0.0060,0.294
2.527136,-0.2641,0.0299,0.0250,0.267
2.532097,-0.1916,0.0134,0.0357,0.195
2.537207,-0.0191,-0.0370,0.1290,0.136
2.541998,-0.0099,0.0365,0.2188,0.222
2.547020,0.0999,0.1188,0.4401,0.467
2.552418,0.3540,0.1235,0.9130,0.987
2.557071,0.4941,0.1224,1.2498,1.349
2.562325,0.4622,0.1973,1.0519,1.166
2.567736,0.2918,0.2004,0.5863,0.685
2.571852,0.2032,0.1992,0.1202,0.309
2.576984,0.1102,0.2129,-0.2896,0.376
2.581990,0.0607,0.2705,-0.5628,0.627
2.587248,0.0354,0.2430,-0.8103,0.847
2.591772,0.0631,0.2261,-0.9171,0.947
2.597498,0.1151,0.1718,-0.9643,0.986
2.602359,0.1724,0.0944,-0.8605,0.883
2.607100,0.2062,0.0654,-0.7535,0.784
2.617747,0.1635,0.0414,-0.6616,0.683
2.618083,0.0730,-0.0160,-0.6802,0.684
2.621821,-0.0562,-0.0973,-0.6986,0.708
2.626801,-0.1666,-0.1881,-0.7406,0.782
2.631991,-0.2012,-0.2169,-0.7531,0.809
2.637137,-0.2511,-0.2891,-0.7169,0.813
2.642222,-0.3449,-0.3088,-0.7612,0.891
2.646645,-0.3917,-0.3334,-0.8096,0.959
2.651651,-0.3867,-0.3631,-0.8479,1.000
2.656692,-0.3346,-0.3593,-0.8617,0.992
2.662396,-0.4317,-0.3462,-0.6740,0.872
2.667102,-0.5824,-0.3622,-0.3847,0.786
2.672013,-0.4945,-0.4408,-0.1709,0.684
2.676874,-0.3449,-0.4958,-0.0377,0.605
2.681789,-0.2866,-0.4696,0.0245,0.551
2.687310,-0.2380,-0.4101,0.0538,0.477
2.691454,-0.2132,-0.3651,0.0500,0.426
2.696439,-0.1021,-0.2867,-0.0114,0.305
2.701922,-0.0052,-0.2128,-0.1117,0.240
2.707180,0.0490,-0.1914,-0.2227,0.298
2.717702,0.1038,-0.1696,-0.2580,0.326
2.718101,0.1544,-0.0996,-0.2752,0.331
2.721533,0.1914,-0.0677,-0.2550,0.326
2.726444,0.2001,0.0217,-0.1780,0.269
2.732168,0.1903,0.0490,-0.0966,0.219
2.737266,0.2191,0.0332,-0.0968,0.242
2.741271,0.2342,0.0557,-0.0301,0.243
2.746502,0.1958,0.0776,0.0460,0.216
2.751372,0.1581,0.0612,0.0935,0.194
2.756308,0.0970,0.0874,0.1652,0.211
2.762463,0.0269,0.1132,0.2607,0.285
2.766843,-0.0049,0.1148,0.2753,0.298
2.771088,0.0017,0.1068,0.2428,0.265
2.776268,-0.0344,0.0418,0.2109,0.218
2.781118,-0.0844,0.0058,0.1889,0.207
2.786246,-0.0768,0.0081,0.1764,0.193
2.791670,-0.1119,0.0058,0.1827,0.214
2.796297,-0.0706,0.0179,0.1123,0.134
2.801130,-0.0004,0.0112,0.0179,0.021
2.808435,0.0608,-0.0474,-0.0482,0.091
2.811718,0.0702,-0.0719,-0.0913,0.136
2.818419,0.0615,-0.1149,-0.1020,0.165
2.821006,0.0444,-0.1143,-0.0805,0.147
2.826137,0.0328,-0.0803,-0.0791,0.117
2.831129,0.0316,-0.0892,-0.0163,0.096
2.836100,0.0405,-0.0598,-0.0021,0.072
2.841038,0.0117,-0.0116,0.0260,0.031
2.846021,-0.0167,-0.0018,0.0442,0.047
2.851514,-0.0785,-0.0111,0.0908,0.121
2.855919,-0.1784,0.0034,0.0897,0.200
2.860726,-0.2356,0.0748,0.0982,0.266
2.866627,-0.2365,0.0647,0.1545,0.290
2.871097,-0.2717,0.0925,0.2203,0.362
2.875916,-0.3316,0.1198,0.3293,0.482
2.881012,-0.2544,0.0990,0.4573,0.533
2.886006,-0.2595,0.0116,0.5570,0.615
2.890859,-0.2322,0.0005,0.5622,0.608
2.895855,-0.1679,0.0366,0.5449,0.571
2.900747,-0.0951,0.0533,0.3762,0.392
2.907848,-0.0423,0.0602,0.1997,0.213
2.911558,-0.0090,0.0529,0.1052,0.118
2.917164,0.0096,0.0126,0.0348,0.038
2.920641,0.0757,0.0345,-0.0402,0.092
2.925776,0.0987,-0.0007,-0.0342,0.104
2.930665,0.0787,0.0024,-0.0283,0.084
2.935819,0.1160,0.0198,-0.0036,0.118
2.940574,0.1530,-0.0010,-0.0265,0.155
2.945714,0.1376,0.0164,-0.0634,0.152
2.950566,0.1365,0.0003,-0.0901,0.164
2.955548,0.1307,0.0033,-0.0403,0.137
2.960450,0.1151,0.0394,-0.0334,0.126
2.966204,0.1091,0.0609,-0.0975,0.158
2.971134,0.1125,0.0774,-0.1610,0.211
2.975437,0.1113,0.0463,-0.2095,0.242
2.980389,0.1527,0.0820,-0.2625,0.315
2.985454,0.1607,0.0937,-0.3393,0.387
2.990397,0.1834,0.0152,-0.3729,0.416
2.995844,0.1967,0.0230,-0.3734,0.423
3.000544,0.1962,-0.0120,-0.3124,0.369
3.005417,0.2200,-0.0038,-0.2952,0.368
3.010438,0.2154,-0.0289,-0.2827,0.357
3.015293,0.1922,-0.0633,-0.2085,0.291
3.021114,0.1647,-0.0643,-0.1345,0.222
3.025238,0.1469,-0.0891,-0.0940,0.196
3.030787,0.1246,-0.0900,-0.1202,0.195
3.035144,0.0454,-0.1243,-0.1745,0.219
3.040216,0.0143,-0.1059,-0.1569,0.190
3.045646,-0.0025,-0.0830,-0.1537,0.175
3.050125,0.0141,-0.0745,-0.1984,0.212
3.055178,0.0069,-0.0896,-0.1765,0.198
3.059966,0.0002,-0.0619,-0.1265,0.141
3.065034,-0.0159,-0.0438,-0.0676,0.082
3.070838,-0.0793,-0.0068,-0.0427,0.090
3.075097,-0.1137,-0.0129,-0.0179,0.116
3.079949,-0.1193,-0.0140,-0.0460,0.129
3.084957,-0.0773,0.0419,-0.1123,0.143
3.090559,-0.0688,0.0168,-0.1168,0.137
3.095681,-0.0933,-0.0127,-0.1361,0.166
3.100017,-0.0937,0.0199,-0.0940,0.134
3.104916,-0.0323,0.0381,-0.0525,0.072
3.110027,-0.0187,0.0466,-0.0782,0.093
3.115332,0.0140,0.0363,-0.1088,0.116
3.124792,0.0421,0.0166,-0.1112,0.120
3.125107,0.0559,0.0494,-0.0994,0.124
3.129785,0.0556,0.0344,-0.0403,0.077
3.134790,-0.0110,0.0053,0.0563,0.058
3.140096,-0.0103,0.0190,0.1384,0.140
3.145813,-0.0429,-0.0245,0.2014,0.207
3.149963,-0.1277,-0.0583,0.2264,0.266
3.154816,-0.1599,-0.0254,0.2518,0.299
3.159688,-0.2068,-0.0547,0.2538,0.332
3.164676,-0.2823,-0.1409,0.2039,0.376
3.169777,-0.2959,-0.1409,0.1784,0.373
3.174850,-0.3387,-0.1267,0.1297,0.384
3.179582,-0.3676,-0.1507,0.0626,0.402
3.184587,-0.3589,-0.1032,-0.0182,0.374
3.189572,-0.3557,-0.0989,-0.1129,0.386
3.194702,-0.3197,-0.0897,-0.2355,0.407
3.199846,-0.2797,-0.1185,-0.2626,0.401
3.206718,-0.2211,-0.1184,-0.2661,0.366
3.210090,-0.1441,-0.0137,-0.2700,0.306
3.216183,-0.0725,-0.0428,-0.2887,0.301
3.219429,-0.0107,-0.0620,-0.2696,0.277
3.224432,0.0460,-0.0382,-0.2272,0.235
3.229587,0.0644,-0.0098,-0.1568,0.170
3.234597,0.0637,-0.0102,-0.1063,0.124
3.239985,0.0871,0.0228,-0.0894,0.127
3.244474,0.1008,0.0270,-0.1251,0.163
3.249397,0.0718,0.0169,-0.1177,0.139
3.254354,0.0430,-0.0263,-0.1342,0.143
3.259276,0.0334,-0.0645,-0.0840,0.111
3.264305,0.0332,-0.0595,-0.0342,0.076
3.269232,0.0473,-0.1355,0.0298,0.147
3.274594,0.0425,-0.1490,0.0458,0.162
3.279267,0.0427,-0.1720,0.0618,0.188
3.284336,0.0525,-0.1711,0.0303,0.182
3.289151,0.0244,-0.1939,0.0276,0.197
3.294346,-0.0224,-0.1976,0.0345,0.202
3.299789,-0.0166,-0.1631,-0.1301,0.209
3.304155,-0.0106,-0.1143,-0.5799,0.591
3.309099,-0.0045,-0.0655,-0.6904,0.694
3.314130,0.0255,0.0070,-0.4735,0.474
3.319079,0.0315,-0.0207,-0.2258,0.229
3.324145,0.0329,-0.0292,-0.1038,0.113
3.329013,0.0678,-0.0662,-0.0444,0.105
3.334063,0.0455,-0.0553,0.0242,0.076
3.338969,0.0282,0.0028,0.1067,0.110
3.344205,-0.0081,0.0509,0.1559,0.164
3.348859,-0.0156,0.0271,0.1672,0.170
3.353953,-0.0231,0.0700,0.1930,0.207
3.358879,0.0312,0.0697,0.2762,0.287
3.363958,0.0185,0.0786,0.3406,0.350
3.368840,-0.0225,0.0872,0.3960,0.406
3.374268,-0.0395,0.1051,0.3566,0.374
3.378904,-0.0087,0.1370,0.1799,0.226
3.384536,-0.0114,0.1973,0.0518,0.204
3.388691,0.0049,0.2477,-0.0665,0.257
3.393928,0.0498,0.2789,-0.1086,0.303
