0.002877,0.0351,0.0000,-0.0371,0.051
0.005068,0.0721,0.0049,-0.0039,0.072
0.009909,0.0710,-0.0235,-0.0138,0.076
0.016168,0.0989,-0.0470,-0.0189,0.111
0.020318,0.0459,-0.0037,-0.0196,0.050
0.024959,0.0169,0.0109,-0.0727,0.075
0.029961,-0.0118,0.0253,-0.1116,0.115
0.035180,-0.0308,0.0873,-0.1077,0.142
0.039995,0.0217,0.1298,-0.0899,0.159
0.049530,0.0739,0.1150,-0.1153,0.179
0.049894,0.0449,0.1431,-0.1312,0.199
0.055006,0.0258,0.1425,-0.0760,0.164
0.060059,0.0685,0.1182,0.0023,0.137
0.064796,0.0872,0.0895,0.0038,0.125
0.069833,0.0915,0.0894,0.0101,0.128
0.074819,0.1627,0.0750,0.0972,0.204
0.079651,0.3671,-0.0152,-0.0730,0.375
0.085005,0.2233,0.1470,-0.0088,0.267
0.089902,0.1187,0.1700,0.1363,0.248
0.094802,0.1429,0.0928,0.2287,0.285
0.099663,0.1240,0.0162,0.2591,0.288
0.104601,0.0674,-0.0267,0.2566,0.267
0.109609,0.0682,-0.0219,0.2264,0.237
0.114811,0.3356,-0.0172,0.1728,0.378
0.119908,0.4265,0.0209,0.1998,0.471
0.124609,0.3655,0.0493,0.3015,0.476
0.129501,0.3724,0.1537,0.2825,0.492
0.134720,0.3562,0.1624,0.2199,0.449
0.139880,0.2884,0.1426,0.2285,0.395
0.150302,0.2600,0.1088,0.2415,0.371
0.150717,0.2369,0.0706,0.2685,0.365
0.154518,0.1145,0.0564,0.3239,0.348
0.159853,0.0118,0.0327,0.3508,0.353
0.164514,-0.0477,-0.0099,0.3544,0.358
0.169744,-0.0880,-0.0762,0.3399,0.359
0.174412,-0.1190,-0.1135,0.3314,0.370
0.179356,-0.1599,-0.1461,0.3003,0.370
0.184523,-0.2250,-0.1786,0.2516,0.382
0.189379,-0.2858,-0.1682,0.1758,0.375
0.195120,-0.3520,-0.2056,0.0823,0.416
0.199252,-0.4091,-0.2191,-0.0002,0.464
0.204350,-0.3909,-0.2135,-0.1005,0.457
0.209387,-0.4403,-0.2364,-0.1761,0.530
0.214314,-0.4428,-0.2354,-0.2366,0.554
0.220172,-0.4271,-0.2202,-0.2633,0.548
0.224279,-0.4122,-0.2003,-0.2897,0.542
0.229182,-0.3886,-0.1710,-0.3352,0.541
0.234301,-0.3276,-0.1798,-0.3713,0.527
0.239302,-0.3053,-0.1790,-0.3885,0.526
0.250614,-0.2786,-0.1448,-0.3965,0.506
0.251012,-0.2808,-0.1108,-0.3621,0.471
0.254166,-0.2642,-0.0912,-0.3235,0.427
0.259741,-0.2383,-0.0670,-0.2901,0.381
0.264146,-0.2177,-0.0953,-0.2713,0.361
0.269650,-0.2069,-0.0805,-0.1814,0.287
0.274028,-0.1867,-0.0469,-0.1918,0.272
0.279129,-0.2192,-0.0422,-0.2066,0.304
0.284108,-0.2325,-0.0042,-0.2165,0.318
0.289077,-0.2460,-0.0093,-0.2166,0.328
0.295181,-0.2502,0.0284,-0.2690,0.368
0.299148,-0.2499,0.0278,-0.3116,0.400
0.303905,-0.2643,-0.0250,-0.3682,0.454
0.309064,-0.2741,0.0082,-0.4103,0.494
0.313909,-0.2270,0.0222,-0.4000,0.461
0.318932,-0.2137,0.0314,-0.3998,0.454
0.323873,-0.1957,0.0264,-0.4284,0.472
0.328814,-0.1823,0.0168,-0.4143,0.453
0.333991,-0.1503,0.0073,-0.4007,0.428
0.338902,-0.1518,-0.0163,-0.3590,0.390
0.344710,-0.0726,-0.0491,-0.3230,0.335
0.353216,0.0012,-0.0625,-0.2829,0.290
0.360903,0.0651,-0.0568,-0.2431,0.258
0.361191,0.0908,-0.0939,-0.2038,0.242
0.363692,0.1211,-0.0927,-0.1362,0.204
0.368643,0.1419,-0.1295,-0.1071,0.220
0.373712,0.1343,-0.1043,-0.1113,0.203
0.378460,0.1031,-0.0841,-0.1389,0.192
0.383747,0.0914,-0.0357,-0.1945,0.218
0.388568,0.0706,-0.0399,-0.2639,0.276
0.393639,0.1120,0.0367,-0.2949,0.318
0.398948,0.1057,0.0320,-0.3830,0.399
0.403511,0.0712,0.0748,-0.4327,0.445
0.408591,0.0563,0.0795,-0.4778,0.488
0.413461,0.0181,0.0936,-0.5228,0.531
0.418424,0.0281,0.1077,-0.5299,0.541
0.423432,-0.0284,0.1170,-0.4947,0.509
0.428492,-0.0320,0.1168,-0.4935,0.508
0.433512,-0.0304,0.0977,-0.4831,0.494
0.438369,-0.0428,0.0503,-0.3923,0.398
0.443424,-0.0599,0.0366,-0.3213,0.329
0.448644,-0.0908,0.0229,-0.2748,0.290
0.453415,-0.1359,0.0141,-0.1810,0.227
0.458326,-0.1759,-0.0421,-0.1401,0.229
0.463351,-0.1541,-0.0885,-0.0992,0.204
0.468322,-0.1802,-0.1107,-0.0678,0.222
0.473232,-0.1874,-0.0663,-0.0317,0.201
0.478297,-0.2282,-0.0602,-0.0196,0.237
0.483383,-0.1977,-0.0447,-0.0600,0.211
0.488140,-0.2106,-0.0197,-0.0811,0.227
0.493334,-0.1952,0.0146,-0.0929,0.217
0.498296,-0.1897,0.0535,-0.0620,0.207
0.503216,-0.2035,0.0826,-0.0316,0.222
0.508139,-0.1603,0.1447,-0.0299,0.218
0.513099,-0.1796,0.1398,0.0099,0.228
0.518001,-0.1801,0.1967,0.0731,0.277
0.523212,-0.1715,0.1867,0.1026,0.273
0.528054,-0.1729,0.2337,0.1368,0.321
0.533069,-0.1273,0.2471,0.2140,0.351
0.537956,-0.0969,0.2649,0.2913,0.405
0.543289,-0.0770,0.3015,0.4116,0.516
0.548065,-0.0487,0.3660,0.4893,0.613
0.556624,-0.0074,0.4346,0.5676,0.715
0.557991,0.0515,0.4977,0.6608,0.829
0.562947,0.1135,0.5362,0.8026,0.972
0.567876,0.1360,0.5882,1.0073,1.174
0.573116,0.1331,0.6773,1.2462,1.425
0.578008,0.1665,0.7557,1.3768,1.579
0.583019,0.2123,0.7760,1.4614,1.668
0.587799,0.3133,0.7578,1.5528,1.756
0.592793,0.4982,0.7677,1.6173,1.858
0.597778,0.7053,0.8153,1.6073,1.935
0.603400,0.8630,0.8859,1.5760,2.003
0.607845,1.0723,0.8985,1.5940,2.121
0.612802,1.2908,0.9630,1.6132,2.279
0.617893,1.4572,1.0742,1.5907,2.410
0.623018,1.5863,1.2776,1.5406,2.554
0.628233,1.6602,1.3993,1.3705,2.568
0.632761,1.9467,1.4346,1.1141,2.663
0.637592,2.2265,1.5322,0.8610,2.837
0.642715,2.3853,1.6728,0.8500,3.035
0.648692,2.4806,1.8083,0.9804,3.222
0.656951,2.6608,1.8382,1.2434,3.465
0.657523,2.7493,1.9394,1.4244,3.654
0.662625,2.8902,1.9967,1.6014,3.861
0.667533,3.0262,1.9193,1.7892,4.005
0.673267,3.0954,1.8651,1.8069,4.040
0.678045,3.0455,1.8628,1.8225,4.008
0.682478,3.0439,1.8263,1.7350,3.951
0.687457,3.0565,1.7608,1.5054,3.835
0.692517,3.0602,1.7428,1.2443,3.735
0.697567,3.0594,1.6482,0.9503,3.603
0.703100,3.0397,1.4871,0.6702,3.450
0.707328,3.0204,1.3695,0.4705,3.350
0.712339,3.0350,1.2957,0.3072,3.314
0.717261,2.9916,1.2036,0.0743,3.226
0.722368,2.9210,1.0167,-0.1464,3.096
0.728282,2.8602,0.8740,-0.2932,3.005
0.732416,2.7181,0.7612,-0.3613,2.846
0.737991,2.5997,0.6831,-0.3986,2.717
0.748374,2.4369,0.5775,-0.4289,2.541
0.755357,2.2265,0.3968,-0.4899,2.314
0.755982,2.0878,0.2032,-0.5906,2.179
0.757461,1.9625,-0.0319,-0.5579,2.040
0.762151,1.7210,-0.1745,-0.4824,1.796
0.767206,1.5162,-0.2535,-0.4545,1.603
0.772952,1.3222,-0.3406,-0.4214,1.429
0.777077,1.2614,-0.5076,-0.3157,1.396
0.782162,1.2365,-0.7064,-0.2615,1.448
0.787156,1.1947,-0.9179,-0.2823,1.533
0.792107,1.1362,-1.0796,-0.4354,1.627
0.797465,0.9890,-1.2059,-0.6541,1.691
0.802237,0.7654,-1.3879,-0.9294,1.837
0.807053,0.5975,-1.6393,-1.0798,2.052
0.812236,0.5120,-1.8836,-1.0959,2.239
0.816889,0.5089,-2.0157,-1.0543,2.331
0.821896,0.4920,-2.0979,-1.0885,2.414
0.827190,0.4614,-2.2453,-1.1740,2.575
0.831899,0.3912,-2.4579,-1.2726,2.795
0.836812,0.3566,-2.5484,-1.3462,2.904
0.842121,0.1593,-2.5941,-1.4330,2.968
0.847722,-0.1912,-2.6810,-1.6857,3.173
0.852188,-0.4176,-2.8190,-1.9027,3.427
0.857353,-0.6788,-2.9123,-1.9794,3.586
0.861735,-1.0535,-2.9379,-2.1082,3.766
0.866937,-1.5249,-2.9478,-2.3173,4.048
0.872534,-1.9519,-2.9764,-2.5739,4.393
0.876923,-2.3159,-3.0622,-2.8114,4.759
0.881675,-2.6605,-3.2005,-3.0782,5.177
0.886668,-2.9861,-3.3149,-3.2360,5.512
0.891804,-3.3426,-3.4208,-3.3476,5.838
0.896643,-3.7525,-3.5467,-3.4224,6.195
0.902109,-4.2273,-3.6504,-3.4515,6.566
0.906734,-4.6725,-3.7374,-3.5214,6.943
0.911703,-5.0652,-3.8468,-3.5609,7.289
0.917139,-5.4445,-3.9598,-3.6373,7.652
0.921630,-5.7735,-4.0772,-3.7028,7.979
0.926478,-6.0473,-4.2326,-3.7718,8.289
0.931618,-6.2578,-4.4793,-3.7776,8.573
0.936457,-6.4252,-4.7649,-3.7967,8.855
0.941468,-6.7086,-5.0804,-3.6803,9.185
0.947729,-7.3292,-5.3547,-3.5994,9.764
0.951746,-8.1970,-5.6934,-3.6544,10.628
0.958637,-9.1585,-6.1123,-3.6792,11.609
0.961413,-10.1681,-6.5922,-3.6027,12.642
0.966322,-11.1907,-7.1144,-3.3289,13.672
0.972425,-11.9754,-7.7980,-2.9565,14.593
0.976925,-12.5489,-8.4078,-2.4394,15.301
0.981252,-13.0100,-9.0609,-2.0986,15.993
0.986160,-13.4856,-9.8816,-1.9206,16.828
0.991451,-13.8339,-10.6650,-1.8477,17.565
0.996196,-13.9871,-11.4269,-2.0995,18.183
1.001303,-13.9527,-12.2017,-2.4983,18.703
1.006226,-13.6268,-12.9423,-3.0051,19.032
1.011706,-12.8604,-13.4187,-3.5547,18.923
1.016583,-11.8948,-13.7720,-4.1367,18.662
1.021159,-10.8516,-13.9589,-4.8382,18.331
1.026168,-9.5134,-13.9714,-5.5743,17.798
1.031310,-7.7344,-13.9024,-6.1893,17.071
1.036623,-5.6313,-13.7312,-6.5761,16.233
1.041115,-3.2910,-13.4019,-6.8387,15.402
1.047681,-0.8022,-13.1379,-6.6373,14.741
1.051471,1.9191,-12.1226,-6.2881,13.791
1.058683,4.9627,-10.8898,-6.1504,13.455
1.061305,7.9189,-9.7558,-7.1183,14.441
1.065962,11.3966,-8.0861,-8.5956,16.406
1.071545,15.4951,-5.9028,-10.3000,19.520
1.076049,20.1983,-3.2834,-12.2285,23.839
1.081520,25.3591,-0.8434,-14.2155,29.084
1.088761,29.9885,1.5192,-15.9249,33.989
1.091075,33.5392,4.0957,-16.6242,37.657
1.096490,37.0564,5.8108,-16.6298,41.030
1.100993,39.2265,6.9948,-16.4496,43.107
1.105943,39.4894,7.8926,-15.5872,43.182
1.111010,38.1894,8.3303,-14.3321,41.632
1.115893,35.5989,8.1907,-12.6691,38.664
1.123235,32.1945,7.6609,-10.5282,34.728
1.125826,28.4540,6.9287,-8.3228,30.445
1.130935,24.8560,6.0111,-6.4251,26.367
1.136139,21.8480,4.8001,-4.7905,22.876
1.140779,19.3508,3.4427,-3.4327,19.952
1.146567,17.0611,2.1113,-2.2794,17.342
1.151467,14.8568,0.9196,-1.3698,14.948
1.157259,12.7691,-0.2059,-0.8253,12.797
1.162850,10.9204,-1.3750,-0.6204,11.024
1.165567,9.3013,-2.5950,-0.8945,9.698
1.170898,7.8186,-3.9905,-1.6381,8.930
1.175458,6.1236,-5.4061,-2.7942,8.633
1.180688,4.0206,-6.5675,-4.2252,8.784
1.186279,2.0367,-7.5456,-5.6448,9.641
1.190815,0.3535,-8.5538,-7.0706,11.103
1.195469,-1.3433,-9.3935,-8.3258,12.624
1.200589,-2.9475,-9.9345,-9.0859,13.782
1.205408,-4.1511,-10.5702,-9.4494,14.773
1.211442,-5.2299,-11.2730,-9.6959,15.762
1.216234,-6.5985,-11.8098,-9.8512,16.735
1.220421,-8.3768,-12.0160,-9.8822,17.670
1.225373,-10.8831,-11.8899,-10.1308,19.038
1.230407,-13.9091,-11.7131,-10.5986,21.047
1.236432,-16.5472,-11.6903,-11.2248,23.162
1.240410,-20.2278,-11.2283,-11.6326,25.895
1.248307,-24.1315,-10.9833,-11.4652,28.886
1.250546,-27.6265,-10.9887,-10.3489,31.481
1.257636,-30.4013,-11.1711,-8.5016,33.486
1.260286,-32.3481,-11.5426,-6.5186,34.959
1.265466,-33.2222,-12.6583,-4.4839,35.834
1.270363,-32.9387,-14.3243,-2.7642,36.025
1.275370,-31.6908,-16.2153,-1.5134,35.631
1.280919,-29.7932,-18.3050,-0.9713,34.981
1.285572,-27.3774,-20.1324,-1.6101,34.021
1.290177,-25.2085,-21.5354,-3.4215,33.331
1.295877,-23.1501,-22.3530,-6.0298,32.740
1.300408,-20.6556,-22.8369,-9.0786,32.103
1.305103,-17.8025,-22.8095,-11.8087,31.251
1.310081,-14.5731,-22.2785,-13.8531,30.010
1.315301,-10.8939,-21.4286,-15.0968,28.386
1.320139,-6.6076,-20.3719,-15.3116,26.327
1.325085,-1.9691,-18.9778,-14.7559,24.120
1.331712,3.0632,-17.1655,-13.5765,22.099
1.335393,8.2474,-14.8702,-12.3311,21.005
1.346112,13.3765,-12.1560,-11.5832,21.468
1.346503,18.2820,-9.2863,-11.4921,23.506
1.352076,22.8373,-6.2033,-12.0045,26.536
1.361227,26.3918,-2.5158,-12.8342,29.455
1.361785,29.3133,0.5562,-13.0750,32.102
1.365116,33.3498,1.8183,-13.7963,36.137
1.371228,35.9821,3.2359,-13.9531,38.728
1.374860,37.1451,4.6556,-12.7785,39.557
1.387153,38.2345,5.0993,-11.4583,40.239
1.387672,37.7414,5.6173,-9.4982,39.321
1.393535,35.8372,6.3820,-7.0767,37.083
1.399704,32.9741,7.1703,-4.8121,34.086
1.400139,29.8276,7.1866,-3.1918,30.847
1.404778,26.5519,6.5019,-2.3518,27.437
1.409697,23.3187,5.6930,-1.8345,24.074
1.414698,20.0356,5.1236,-1.3052,20.721
1.423516,16.7968,4.6594,-0.6545,17.443
1.424642,13.8825,4.0648,-0.0658,14.466
1.430822,11.3407,3.2305,0.3465,11.797
1.434676,9.1635,2.2942,0.5992,9.465
1.439743,7.2939,1.3125,0.8260,7.457
1.447673,5.5335,0.3110,0.8802,5.612
1.449655,3.9659,-0.5941,0.8686,4.103
1.455071,2.6075,-1.4495,0.7873,3.085
1.459426,1.4619,-2.3345,0.6054,2.820
1.464530,0.5087,-3.1652,0.3957,3.230
1.469681,-0.2867,-3.9256,0.0785,3.937
1.474569,-1.0462,-4.5585,-0.2744,4.685
1.479482,-1.7820,-5.0447,-0.6201,5.386
1.484526,-2.3293,-5.3849,-0.8534,5.929
1.489478,-2.9281,-5.6221,-1.0307,6.422
1.494735,-3.3881,-5.7106,-1.0438,6.722
1.499663,-3.7142,-5.6794,-0.9398,6.851
1.504328,-4.0038,-5.5824,-0.8722,6.925
1.509462,-4.2341,-5.4542,-0.9133,6.965
1.514770,-4.1806,-5.4155,-1.1881,6.944
1.519954,-4.5539,-5.0317,-1.3423,6.918
1.524345,-4.6942,-4.6633,-1.0989,6.707
1.529224,-4.4934,-4.3348,-0.9180,6.311
1.534149,-4.4298,-3.9657,-0.7903,5.998
1.539254,-4.4119,-3.6618,-0.6879,5.775
1.547412,-4.2478,-3.3949,-0.6788,5.480
1.549366,-4.0338,-3.1365,-0.7546,5.165
1.556732,-3.7854,-2.8965,-0.8871,4.848
1.559273,-3.5844,-2.7421,-0.9963,4.622
1.564082,-3.4395,-2.5298,-1.1216,4.414
1.569362,-3.2640,-2.3316,-1.2690,4.207
1.574021,-3.0287,-2.1860,-1.4300,4.000
1.579144,-2.7961,-2.1313,-1.5534,3.844
1.584043,-2.5109,-2.0668,-1.7302,3.684
1.589362,-2.2311,-1.9974,-1.8366,3.513
1.594702,-1.9796,-1.9616,-1.8351,3.337
1.599263,-1.7896,-1.9066,-1.7882,3.168
1.603873,-1.6417,-1.8230,-1.6771,2.972
1.609029,-1.5550,-1.6918,-1.5069,2.748
1.614107,-1.4275,-1.6374,-1.3009,2.532
1.619878,-1.2646,-1.5928,-1.1213,2.322
1.624029,-1.1806,-1.5482,-0.9104,2.149
1.628853,-1.0221,-1.5278,-0.6966,1.966
1.633752,-0.8608,-1.4214,-0.5418,1.748
1.638726,-0.6872,-1.3487,-0.3789,1.560
1.643955,-0.4808,-1.3382,-0.2504,1.444
1.648909,-0.2942,-1.3133,-0.1322,1.352
1.657133,-0.0886,-1.2690,0.0237,1.272
1.658896,-0.0024,-1.1766,0.1317,1.184
1.663646,0.0558,-1.1031,0.1827,1.120
1.669601,0.1817,-1.0006,0.2385,1.045
1.673796,0.2810,-0.8927,0.2133,0.960
1.678644,0.3057,-0.7650,0.1933,0.846
1.683561,0.3040,-0.6942,0.0774,0.762
1.688641,0.2950,-0.5987,-0.0195,0.668
1.693615,0.2311,-0.5359,-0.0737,0.588
1.698790,0.1736,-0.5204,-0.1618,0.572
1.703445,0.0758,-0.5086,-0.2459,0.570
1.708587,0.0036,-0.4769,-0.3455,0.589
1.713431,-0.0627,-0.5307,-0.3937,0.664
1.719823,-0.0803,-0.5743,-0.3855,0.696
1.728869,-0.1748,-0.6174,-0.4352,0.775
1.734990,-0.2402,-0.6264,-0.4656,0.817
1.735464,-0.2815,-0.7019,-0.4197,0.865
1.738773,-0.2318,-0.7529,-0.4120,0.889
1.743353,-0.0866,-0.8225,-0.4184,0.927
1.748407,-0.0084,-0.8722,-0.4719,0.992
1.754055,-0.0220,-0.8498,-0.6055,1.044
1.758482,-0.1216,-0.8555,-0.6805,1.100
1.763518,-0.2119,-0.9135,-0.6971,1.168
1.768350,-0.3175,-0.9712,-0.8613,1.336
1.773181,-0.5009,-1.0288,-1.1158,1.598
1.778211,-0.6908,-1.0962,-1.3507,1.872
1.783159,-0.8402,-1.1832,-1.5619,2.132
1.788288,-0.9002,-1.3326,-1.7543,2.380
1.793114,-1.0056,-1.4871,-1.9376,2.641
1.798266,-1.2189,-1.5848,-2.1307,2.922
1.803070,-1.3343,-1.6498,-2.2862,3.119
1.808168,-1.3998,-1.8353,-2.4662,3.378
1.813105,-1.4923,-1.9976,-2.6902,3.668
1.818162,-1.5866,-2.1604,-2.8336,3.900
1.823037,-1.7216,-2.3336,-3.0307,4.195
1.828273,-1.8923,-2.4836,-3.2580,4.513
1.833252,-2.0798,-2.6536,-3.5012,4.861
1.838016,-2.2605,-2.8727,-3.8181,5.286
1.843348,-2.5260,-3.1171,-4.1898,5.801
1.848063,-2.9239,-3.3678,-4.6410,6.437
1.855775,-3.4548,-3.6634,-5.0529,7.134
1.857937,-4.0136,-3.9898,-5.4456,7.854
1.863035,-4.5962,-4.3954,-5.8016,8.608
1.867909,-5.3094,-4.7514,-6.0692,9.359
1.872830,-6.3128,-4.9967,-6.2252,10.177
1.877876,-7.5228,-5.3528,-6.2048,11.124
1.882716,-8.9465,-5.7823,-5.9798,12.216
1.887769,-10.4433,-6.2383,-5.5605,13.375
1.892716,-11.7671,-6.7595,-5.0194,14.469
1.897836,-12.9405,-7.3131,-4.2895,15.471
1.902732,-14.1250,-7.7794,-3.4593,16.492
1.907724,-15.2661,-8.3181,-2.7821,17.606
1.912915,-16.6449,-9.0717,-2.3587,19.103
1.917716,-17.9935,-9.9815,-2.0987,20.683
1.923100,-19.0105,-11.1365,-1.8661,22.111
1.932600,-19.4989,-12.4330,-1.5426,23.177
1.933089,-19.4080,-14.1667,-1.1139,24.054
1.939785,-18.9133,-16.2763,-0.9243,24.970
1.942787,-19.8608,-17.1322,0.1530,26.229
1.947611,-19.4296,-18.5039,0.3882,26.834
1.953723,-17.9114,-20.4108,0.1834,27.156
1.957659,-15.9294,-22.0879,-0.9996,27.251
1.963966,-14.0289,-23.0552,-3.0429,27.159
1.967641,-12.0426,-23.4169,-5.4839,26.897
1.972788,-9.4830,-23.2570,-7.8588,26.317
1.978899,-5.9511,-22.9106,-10.0659,25.722
1.982418,-1.7102,-22.1324,-12.0234,25.245
1.987414,2.7875,-20.7091,-13.6453,24.957
1.992491,8.3394,-18.8609,-14.9427,25.467
1.997869,15.0383,-16.6620,-16.1868,27.673
2.005760,22.1617,-13.8469,-17.5493,31.478
2.007435,28.9889,-10.3357,-18.8990,36.116
2.013336,34.3655,-6.1000,-20.1355,40.294
2.017419,39.1618,-2.8449,-20.4200,44.257
2.022660,43.2475,-0.7938,-20.7158,47.960
2.030632,44.8023,1.2828,-20.1342,49.135
2.032372,44.1127,3.1404,-18.7984,48.054
2.037365,41.9138,4.2250,-17.2807,45.533
2.042238,38.8030,4.4251,-15.7824,42.123
2.048045,35.1805,4.1955,-14.2567,38.191
2.056672,31.2659,3.8543,-12.7175,33.973
2.057734,27.1853,3.4985,-11.4279,29.696
2.063437,23.1449,2.9232,-10.3813,25.534
2.067366,19.6695,2.3125,-9.3185,21.888
2.072782,16.7371,1.8586,-8.0779,18.677
2.077723,14.2444,1.5612,-6.7136,15.824
2.082050,12.0675,1.2154,-5.3590,13.260
2.087260,10.2179,0.8332,-4.2519,11.099
2.092043,8.5001,0.2998,-3.4357,9.173
2.097363,6.9068,-0.3541,-2.9534,7.520
2.102926,5.3772,-1.2271,-2.7729,6.173
2.107173,3.7829,-2.2260,-2.7292,5.169
2.112067,1.9777,-3.1174,-2.7461,4.601
2.117637,0.3517,-3.8127,-2.6722,4.669
2.122297,-0.9681,-4.4623,-2.4915,5.202
2.127922,-2.0858,-5.0751,-2.2422,5.927
2.132136,-3.1089,-5.5843,-1.8850,6.664
2.137014,-3.9868,-5.8756,-1.4175,7.241
2.142180,-4.5860,-6.0927,-0.9215,7.681
2.147487,-5.0458,-6.2434,-0.4660,8.041
2.151933,-5.4425,-6.3375,-0.2051,8.356
2.157734,-5.6335,-6.3242,0.0306,8.470
2.161780,-5.6480,-6.2578,0.2855,8.435
2.166905,-5.7115,-5.9676,0.3446,8.268
2.172531,-5.7117,-5.7422,0.2809,8.104
2.177768,-5.5145,-5.5401,-0.0046,7.817
2.181652,-5.7218,-5.0653,-0.0853,7.642
2.186749,-5.5913,-4.8216,-0.2782,7.388
2.191652,-5.3290,-4.6660,-0.5321,7.103
2.196778,-5.1788,-4.5176,-0.7817,6.917
2.201731,-5.2049,-4.2957,-1.0807,6.835
2.206813,-5.1836,-4.0773,-1.2781,6.718
2.211616,-5.1266,-3.9442,-1.3894,6.616
2.216953,-5.0337,-3.7676,-1.5260,6.470
2.221682,-4.9624,-3.6962,-1.5979,6.391
2.226793,-4.8068,-3.5818,-1.6247,6.211
2.231774,-4.6584,-3.4202,-1.5540,5.984
2.237469,-4.4379,-3.2783,-1.4392,5.702
2.241499,-4.1456,-3.1038,-1.2891,5.337
2.247088,-3.9291,-2.9496,-1.2332,5.065
2.251677,-3.7684,-2.7293,-1.2147,4.809
2.256577,-3.6153,-2.5054,-1.1672,4.551
2.261352,-3.4314,-2.3352,-1.1341,4.303
2.266756,-3.1722,-2.1516,-1.1068,3.990
2.272016,-2.9239,-2.0022,-1.1427,3.723
2.276777,-2.6714,-1.8918,-1.1084,3.456
2.281327,-2.4430,-1.7724,-0.9892,3.176
2.286331,-2.2379,-1.6870,-0.8763,2.936
2.291413,-2.0317,-1.6069,-0.7692,2.702
2.297020,-1.7810,-1.4793,-0.6155,2.396
2.301573,-1.4518,-1.3474,-0.4865,2.040
2.306428,-1.1585,-1.2638,-0.3147,1.743
2.311197,-0.8668,-1.1183,-0.1043,1.419
2.316385,-0.6195,-0.9684,0.0441,1.150
2.321590,-0.4065,-0.9002,0.1646,1.001
2.326439,-0.2370,-0.8658,0.2428,0.930
2.331398,-0.1394,-0.7647,0.3127,0.838
2.336228,-0.0562,-0.7260,0.3071,0.790
2.341209,-0.0351,-0.6253,0.2449,0.672
2.346285,-0.0521,-0.5869,0.1308,0.604
2.351191,-0.1171,-0.5344,-0.0114,0.547
2.357076,-0.1437,-0.4673,-0.2496,0.549
2.365809,-0.1462,-0.3570,-0.4840,0.619
2.366151,-0.1391,-0.2704,-0.6481,0.716
2.371433,-0.1127,-0.2502,-0.7665,0.814
2.376007,-0.1819,-0.2485,-0.7535,0.814
2.380968,-0.2607,-0.2032,-0.6470,0.727
2.386166,-0.3059,-0.1527,-0.4853,0.594
2.390936,-0.2938,-0.0634,-0.3158,0.436
2.396057,-0.2579,-0.0458,-0.0998,0.280
2.400833,-0.2078,-0.0231,0.0914,0.228
2.405920,-0.1388,0.0093,0.3014,0.332
2.411284,-0.1036,-0.0207,0.5119,0.523
2.416489,-0.1309,0.0259,0.7516,0.763
2.420936,-0.1255,0.0192,0.9832,0.991
2.425792,-0.1496,0.0024,1.1451,1.155
2.430847,-0.2322,-0.0392,1.2473,1.269
2.436264,-0.2250,-0.0338,1.2661,1.286
2.440920,-0.2144,-0.0533,1.2497,1.269
2.446012,-0.3153,-0.0785,1.1834,1.227
2.451313,-0.3701,-0.1095,1.0816,1.148
2.456392,-0.4167,-0.1174,0.9872,1.078
2.463611,-0.4455,-0.0975,0.8378,0.954
2.466048,-0.4089,-0.0831,0.6999,0.815
2.472579,-0.3593,-0.0550,0.5875,0.691
2.476380,-0.3063,-0.0179,0.3947,0.500
2.480511,-0.2254,-0.0336,0.1979,0.302
2.485893,-0.1020,-0.0590,0.0876,0.147
2.490733,0.0116,-0.0364,0.0587,0.070
2.495704,0.1539,-0.0809,0.1113,0.206
2.500529,0.2585,-0.0678,0.1114,0.290
2.505889,0.3349,-0.0115,0.1691,0.375
2.511177,0.4266,-0.0031,0.2175,0.479
2.515624,0.5001,0.0102,0.2905,0.578
2.520477,0.5075,0.0329,0.2922,0.587
2.525470,0.4536,0.0270,0.2562,0.522
2.530945,0.3909,0.0116,0.1823,0.431
2.536164,0.3190,-0.0325,0.0845,0.332
2.540478,0.2521,-0.0382,-0.0228,0.256
2.545488,0.1471,-0.0294,-0.1112,0.187
2.550357,0.0660,-0.0588,-0.1378,0.164
2.555633,0.0758,-0.0689,-0.1410,0.174
2.567541,0.0665,-0.1314,-0.2116,0.258
2.567970,0.0761,-0.1651,-0.2730,0.328
2.570517,0.0616,-0.2129,-0.1911,0.293
2.575498,0.0181,-0.2512,-0.1524,0.294
2.580407,0.0269,-0.2416,-0.1091,0.266
2.586080,0.0639,-0.2656,-0.0417,0.276
2.590262,0.1533,-0.2755,0.0742,0.324
2.595933,0.2377,-0.2617,0.1192,0.373
2.600392,0.3030,-0.2483,0.1560,0.422
2.605612,0.3014,-0.2401,0.1703,0.421
2.610791,0.2373,-0.2466,0.1909,0.392
2.615369,0.1395,-0.2632,0.1217,0.322
2.620219,0.1040,-0.2415,-0.0138,0.263
2.625207,0.0251,-0.2439,-0.1824,0.306
2.630718,-0.0109,-0.1554,-0.3703,0.402
2.636206,0.0008,-0.1049,-0.5206,0.531
2.640275,0.0463,-0.0492,-0.6198,0.623
2.645195,0.1115,-0.0265,-0.7109,0.720
2.650371,0.1535,0.0111,-0.7319,0.748
2.655537,0.2012,0.0733,-0.6829,0.716
2.660120,0.2068,0.1072,-0.6066,0.650
2.665547,0.1989,0.1272,-0.4742,0.530
2.670050,0.1824,0.1092,-0.3092,0.375
2.675251,0.1140,0.1488,-0.2020,0.276
2.679972,0.0508,0.1548,-0.0322,0.166
2.685111,0.1365,0.1411,0.4073,0.452
2.689993,0.5968,0.1073,1.3818,1.509
2.695066,0.7656,0.1921,1.7132,1.886
2.699963,0.5706,0.2951,1.4775,1.611
2.704875,0.1839,0.3497,1.1000,1.169
2.709793,-0.0936,0.3801,0.6230,0.736
2.715512,-0.1325,0.3768,0.1368,0.422
2.719732,-0.1771,0.3354,-0.1490,0.408
2.724858,-0.1984,0.3089,-0.3020,0.475
2.730261,-0.1531,0.2778,-0.2982,0.435
2.735401,-0.0792,0.2375,-0.2139,0.329
2.740292,0.0573,0.2167,-0.1401,0.264
2.748102,0.2086,0.2200,-0.1050,0.321
2.750004,0.3704,0.1948,-0.1085,0.432
2.757381,0.5002,0.1364,-0.0786,0.524
2.759800,0.5597,0.0734,-0.0677,0.569
2.764489,0.5442,0.0919,-0.0659,0.556
2.769536,0.5012,0.0436,-0.1406,0.522
2.774524,0.4404,0.0625,-0.3303,0.554
2.779488,0.3757,0.0195,-0.5445,0.662
2.784597,0.2446,-0.0183,-0.6972,0.739
2.789561,0.0130,-0.0367,-0.7647,0.766
2.794526,-0.1856,-0.0644,-0.7133,0.740
2.799684,-0.2220,-0.2164,-0.6244,0.697
2.804584,-0.2639,-0.2678,-0.5456,0.663
2.809416,-0.3091,-0.2978,-0.4685,0.635
2.814533,-0.3408,-0.2661,-0.3300,0.544
2.819366,-0.3448,-0.3157,-0.1351,0.487
2.824431,-0.3545,-0.3747,-0.0074,0.516
2.829600,-0.3885,-0.3340,0.0874,0.520
2.834721,-0.4183,-0.3557,0.1255,0.563
2.839425,-0.4535,-0.2874,0.1262,0.552
2.847025,-0.4942,-0.2437,0.1134,0.563
2.849371,-0.5736,-0.2054,0.0344,0.610
2.854520,-0.6010,-0.1628,-0.0199,0.623
2.859225,-0.6197,-0.1349,-0.0787,0.639
2.864374,-0.6774,-0.1453,-0.1135,0.702
2.869329,-0.7122,-0.1176,-0.1625,0.740
2.874340,-0.6622,-0.0618,-0.1782,0.689
2.879175,-0.5993,-0.0159,-0.1418,0.616
2.884160,-0.5470,0.0059,-0.0775,0.552
2.889170,-0.4670,-0.0010,-0.0517,0.470
2.894404,-0.3406,0.0110,-0.0165,0.341
2.898956,-0.2677,0.0419,-0.0572,0.277
2.904003,-0.1954,0.1010,-0.1024,0.243
2.908884,-0.0525,0.2026,-0.1619,0.265
2.914152,0.0466,0.2274,-0.2592,0.348
2.919374,0.1547,0.2141,-0.2561,0.368
2.924081,0.2100,0.2248,-0.2677,0.408
2.929507,0.2604,0.2309,-0.2461,0.426
2.934520,0.3202,0.2512,-0.2343,0.470
2.939247,0.3134,0.2476,-0.1705,0.434
2.948359,0.3401,0.2157,-0.1356,0.425
2.949180,0.3764,0.2030,-0.0819,0.435
2.958241,0.3842,0.1715,-0.1046,0.434
2.959195,0.3401,0.1022,-0.1412,0.382
2.963863,0.2492,0.0431,-0.1776,0.309
2.968998,0.1683,-0.0012,-0.1901,0.254
2.973873,0.0881,0.0072,-0.2647,0.279
2.978827,0.0561,-0.0031,-0.3586,0.363
2.983856,0.0148,-0.0749,-0.4717,0.478
2.989144,-0.0357,-0.1077,-0.5045,0.517
2.994108,-0.1191,-0.2016,-0.4620,0.518
2.998666,-0.1877,-0.2376,-0.3922,0.496
3.003679,-0.2180,-0.2968,-0.3236,0.490
3.008548,-0.1912,-0.3080,-0.2320,0.430
3.013809,-0.1409,-0.3713,-0.2172,0.453
3.019326,-0.1290,-0.3913,-0.2026,0.459
3.023733,-0.1078,-0.4110,-0.2407,0.488
3.028526,-0.0820,-0.3593,-0.2359,0.438
3.033572,-0.0137,-0.3505,-0.2316,0.420
3.039142,0.0829,-0.3750,-0.2228,0.444
3.047049,0.1409,-0.3280,-0.1478,0.386
3.048546,0.1512,-0.3240,-0.0163,0.358
3.055417,0.1762,-0.3154,0.1191,0.380
3.058365,0.1728,-0.3069,0.1922,0.401
3.063613,0.1362,-0.3034,0.2844,0.438
3.069439,0.0384,-0.2907,0.3338,0.444
3.073452,0.0170,-0.2781,0.3451,0.444
3.078253,0.0240,-0.2230,0.3234,0.394
3.083443,0.0167,-0.1968,0.2641,0.330
3.088330,0.0474,-0.1329,0.2053,0.249
3.094366,0.0640,-0.1027,0.1706,0.209
3.098306,0.0761,-0.0773,0.1451,0.181
3.103409,0.1408,0.0383,0.1099,0.183
3.108301,0.2201,0.0487,0.0887,0.242
3.113308,0.2714,0.0593,0.0242,0.279
3.118248,0.2615,0.0795,0.0072,0.273
3.123453,0.2433,0.0997,0.0993,0.281
3.128146,0.2212,0.1150,0.1670,0.300
3.133605,0.1760,0.1159,0.2676,0.341
3.138220,0.1219,0.1214,0.3443,0.385
3.143271,0.0919,0.1693,0.3688,0.416
3.148277,0.0669,0.0883,0.3847,0.400
3.156975,0.0802,0.1122,0.3874,0.411
3.158133,0.1027,0.1592,0.4196,0.460
3.163186,0.1154,0.1391,0.3433,0.388
3.167992,0.1709,0.1427,0.2826,0.360
3.173105,0.2355,0.1367,0.2370,0.361
3.178140,0.2715,0.1829,0.1588,0.364
3.183248,0.2790,0.1860,0.1049,0.351
3.187996,0.3010,0.1749,0.0895,0.359
3.193060,0.2853,0.1925,0.0547,0.348
3.198206,0.2844,0.2339,0.0056,0.368
3.203142,0.3078,0.2228,-0.0342,0.382
3.208139,0.2553,0.2025,-0.0314,0.327
3.213072,0.2748,0.1493,0.0851,0.324
3.217773,0.2374,0.1344,0.1674,0.320
3.222998,0.2147,0.1054,0.2542,0.349
3.227779,0.1257,0.1001,0.2982,0.339
3.233360,0.0945,0.0852,0.2806,0.308
3.238162,0.0824,0.0275,0.2494,0.264
3.242870,0.0369,-0.0013,0.1998,0.203
3.248186,0.0297,-0.0252,0.1463,0.151
3.255556,-0.0158,-0.0253,0.1173,0.121
3.258118,-0.0519,0.0124,0.1270,0.138
3.264432,-0.0406,-0.0072,0.0704,0.082
3.267502,-0.0059,0.0445,0.0285,0.053
3.272805,0.0139,0.0293,0.0061,0.033
3.277542,0.0431,0.0617,-0.0448,0.088
3.282729,0.0911,0.0370,-0.0339,0.104
3.287727,0.0816,0.0506,0.0006,0.096
3.292717,0.1151,0.0735,0.0394,0.142
3.297747,0.1150,0.0772,0.0638,0.152
3.302551,0.1195,0.0619,0.1167,0.178
3.307562,0.0620,0.0845,0.1459,0.180
3.312592,0.0191,0.0973,0.2037,0.227
3.317737,0.0046,0.0481,0.2376,0.242
3.322544,-0.0290,0.0087,0.2717,0.273
3.327505,-0.0723,0.0075,0.2871,0.296
3.332444,-0.0395,0.0250,0.2793,0.283
3.337377,-0.0359,-0.0623,0.2390,0.250
3.342743,-0.0753,-0.1206,0.1710,0.222
3.347702,-0.1052,-0.1214,0.1136,0.197
3.355417,-0.1066,-0.1129,0.0997,0.185
3.357390,-0.1225,-0.1377,0.0481,0.191
3.364894,-0.1339,-0.1244,-0.0600,0.192
3.367384,-0.1072,-0.0921,-0.1295,0.192
3.372901,-0.0382,-0.0885,-0.1462,0.175
3.377447,-0.0361,-0.1086,-0.1536,0.192
3.382293,-0.0055,-0.0857,-0.1468,0.170
3.387305,-0.0132,-0.0393,-0.1305,0.137
3.392267,0.0029,-0.0074,-0.1715,0.172
3.397489,0.0331,-0.0137,-0.1507,0.155
3.402559,0.0630,-0.0104,-0.1397,0.154
3.407176,0.0451,-0.0072,-0.1144,0.123
3.412309,0.0414,-0.0183,-0.0510,0.068
3.417113,0.0424,-0.0248,0.0314,0.058
3.422715,0.0576,-0.0598,0.1090,0.137
3.427938,-0.0035,-0.1138,0.1725,0.207
3.432206,-0.0360,-0.0869,0.2271,0.246
3.437836,-0.0448,-0.1269,0.2344,0.270
3.442110,-0.0681,-0.1098,0.1997,0.238
3.447533,-0.0343,-0.0881,0.1465,0.174
3.452103,0.0373,-0.0856,0.0652,0.114
3.457458,0.0611,-0.0354,-0.0492,0.086
3.465967,0.1660,0.0004,-0.1398,0.217
3.467038,0.2376,0.0553,-0.1880,0.308
3.472457,0.2716,0.1101,-0.2133,0.362
3.477202,0.3349,0.1172,-0.1637,0.391
3.481880,0.4133,0.1341,-0.1251,0.452
3.486923,0.3688,0.1512,-0.0877,0.408
3.492129,0.3161,0.1446,-0.0800,0.357
3.497456,0.2454,0.0764,-0.0968,0.275
3.502513,0.1519,0.1039,-0.0568,0.193
3.506870,0.0688,0.0601,-0.0126,0.092
3.511994,-0.0375,0.0498,-0.0116,0.063
3.516799,-0.0955,0.0254,-0.0248,0.102
3.521938,-0.1391,0.0154,-0.0570,0.151
3.527770,-0.1350,0.0056,-0.0651,0.150
3.531802,-0.1170,-0.0042,-0.0970,0.152
3.537201,-0.1469,-0.0139,-0.0716,0.164
3.541745,-0.1103,0.0098,-0.0991,0.149
3.546475,-0.0878,0.0241,-0.3790,0.390
3.552707,-0.0368,0.0624,-0.5060,0.511
3.557080,0.0187,0.1007,-0.2956,0.313
3.561602,0.0406,0.0769,0.0888,0.124
3.566730,0.0676,0.0768,0.2950,0.312
3.572222,0.1089,0.0671,0.3623,0.384
3.576431,0.1313,0.1143,0.3347,0.377
3.581554,0.1302,0.1467,0.2649,0.330
3.586413,0.0820,0.1979,0.1863,0.284
3.591471,0.0770,0.2439,0.1320,0.288
3.597247,0.0533,0.2421,0.0635,0.256
3.602866,0.0393,0.2356,0.0334,0.241
