0.002388,0.1327,-0.1741,-0.7287,0.761
0.002792,0.2473,-0.1729,-0.7932,0.849
0.006803,0.4539,-0.1088,-0.8985,1.012
0.013246,0.5709,-0.0874,-0.8380,1.018
0.017067,0.6270,-0.0942,-0.7362,0.972
0.021822,0.6461,-0.1295,-0.5786,0.877
0.026773,0.6519,-0.1596,-0.4606,0.814
0.031576,0.5292,-0.1989,-0.4300,0.710
0.036653,0.3498,-0.2761,-0.4722,0.649
0.042239,0.4060,-0.3867,-0.3425,0.657
0.046751,0.5310,-0.4413,-0.2545,0.736
0.051696,0.5321,-0.4337,-0.2242,0.722
0.056439,0.6245,-0.3312,-0.1368,0.720
0.061532,0.6177,-0.2536,-0.0357,0.669
0.067609,0.5218,-0.2621,0.0504,0.586
0.071642,0.4844,-0.2327,0.0839,0.544
0.076408,0.4336,-0.2227,0.0747,0.493
0.081450,0.3408,-0.1797,0.0565,0.389
0.086392,0.2821,-0.1799,0.0533,0.339
0.092312,0.2334,-0.2040,0.0793,0.320
0.096445,0.1516,-0.2139,0.0346,0.264
0.102225,0.1174,-0.1811,0.0526,0.222
0.107335,0.0638,-0.1678,0.0854,0.199
0.111598,0.0051,-0.1547,0.1235,0.198
0.117429,-0.0163,-0.1324,0.1336,0.189
0.121494,-0.0098,-0.1722,0.0920,0.196
0.126179,-0.0518,-0.1881,0.1084,0.223
0.131257,-0.0753,-0.2087,0.0968,0.242
0.136107,-0.0755,-0.2103,0.0619,0.232
0.141773,-0.0717,-0.2261,0.0418,0.241
0.146193,-0.1113,-0.1992,0.0413,0.232
0.151337,-0.1418,-0.2437,0.0456,0.286
0.156041,-0.1823,-0.2356,0.0834,0.309
0.162925,-0.2138,-0.2039,0.0404,0.298
0.167083,-0.2410,-0.2057,0.0644,0.323
0.171305,-0.2499,-0.2312,0.0789,0.349
0.177809,-0.2642,-0.2235,0.1223,0.367
0.181228,-0.2556,-0.2301,0.1468,0.374
0.186245,-0.2667,-0.2322,0.1431,0.381
0.191111,-0.2689,-0.2201,0.1495,0.378
0.196722,-0.2669,-0.2177,0.1231,0.366
0.201343,-0.2512,-0.1775,0.1164,0.329
0.206042,-0.2598,-0.1948,0.0815,0.335
0.211288,-0.2830,-0.1787,0.0473,0.338
0.215834,-0.2828,-0.1724,0.0231,0.332
0.221664,-0.3259,-0.1424,0.0613,0.361
0.225896,-0.4026,-0.1367,0.0617,0.430
0.231018,-0.4080,-0.0979,0.0580,0.424
0.235765,-0.4475,-0.0880,0.0024,0.456
0.240865,-0.5112,-0.1020,-0.0382,0.523
0.246037,-0.5658,-0.0685,-0.0735,0.575
0.250977,-0.5971,-0.0732,-0.1511,0.620
0.255765,-0.5913,-0.0778,-0.1474,0.614
0.263793,-0.6483,-0.0443,-0.1437,0.665
0.265866,-0.6870,-0.0538,-0.1303,0.701
0.270991,-0.7505,-0.0442,-0.1075,0.759
0.276392,-0.7626,-0.0203,-0.0517,0.765
0.281296,-0.7522,-0.0441,-0.0058,0.754
0.285679,-0.6813,-0.0106,0.0779,0.686
0.290529,-0.6262,-0.0345,0.1326,0.641
0.295633,-0.5533,-0.0249,0.2016,0.589
0.300627,-0.4915,-0.0062,0.3325,0.593
0.305564,-0.5215,-0.0164,0.4349,0.679
0.310605,-0.4811,0.0206,0.5332,0.719
0.315490,-0.4709,0.0093,0.6372,0.792
0.320762,-0.4431,0.0403,0.6377,0.778
0.325580,-0.4596,0.0800,0.6498,0.800
0.330876,-0.4919,0.1615,0.6498,0.831
0.335484,-0.4637,0.1516,0.8040,0.940
0.341038,-0.3853,0.1649,0.8594,0.956
0.345610,-0.2663,0.2916,0.8167,0.907
0.350491,-0.1543,0.4547,0.8385,0.966
0.355519,-0.0248,0.5542,0.9526,1.102
0.360562,0.1507,0.6664,1.0686,1.268
0.365445,0.3105,0.8054,1.1768,1.459
0.370780,0.4217,0.8619,1.2296,1.560
0.380080,0.5698,0.9287,1.2841,1.684
0.381404,0.6610,0.9996,1.3266,1.788
0.385369,0.7434,1.0365,1.3086,1.827
0.391039,0.8843,1.0443,1.3066,1.892
0.395545,1.0454,1.0666,1.2043,1.919
0.400496,0.3018,0.7019,0.7947,1.102
0.405278,0.6751,0.7309,0.7566,1.250
0.410396,1.3427,0.9089,0.8595,1.835
0.415305,1.6922,1.1399,0.7774,2.183
0.420405,1.9586,1.4142,0.8365,2.557
0.425714,2.3199,1.5352,1.0418,2.971
0.430231,2.6811,1.4406,1.1927,3.269
0.435287,2.9039,1.2739,1.2660,3.414
0.440238,2.9453,1.1691,1.2191,3.395
0.445086,2.8007,1.0925,1.3256,3.285
0.450522,2.6947,1.0677,1.4330,3.233
0.455056,2.7373,1.0422,1.3693,3.233
0.459976,2.7369,0.9726,1.2261,3.153
0.464899,2.7505,0.8784,1.1375,3.103
0.469989,2.6394,0.8648,0.9934,2.950
0.475938,2.4796,0.8793,0.8032,2.751
0.480037,2.3332,0.8647,0.5091,2.540
0.485105,2.2524,0.8501,0.2299,2.418
0.490181,2.1745,0.6969,-0.0832,2.285
0.495359,2.1236,0.5681,-0.4399,2.242
0.500537,2.0609,0.4975,-0.7648,2.254
0.504953,1.9910,0.4040,-1.0492,2.287
0.509862,2.0004,0.3928,-1.2551,2.394
0.514990,2.0510,0.3636,-1.3408,2.477
0.520081,2.2483,0.3404,-1.4409,2.692
0.527075,2.5743,0.2565,-1.6185,3.052
0.529874,2.8623,0.0928,-1.9266,3.452
0.534741,3.0602,-0.0643,-2.1262,3.727
0.539970,3.1837,-0.2146,-2.2174,3.886
0.544906,3.2660,-0.3773,-2.2286,3.972
0.550463,3.2117,-0.4900,-2.2789,3.968
0.554899,3.0253,-0.5961,-2.1464,3.757
0.559710,2.7207,-0.6620,-1.9350,3.404
0.564617,2.3588,-0.7503,-1.6620,2.981
0.570115,1.9731,-0.9521,-1.5463,2.682
0.575245,1.5421,-0.9084,-1.2658,2.192
0.579672,1.1462,-0.9069,-1.0445,1.796
0.584528,1.0052,-1.1441,-0.8767,1.757
0.589489,1.1814,-1.4040,-0.6284,1.940
0.594664,1.1810,-1.4907,-0.5817,1.989
0.600831,0.9860,-1.5144,-0.8081,1.979
0.604536,0.7294,-1.6376,-1.0733,2.089
0.609475,0.4687,-1.8314,-1.2012,2.240
0.614585,0.2418,-1.9661,-1.4372,2.447
0.620407,0.0724,-1.9796,-1.8106,2.684
0.624654,-0.1410,-2.0058,-2.2217,2.997
0.629485,-0.4937,-2.0829,-2.6615,3.416
0.636956,-0.9242,-2.2204,-3.0544,3.888
0.639466,-1.4816,-2.3226,-3.3192,4.314
0.645622,-2.0948,-2.4283,-3.4662,4.722
0.649262,-2.6984,-2.5284,-3.4855,5.082
0.653981,-3.3279,-2.6092,-3.3770,5.412
0.659332,-3.9411,-2.7050,-3.1262,5.712
0.664241,-4.5111,-2.8548,-2.7952,6.026
0.669262,-5.0491,-3.0499,-2.5271,6.417
0.674300,-5.5900,-3.2048,-2.3456,6.857
0.679340,-6.1454,-3.3779,-2.2217,7.356
0.684485,-6.8124,-3.6657,-2.0592,8.005
0.689780,-7.5308,-3.9399,-1.7859,8.685
0.694242,-8.2264,-4.2974,-1.3814,9.383
0.700157,-8.9640,-4.6674,-0.8009,10.138
0.704191,-9.8375,-5.0320,-0.1526,11.051
0.709612,-10.9360,-5.2964,0.2643,12.154
0.714403,-12.1094,-5.5809,0.6010,13.347
0.719902,-13.1319,-6.1440,0.7028,14.515
0.724032,-14.0486,-6.9938,0.7784,15.712
0.729167,-14.7745,-8.0229,0.9758,16.841
0.734116,-15.0897,-8.9366,1.1861,17.578
0.739674,-15.0455,-9.8512,1.4451,18.042
0.743874,-14.8338,-10.9818,1.6109,18.527
0.748979,-14.4954,-12.1077,1.2205,18.926
0.754097,-13.7980,-13.3509,0.5063,19.206
0.759489,-12.4751,-14.6758,-0.2666,19.263
0.764097,-10.8050,-15.8603,-1.0610,19.220
0.768803,-9.1029,-16.4921,-2.0769,18.952
0.773759,-7.4967,-16.4195,-3.5669,18.399
0.779063,-5.6496,-16.0573,-5.4477,17.873
0.785928,-3.7592,-15.1677,-7.8872,17.504
0.788779,-1.4574,-13.5117,-10.9067,17.425
0.793656,1.5539,-11.2805,-14.1939,18.197
0.798767,5.1434,-8.5105,-17.1930,19.862
0.803798,9.7229,-5.6297,-19.9189,22.869
0.811821,14.8675,-2.7248,-21.9786,26.674
0.813577,20.5319,0.0774,-23.4150,31.142
0.822502,25.8681,2.6535,-24.0214,35.401
0.823632,29.7458,4.7843,-23.2217,38.039
0.829143,33.4099,5.6286,-21.5411,40.149
0.836244,34.0346,6.2955,-19.4069,39.681
0.838582,31.2546,7.2733,-16.1926,35.944
0.843578,26.8956,8.0633,-12.4307,30.707
0.848550,23.0966,7.8934,-9.3142,26.125
0.853976,20.1131,7.0706,-7.0134,22.444
0.860020,17.5468,6.4929,-4.9501,19.353
0.863589,15.4464,6.2184,-3.3687,16.988
0.868745,13.9231,5.8231,-2.5978,15.314
0.873632,12.6668,5.1417,-2.3677,13.874
0.878465,11.6564,4.4387,-2.3344,12.689
0.885832,10.6467,3.8632,-2.1918,11.536
0.888533,9.4595,3.3780,-1.7145,10.190
0.893495,8.6014,2.5297,-1.2883,9.058
0.898457,7.8536,1.5772,-1.0282,8.076
0.903418,7.2534,0.4883,-0.8020,7.314
0.908564,6.4459,-0.6785,-0.8049,6.531
0.913353,5.2045,-1.8739,-0.9676,5.616
0.918294,3.6269,-3.0586,-1.2304,4.901
0.923269,1.9140,-4.0975,-1.5996,4.797
0.928350,0.1348,-5.0291,-2.0987,5.451
0.934621,-1.4921,-5.9589,-2.5865,6.665
0.938790,-3.2063,-6.8640,-2.9849,8.143
0.943206,-4.9752,-7.5498,-3.2204,9.598
0.948483,-6.7720,-7.9616,-3.3549,10.977
0.954523,-8.6181,-8.1410,-3.4112,12.336
0.958982,-10.4601,-8.2303,-3.3758,13.731
0.963696,-12.4591,-8.0274,-3.3312,15.191
0.968094,-15.0550,-7.6950,-3.2989,17.226
0.973313,-18.2103,-7.6968,-3.1678,20.022
0.978936,-20.8231,-8.1604,-2.6515,22.522
0.989354,-22.5212,-8.5713,-1.9000,24.172
0.989878,-23.5372,-9.1084,-1.2505,25.269
0.992965,-24.2405,-9.9966,-0.1557,26.221
0.997945,-24.0689,-11.3440,0.9707,26.626
1.003239,-22.9549,-12.9542,1.3700,26.394
1.014021,-21.7101,-14.5244,1.0298,26.141
1.014502,-20.6357,-15.8748,0.0018,26.035
1.017946,-19.2750,-17.0749,-1.4873,25.793
1.022923,-17.7037,-18.1982,-3.4497,25.622
1.028087,-16.2526,-19.0176,-5.5786,25.631
1.037113,-15.0470,-19.3988,-7.6446,25.713
1.039041,-13.8686,-19.4481,-9.4803,25.699
1.044121,-12.7225,-19.2115,-11.1489,25.598
1.047939,-11.4934,-18.7690,-12.7535,25.437
1.053048,-9.5160,-18.3082,-14.1566,25.023
1.058032,-6.8250,-17.5787,-15.2309,24.240
1.063160,-2.9774,-16.4574,-16.1766,23.268
1.067723,1.3561,-14.4802,-17.1350,22.475
1.072646,6.4069,-11.7423,-18.1705,22.563
1.078157,12.4284,-8.5700,-19.3661,24.555
1.082866,18.8395,-5.2927,-20.3432,28.227
1.088065,24.7118,-2.0268,-20.6996,32.299
1.092940,29.8926,1.1719,-20.4997,36.265
1.097769,33.9923,3.9072,-19.6128,39.439
1.102684,36.4490,5.6758,-17.6042,40.874
1.112065,36.6207,6.5331,-14.3755,39.880
1.113976,34.8724,6.9362,-10.4702,37.065
1.122247,31.9625,7.1463,-6.7396,33.438
1.123071,28.3882,7.1511,-3.4393,29.476
1.127514,24.6994,6.9895,-0.8283,25.683
1.132357,21.2913,6.5743,0.9451,22.303
1.137525,18.2799,6.0395,1.7812,19.334
1.144609,15.5459,5.5037,2.0541,16.619
1.147516,12.5199,5.3188,2.1150,13.766
1.152993,9.9595,5.0079,2.1853,11.360
1.157393,8.0146,4.4905,2.1798,9.442
1.162260,6.5195,3.9208,2.1525,7.906
1.167411,5.2349,3.2167,1.9110,6.435
1.172412,4.1635,2.3789,1.4175,5.000
1.177316,3.1271,1.4984,0.7384,3.545
1.183595,2.0856,0.6381,-0.0559,2.182
1.187597,1.1993,-0.2539,-0.8952,1.518
1.192279,0.3786,-1.2102,-1.6660,2.094
1.197753,-0.2529,-2.1588,-2.3379,3.192
1.202581,-0.9280,-3.0895,-2.7680,4.251
1.207316,-1.5679,-3.8634,-2.9616,5.114
1.212238,-2.1899,-4.5667,-3.0184,5.896
1.219691,-2.7584,-5.1044,-3.0141,6.538
1.222061,-3.3489,-5.4966,-2.8804,7.052
1.227299,-3.9239,-5.6583,-2.6269,7.370
1.231961,-4.3287,-5.7205,-2.3526,7.550
1.237215,-4.6611,-5.6847,-2.1333,7.655
1.242619,-4.9519,-5.5527,-1.9928,7.702
1.247070,-5.1452,-5.3692,-1.8596,7.665
1.252534,-5.1942,-5.1836,-1.6526,7.522
1.257079,-5.0308,-4.9873,-1.5120,7.243
1.262275,-4.8372,-4.7193,-1.4816,6.919
1.269118,-4.6081,-4.4618,-1.4808,6.583
1.272078,-4.4337,-4.2298,-1.3673,6.278
1.277155,-4.1887,-3.9950,-1.2237,5.916
1.281905,-3.9110,-3.7529,-1.1225,5.535
1.287107,-3.5796,-3.5468,-1.0645,5.150
1.291976,-3.2319,-3.3862,-0.9645,4.779
1.296961,-2.8955,-3.2472,-0.9712,4.458
1.302469,-2.5256,-3.0481,-0.9849,4.079
1.306889,-2.1021,-2.9323,-1.0781,3.766
1.311913,-1.6812,-2.8038,-1.2946,3.516
1.320036,-1.3288,-2.7244,-1.4483,3.359
1.321776,-1.1206,-2.6031,-1.5208,3.216
1.332086,-0.9599,-2.3726,-1.5704,3.003
1.332547,-0.6975,-2.1381,-1.5688,2.742
1.336748,-0.3807,-1.9999,-1.5397,2.553
1.341617,-0.1136,-1.8572,-1.4787,2.377
1.346655,-0.0298,-1.7385,-1.3998,2.232
1.351658,-0.0526,-1.5723,-1.2218,1.992
1.356993,-0.1056,-1.4303,-1.1026,1.809
1.362225,-0.2800,-1.3270,-0.8935,1.624
1.366479,-0.4466,-1.2865,-0.7092,1.535
1.371569,-0.5386,-1.2275,-0.5926,1.466
1.376460,-0.5846,-1.1163,-0.4474,1.337
1.381577,-0.5078,-1.0393,-0.2065,1.175
1.387338,-0.4467,-0.9868,-0.0178,1.083
1.392577,-0.3676,-0.9157,0.2052,1.008
1.396783,-0.1213,-0.7923,0.3717,0.883
1.401637,0.0486,-0.6834,0.3099,0.752
1.406840,0.0708,-0.6226,0.1634,0.648
1.411674,0.0317,-0.5903,0.0419,0.593
1.420808,0.0126,-0.5340,-0.0695,0.539
1.421927,0.0761,-0.5299,-0.1615,0.559
1.429313,0.1216,-0.4680,-0.3589,0.602
1.431421,0.1160,-0.4726,-0.6044,0.776
1.436240,0.0976,-0.5101,-0.8072,0.960
1.441361,0.0425,-0.5850,-0.9871,1.148
1.446354,-0.0302,-0.6543,-1.0725,1.257
1.451277,-0.1688,-0.6846,-1.1832,1.377
1.456134,-0.4167,-0.7431,-1.3478,1.594
1.461182,-0.6120,-0.8204,-1.5523,1.859
1.466806,-0.7888,-1.0219,-1.7060,2.139
1.471634,-1.0579,-1.2424,-1.8425,2.461
1.476506,-1.4776,-1.4727,-1.9477,2.854
1.481595,-2.0493,-1.7276,-1.9876,3.337
1.486851,-2.9090,-2.0367,-1.9521,4.052
1.491889,-4.1460,-2.3918,-1.7543,5.098
1.496086,-5.8165,-2.8899,-1.5089,6.668
1.501507,-7.7048,-3.4655,-1.0672,8.515
1.506011,-9.9417,-3.9675,-0.2802,10.708
1.511207,-12.3281,-4.4411,0.4614,13.112
1.516212,-14.7285,-5.1615,0.8269,15.629
1.521133,-17.4479,-6.5747,1.0414,18.675
1.527436,-19.9953,-8.3971,1.1966,21.720
1.532342,-20.7354,-10.3236,1.2170,23.195
1.546589,-22.5379,-11.8287,1.6950,25.510
1.548264,-24.1526,-13.7499,2.8567,27.939
1.548636,-23.6965,-16.5464,2.9472,29.052
1.550690,-22.0774,-19.4739,2.6041,29.554
1.555735,-19.7967,-21.9799,1.7568,29.633
1.560857,-17.7089,-23.7999,-0.2571,29.667
1.565773,-16.1092,-24.9112,-3.4007,29.860
1.570927,-14.4232,-25.3799,-7.3927,30.113
1.575801,-12.4445,-25.1962,-12.1821,30.629
1.580732,-9.3340,-24.3853,-16.9614,31.136
1.585843,-5.1311,-22.9199,-20.7231,31.322
1.590658,0.0568,-20.6376,-22.8753,30.809
1.595667,6.1603,-17.7857,-23.5304,30.132
1.606124,12.7425,-14.0842,-23.2498,30.021
1.606702,19.0903,-9.5290,-22.9534,31.339
1.612055,24.9504,-4.8919,-23.1602,34.393
1.615603,30.1288,-0.3161,-24.3753,38.756
1.620948,33.8240,3.5065,-25.1798,42.313
1.631114,36.6477,5.4437,-24.8721,44.624
1.632063,38.0350,5.5684,-23.3967,45.001
1.637994,36.9692,5.1169,-20.7840,42.719
1.640509,33.6629,4.9172,-17.3320,38.181
1.645557,29.6119,4.9317,-13.4875,32.911
1.651396,26.0506,4.8011,-9.5665,28.164
1.655533,22.5504,4.5951,-6.5289,23.922
1.663152,18.8607,4.3701,-4.6229,19.905
1.665440,15.1600,3.8171,-3.5282,16.026
1.670517,11.9374,3.2418,-3.1052,12.754
1.675481,9.2224,2.9769,-2.9054,10.117
1.680249,6.8627,2.8753,-2.3606,7.806
1.685484,5.0653,2.5696,-1.4618,5.865
1.690383,3.8045,1.9875,-0.6242,4.338
1.695543,2.6559,1.3111,0.3569,2.983
1.700308,1.4398,0.7266,1.3217,2.085
1.705506,0.2104,0.2139,2.1960,2.216
1.710289,-0.9493,-0.2900,2.9097,3.074
1.715517,-1.9861,-0.7143,3.2574,3.881
1.720778,-2.8302,-1.1275,3.1795,4.403
1.726436,-3.5810,-1.6497,2.7653,4.816
1.730310,-4.1738,-2.0856,2.1363,5.132
1.735341,-4.5767,-2.4266,1.4908,5.390
1.740232,-4.7813,-2.7406,0.8937,5.583
1.745561,-5.0669,-2.9853,0.1755,5.884
1.751840,-5.2609,-3.2380,-0.5515,6.202
1.755517,-5.2543,-3.5281,-1.0587,6.417
1.760073,-5.1527,-3.7655,-1.3848,6.530
1.765566,-5.1286,-3.9128,-1.5637,6.638
1.770709,-5.1155,-3.9039,-1.6381,6.640
1.778688,-5.0183,-3.8452,-1.5936,6.520
1.779979,-4.8703,-3.8233,-1.6077,6.397
1.786877,-4.7102,-3.6764,-1.6325,6.194
1.789839,-4.5097,-3.5677,-1.6873,5.993
1.795105,-4.3118,-3.5359,-1.7636,5.848
1.800130,-4.2075,-3.3897,-1.8765,5.720
1.805162,-4.1632,-3.2345,-1.9939,5.636
1.810251,-4.0155,-3.0179,-2.1987,5.483
1.814945,-3.7689,-2.7827,-2.3582,5.245
1.820088,-3.4751,-2.6102,-2.5505,5.039
1.825234,-3.1328,-2.5528,-2.7720,4.900
1.830223,-2.7693,-2.5000,-2.8849,4.716
1.835362,-2.4077,-2.4182,-2.8800,4.465
1.839788,-2.1480,-2.3362,-2.7006,4.167
1.845060,-1.8309,-2.2013,-2.3846,3.726
1.850777,-1.5036,-2.0712,-2.0173,3.259
1.855318,-1.2228,-1.9318,-1.5693,2.773
1.859656,-1.0263,-1.7354,-1.1405,2.316
1.864903,-0.8514,-1.5587,-0.6822,1.903
1.870112,-0.6786,-1.3587,-0.3092,1.550
1.875034,-0.5169,-1.1834,-0.0308,1.292
1.880174,-0.3657,-1.0373,0.1578,1.111
1.884767,-0.2821,-0.9206,0.2519,0.995
1.889432,-0.1941,-0.8186,0.3087,0.896
1.894945,-0.0536,-0.7505,0.3714,0.839
1.900940,0.0006,-0.6252,0.4252,0.756
1.904913,0.0360,-0.5193,0.4269,0.673
1.909779,0.1007,-0.4280,0.3764,0.579
1.914829,0.1660,-0.3799,0.3597,0.549
1.919681,0.2704,-0.2886,0.3237,0.511
1.928873,0.2942,-0.2691,0.2542,0.473
1.929707,0.2951,-0.2351,0.2419,0.448
1.934503,0.2538,-0.1867,0.3781,0.492
1.939335,0.2563,-0.1863,0.5530,0.637
1.944517,0.2931,-0.1766,0.6998,0.779
1.950101,0.3401,-0.1288,0.7186,0.805
1.954214,0.3113,-0.0814,0.6857,0.757
1.959344,0.3408,-0.0533,0.6105,0.701
1.964328,0.3713,-0.0445,0.5934,0.701
1.969908,0.3883,-0.0309,0.5431,0.668
1.974946,0.2863,0.0448,0.5172,0.593
1.979407,0.1704,0.0918,0.4914,0.528
1.984646,0.0162,0.1003,0.4323,0.444
1.989363,-0.0138,0.1185,0.4164,0.433
1.994385,-0.0202,0.0839,0.3526,0.363
1.999179,0.0210,0.0686,0.3462,0.354
2.004862,-0.0006,0.0629,0.2631,0.271
2.011661,-0.0035,0.0907,0.1848,0.206
2.014186,-0.0215,0.0707,0.1588,0.175
2.019920,0.0125,0.0556,0.1805,0.189
2.023983,0.0167,0.0499,0.2502,0.256
2.028994,0.0630,0.0632,0.3539,0.365
2.034059,0.0649,0.0377,0.5112,0.517
2.039174,0.0365,0.0020,0.5981,0.599
2.044111,0.0543,-0.0918,0.6966,0.705
2.048983,0.0268,-0.1434,0.8261,0.839
2.054002,0.0500,-0.1768,0.8719,0.891
2.059062,0.0520,-0.2208,0.9302,0.957
2.064171,0.0807,-0.2708,0.9389,0.981
2.068892,0.0884,-0.2835,0.9796,1.024
2.073947,0.1039,-0.2926,0.9083,0.960
2.079186,0.0654,-0.2546,0.7535,0.798
2.084259,0.1167,-0.2460,0.5384,0.603
2.088796,0.1957,-0.2521,0.3104,0.445
2.093912,0.4140,-0.2872,0.1699,0.532
2.099683,1.0896,-0.4280,0.4964,1.272
2.104451,1.4762,-0.2777,1.1370,1.884
2.108827,1.0164,0.1735,1.0658,1.483
2.113848,0.8400,0.3133,0.5924,1.075
2.118652,1.2643,0.1949,0.3059,1.315
2.124813,1.3466,0.2111,0.0046,1.363
2.128909,1.1630,0.3526,-0.4712,1.303
2.136265,1.0963,0.4953,-0.8547,1.476
2.138937,1.1321,0.5436,-1.0940,1.666
2.147261,0.9539,0.5742,-1.2705,1.689
2.148420,0.7676,0.5198,-1.3552,1.642
2.153774,0.5628,0.4954,-1.2954,1.497
2.158587,0.3774,0.4529,-1.2101,1.346
2.163668,0.2010,0.3536,-1.0508,1.127
2.168502,0.0095,0.2453,-0.8933,0.926
2.173661,-0.1303,0.0415,-0.7796,0.791
2.178444,-0.2811,-0.0425,-0.6562,0.715
2.183527,-0.3570,-0.0790,-0.4749,0.599
2.188700,-0.4109,-0.1494,-0.3114,0.537
2.193478,-0.3422,-0.1679,-0.0502,0.384
2.198487,-0.2751,-0.1491,0.2618,0.408
2.203441,-0.1616,-0.2080,0.6105,0.665
2.209973,-0.0208,-0.1963,0.8093,0.833
2.213443,0.0758,-0.1808,0.8772,0.899
2.218382,0.1523,-0.1662,0.8714,0.900
2.223315,0.2428,-0.0756,0.7864,0.827
2.229134,0.3476,0.0145,0.6070,0.700
2.234667,0.4336,0.0949,0.4284,0.617
2.238251,0.4576,0.1467,0.2255,0.531
2.243367,0.4292,0.2036,-0.0117,0.475
2.248238,0.3964,0.2034,-0.1399,0.467
2.254367,0.3401,0.2228,-0.2552,0.480
2.262282,0.3178,0.2283,-0.2520,0.465
2.263400,0.2528,0.2389,-0.1827,0.393
2.267958,0.2262,0.1920,-0.0227,0.298
2.273142,0.1132,0.0926,0.0656,0.160
2.278072,-0.0144,0.0409,0.1399,0.146
2.283427,-0.0707,-0.0587,0.1382,0.166
2.288020,-0.1899,-0.0867,0.1329,0.247
2.293412,-0.3003,-0.1771,0.1143,0.367
2.298297,-0.3495,-0.2152,0.1113,0.425
2.303120,-0.3805,-0.2488,0.1000,0.465
2.308376,-0.3456,-0.2443,0.1045,0.436
2.313121,-0.2397,-0.2498,0.1150,0.365
2.317954,-0.0576,-0.2219,0.0642,0.238
2.323867,0.0766,-0.1654,0.0427,0.187
2.328576,0.2542,-0.1424,-0.0073,0.291
2.333409,0.4088,-0.1671,-0.1440,0.465
2.338840,0.4257,-0.0813,-0.2144,0.484
2.343041,0.4103,-0.0670,-0.2621,0.492
2.348269,0.4633,-0.0904,-0.4172,0.630
2.354266,0.3064,-0.0413,-0.5601,0.640
2.363223,0.3757,-0.0777,-0.6864,0.786
2.364046,0.2351,-0.0609,-0.7096,0.750
2.370603,0.3684,-0.1392,-0.7591,0.855
2.372726,0.2680,-0.1115,-0.7534,0.807
2.377742,0.0915,-0.0500,-0.6106,0.619
2.383349,0.0349,-0.1558,-0.4256,0.455
2.387828,-0.2233,-0.1611,-0.1691,0.323
2.392708,-0.1754,-0.3387,0.0828,0.390
2.397988,0.2270,-0.4778,-0.0630,0.533
2.403098,0.0407,-0.2722,-0.1318,0.305
2.408671,0.0318,-0.1723,0.0301,0.178
2.412778,0.1138,-0.1924,0.0684,0.234
2.417979,-0.2595,-0.1697,0.2463,0.396
2.422866,0.1285,-0.3241,0.2186,0.411
2.427708,0.1957,-0.2485,-0.1254,0.340
2.434990,0.1005,-0.0342,-0.2157,0.240
2.437720,0.2021,0.0076,-0.1766,0.268
2.443729,0.0355,0.0112,-0.0709,0.080
2.447620,0.5015,-0.1763,-0.2059,0.570
2.453252,0.3600,-0.0474,-0.3852,0.529
2.458153,0.3823,0.0336,-0.3977,0.553
2.462598,0.4389,-0.0143,-0.4545,0.632
2.467823,0.3524,-0.0619,-0.3689,0.514
2.472797,0.2950,-0.1044,-0.2603,0.407
2.477306,0.2571,-0.1181,-0.1667,0.328
2.482363,0.2145,-0.1126,-0.0636,0.250
2.488443,0.1767,-0.1072,-0.0129,0.207
2.497553,0.1773,-0.1832,0.0859,0.269
2.497977,0.1297,-0.1828,0.1615,0.276
2.502875,0.0436,-0.1251,0.2377,0.272
2.507500,-0.0191,-0.1108,0.3243,0.343
2.512816,-0.0681,-0.0727,0.3159,0.331
2.517364,-0.1083,-0.0254,0.2557,0.279
2.522284,-0.1539,-0.0308,0.2488,0.294
2.528058,-0.1859,-0.0557,0.2332,0.303
2.532213,-0.5350,-0.0233,0.3477,0.639
2.537171,0.1211,-0.1536,0.1128,0.226
2.542005,-0.0514,0.0417,-0.0884,0.110
2.547062,-0.0274,0.1361,-0.1073,0.175
2.552714,0.1067,0.1014,-0.2368,0.279
2.557139,0.1680,0.1377,-0.4499,0.500
2.563337,0.0962,0.1121,-0.4195,0.445
2.566973,0.1013,0.1058,-0.3135,0.346
2.572186,0.0634,0.0569,-0.2611,0.275
2.576825,0.2400,-0.0438,-0.2999,0.387
2.582792,0.1544,0.0655,-0.2960,0.340
2.587152,0.1648,0.0551,-0.2020,0.267
2.592985,0.1277,0.0259,-0.2181,0.254
2.597147,0.0621,-0.0032,-0.1103,0.127
2.602429,-0.0321,-0.0131,-0.0126,0.037
2.606942,-0.3262,0.0054,0.1565,0.362
2.612107,0.0326,-0.1522,0.1725,0.232
2.620869,0.0701,-0.0708,-0.0160,0.101
2.622409,-0.1356,0.0525,0.0258,0.148
2.626487,0.0022,0.0178,0.1012,0.103
2.631699,0.0675,0.0403,0.0195,0.081
2.636692,-0.0201,0.0912,-0.0661,0.114
2.641713,-0.0504,0.1178,-0.0414,0.135
2.647017,0.0048,0.0681,-0.0403,0.079
2.651916,0.0212,0.0188,-0.1010,0.105
2.656593,-0.0149,0.0793,-0.2569,0.269
2.662514,-0.0313,0.1068,-1.4980,1.502
2.666666,0.0719,0.1067,-2.3397,2.343
2.672095,0.1745,0.1739,-1.1348,1.161
2.676443,0.2143,0.2310,0.0787,0.325
2.682267,0.2301,0.2638,0.4896,0.602
2.686568,0.3844,0.1583,0.4940,0.646
2.691551,0.4960,0.0250,0.5089,0.711
2.696460,0.4131,0.0065,0.5346,0.676
2.701488,0.2843,0.1256,0.5664,0.646
2.706415,0.1761,0.1579,0.5472,0.596
2.711589,0.1308,0.1421,0.4963,0.533
2.719490,0.0812,0.1214,0.4182,0.443
2.721408,0.0511,0.0772,0.2745,0.290
2.726222,-0.0120,0.0950,0.0844,0.128
2.731322,0.0014,0.1605,-0.1764,0.238
2.736700,0.0575,0.1972,-0.3129,0.374
