0.001395,-0.0931,0.1583,-0.9297,0.948
0.001651,0.0304,0.1115,-0.8991,0.906
0.005069,0.4922,0.0465,-0.9098,1.035
0.010061,0.4478,0.1442,-0.7704,0.903
0.015533,0.4857,0.2750,-0.4666,0.727
0.020099,0.6151,0.2813,-0.1990,0.705
0.029053,0.6832,0.2067,-0.0906,0.720
0.029908,0.7242,0.1565,-0.0792,0.745
0.034991,0.7142,0.1306,0.0176,0.726
0.040058,0.6388,0.1143,0.1041,0.657
0.044928,0.5459,0.1219,0.1951,0.592
0.050102,0.5210,0.1152,0.2141,0.575
0.054790,0.4443,0.1323,0.2193,0.513
0.060004,0.3881,0.1303,0.1862,0.450
0.064846,0.2707,0.1140,0.1011,0.311
0.069876,0.1588,0.1216,0.1168,0.232
0.075389,0.0092,0.1053,0.1232,0.162
0.079952,-0.0494,0.1174,0.1583,0.203
0.084765,-0.0754,0.1101,0.1942,0.236
0.089865,-0.0967,0.0792,0.1969,0.233
0.094759,-0.1230,0.0721,0.2289,0.270
0.100779,-0.1737,0.0553,0.2475,0.307
0.104755,-0.2007,0.0337,0.2529,0.325
0.109742,-0.2807,0.0072,0.2928,0.406
0.114724,-0.3233,-0.0098,0.3194,0.455
0.120431,-0.3474,0.0064,0.3135,0.468
0.129327,-0.3246,-0.0015,0.2799,0.429
0.129618,-0.3267,-0.0236,0.2139,0.391
0.135179,-0.2961,-0.0361,0.1344,0.327
0.139651,-0.2759,-0.0533,0.1318,0.310
0.144540,-0.2419,-0.0324,0.0960,0.262
0.149815,-0.2083,-0.0020,0.0885,0.226
0.154764,-0.1608,-0.0145,0.0857,0.183
0.159685,-0.1231,0.0158,0.1114,0.167
0.164484,-0.0473,0.0031,0.1036,0.114
0.169629,-0.0383,-0.0190,0.1389,0.145
0.176306,-0.0813,0.0017,0.1599,0.179
0.179719,-0.0950,0.0270,0.1856,0.210
0.184587,-0.0989,0.0426,0.1399,0.177
0.189530,-0.1358,0.0627,0.1280,0.197
0.195134,-0.1960,0.0495,0.0589,0.211
0.200742,-0.1748,0.0223,0.0234,0.178
0.204647,-0.1872,0.0666,-0.0072,0.199
0.209617,-0.2041,0.0583,0.0190,0.213
0.214555,-0.2160,0.0502,0.0402,0.225
0.219620,-0.1898,0.0611,0.0564,0.207
0.224335,-0.1495,0.0387,0.0868,0.177
0.229390,-0.1187,-0.0168,0.0650,0.136
0.234344,-0.1167,-0.0435,0.0485,0.134
0.239490,-0.1192,-0.0319,0.0656,0.140
0.244362,-0.1027,-0.0634,0.0306,0.124
0.249243,-0.1479,-0.1041,-0.0227,0.182
0.254777,-0.1453,-0.1113,-0.0374,0.187
0.259380,-0.1093,-0.1232,-0.0849,0.185
0.264348,-0.1260,-0.1589,-0.1462,0.250
0.269230,-0.1330,-0.1751,-0.2072,0.302
0.274244,-0.1301,-0.1864,-0.2776,0.359
0.279486,-0.0699,-0.1926,-0.3288,0.387
0.284273,-0.0479,-0.1891,-0.4471,0.488
0.289238,-0.0778,-0.2233,-0.4845,0.539
0.294074,-0.0502,-0.2000,-0.4796,0.522
0.299235,-0.0891,-0.1624,-0.4520,0.488
0.304275,-0.1037,-0.1344,-0.4444,0.476
0.309264,-0.0994,-0.1301,-0.3851,0.418
0.314693,-0.0902,-0.1258,-0.3600,0.392
0.319049,-0.0954,-0.0977,-0.3067,0.336
0.324053,-0.1199,-0.1270,-0.2345,0.292
0.329767,-0.1064,-0.0800,-0.2246,0.261
0.333962,-0.1312,-0.0619,-0.2050,0.251
0.338871,-0.1467,-0.0630,-0.1950,0.252
0.344993,-0.1957,-0.0452,-0.1943,0.279
0.349038,-0.2068,-0.0276,-0.1981,0.288
0.353905,-0.2563,-0.0149,-0.1729,0.310
0.358966,-0.2583,-0.0452,-0.1527,0.303
0.363920,-0.2704,-0.0182,-0.1229,0.298
0.368882,-0.2736,-0.0344,-0.0931,0.291
0.374379,-0.2298,-0.0218,-0.0541,0.237
0.378897,-0.1391,-0.0236,-0.0630,0.154
0.383903,-0.0634,-0.0254,-0.0717,0.099
0.388789,-0.0167,-0.0224,-0.0283,0.040
0.393701,0.0343,-0.0336,0.0623,0.079
0.399220,0.0473,0.0075,0.1144,0.124
0.404191,0.0838,0.0291,0.1997,0.219
0.409765,0.0631,0.0029,0.2561,0.264
0.414331,0.0519,-0.0137,0.2794,0.285
0.418746,0.0217,-0.0587,0.3124,0.319
0.423672,-0.0802,-0.1084,0.3361,0.362
0.428669,-0.1250,-0.0675,0.3746,0.401
0.435846,-0.1466,-0.0700,0.4134,0.444
0.438851,-0.1927,-0.1012,0.4480,0.498
0.443488,-0.2634,-0.1183,0.4881,0.567
0.448643,-0.3109,-0.1403,0.5669,0.662
0.453687,-0.3451,-0.1626,0.6036,0.714
0.458683,-0.3712,-0.1471,0.5938,0.716
0.463624,-0.4082,-0.1798,0.6141,0.759
0.468507,-0.3610,-0.2269,0.6307,0.761
0.473443,-0.3491,-0.1838,0.6296,0.743
0.478577,-0.4153,-0.1747,0.6489,0.790
0.483991,-0.4264,-0.1758,0.6647,0.809
0.488649,-0.4447,-0.1060,0.7104,0.845
0.493768,-0.4988,-0.1276,0.7523,0.912
0.498502,-0.5798,-0.0402,0.8953,1.067
0.503809,-0.7208,0.0460,1.0528,1.277
0.508752,-0.9235,0.1355,1.2827,1.586
0.513537,-1.0834,0.2283,1.5846,1.933
0.518308,-1.1301,0.2812,1.8829,2.214
0.523844,-1.2267,0.2422,2.2502,2.574
0.528355,-1.2495,0.2304,2.6350,2.925
0.539873,-1.2843,0.1609,2.9991,3.266
0.540799,-1.2565,0.0992,3.2906,3.524
0.543165,-1.1884,0.0262,3.5005,3.697
0.548318,-1.0266,-0.0817,3.6730,3.815
0.553939,-0.8087,-0.1670,3.7471,3.837
0.559351,-0.6054,-0.2007,3.7423,3.796
0.563051,-0.4512,-0.1345,3.6467,3.677
0.568671,-0.2390,-0.1790,3.4259,3.439
0.572962,-0.0235,-0.1848,3.2829,3.288
0.578019,0.0906,-0.0991,3.1257,3.129
0.583130,0.2620,-0.0552,2.8673,2.880
0.588033,0.6107,0.0190,2.6738,2.743
0.592949,1.0444,0.0333,2.5070,2.716
0.597924,1.5367,0.1403,2.3002,2.770
0.603190,2.1060,0.2729,1.9530,2.885
0.609163,2.7537,0.4216,1.5018,3.165
0.613042,3.4190,0.5621,1.0594,3.623
0.617861,4.0699,0.6798,0.6475,4.177
0.622798,4.6323,0.8219,0.3136,4.715
0.627946,5.1056,1.0736,-0.0719,5.218
0.632911,5.5540,1.3577,-0.5191,5.741
0.638120,6.0451,1.6210,-1.1212,6.358
0.646891,6.3447,1.7818,-1.9232,6.865
0.647989,6.4293,1.8736,-2.7314,7.232
0.652733,6.3982,1.9682,-3.3723,7.496
0.657836,6.2673,2.0316,-3.7442,7.578
0.662805,6.0927,2.0020,-3.8582,7.484
0.667862,5.8979,1.9753,-3.8859,7.334
0.672875,5.6254,1.8183,-3.8543,7.057
0.678092,5.3182,1.5890,-3.7619,6.705
0.683659,5.0119,1.2885,-3.5431,6.272
0.687704,4.6634,0.9027,-3.2259,5.742
0.692573,4.2459,0.5616,-2.8689,5.155
0.697627,3.8068,0.2134,-2.5744,4.601
0.702874,3.2258,-0.1606,-2.4164,4.034
0.707605,2.6073,-0.5693,-2.2590,3.496
0.712636,2.0657,-0.9927,-2.0753,3.092
0.717513,1.6306,-1.3307,-2.0578,2.943
0.722572,1.1627,-1.6546,-2.0459,2.877
0.727510,0.7131,-1.9500,-2.0484,2.917
0.732461,0.4145,-2.2742,-2.2128,3.200
0.737544,0.0740,-2.6034,-2.3856,3.532
0.745353,-0.4801,-2.8613,-2.6715,3.944
0.747478,-1.0516,-3.0529,-3.0481,4.440
0.752342,-1.5969,-3.2598,-3.3718,4.954
0.757590,-2.0984,-3.4204,-3.6477,5.423
0.762596,-2.5717,-3.5925,-3.9243,5.909
0.767457,-3.0177,-3.7717,-4.0638,6.312
0.772403,-3.5261,-3.8158,-4.3393,6.769
0.777389,-4.0351,-3.9156,-4.7136,7.337
0.782433,-4.4139,-4.0625,-5.0443,7.838
0.787311,-4.7686,-4.1946,-5.3803,8.324
0.792518,-5.2429,-4.3028,-5.6513,8.828
0.797304,-5.6224,-4.4499,-5.7912,9.217
0.802236,-6.0104,-4.6034,-5.7862,9.529
0.807270,-6.5735,-4.6824,-5.6518,9.853
0.812206,-7.4347,-4.7079,-5.4158,10.333
0.817113,-8.3487,-4.8151,-5.2073,10.955
0.822090,-9.4335,-5.0006,-4.9404,11.765
0.827080,-10.4625,-5.3176,-4.5533,12.589
0.832052,-11.3759,-5.6855,-4.0533,13.348
0.837264,-12.4613,-6.0719,-3.0758,14.199
0.844498,-13.4625,-6.4821,-1.7793,15.047
0.847176,-14.4162,-6.9205,-0.8051,16.011
0.852088,-15.0279,-7.5724,-0.3906,16.832
0.857062,-15.3325,-8.5260,-0.4904,17.550
0.862169,-15.5163,-9.5567,-0.8451,18.243
0.867106,-15.5060,-10.7484,-1.4904,18.926
0.872120,-15.1448,-12.0134,-2.0621,19.441
0.876907,-14.4560,-13.1167,-2.7179,19.708
0.882034,-13.6524,-14.0384,-3.6936,19.928
0.892436,-12.7493,-14.7971,-5.0868,20.184
0.898357,-11.3782,-15.4362,-6.4838,20.243
0.898947,-9.6620,-15.7891,-7.8706,20.115
0.901835,-7.6864,-15.6439,-9.2070,19.712
0.906825,-5.1038,-15.0253,-10.5021,19.029
0.911973,-1.6248,-13.8417,-11.8201,18.274
0.917918,2.4875,-12.2513,-13.1376,18.135
0.922048,7.1052,-10.1957,-14.3026,18.947
0.926856,12.1504,-7.9583,-14.9783,20.864
0.931702,17.5461,-4.9719,-15.5418,23.961
0.936748,23.2977,-1.3732,-15.8255,28.198
0.946849,27.7769,1.2051,-16.5529,32.357
0.947622,31.4074,3.7215,-17.2965,36.048
0.952180,33.9622,5.8813,-16.8156,38.351
0.956896,34.7303,7.1330,-15.0693,38.525
0.961958,33.8222,7.8367,-12.3278,36.842
0.966588,31.9333,8.0016,-9.0090,34.131
0.971646,29.5129,7.6096,-5.8241,31.030
0.977880,26.4753,6.9510,-3.0955,27.547
0.982021,23.0099,6.2933,-1.0047,23.876
0.986584,19.7176,5.7171,0.2111,20.531
0.993243,16.8767,5.0073,0.5880,17.614
0.996494,14.4791,4.2768,0.6423,15.111
1.001339,12.6556,3.5993,0.7921,13.181
1.006528,11.1319,2.7784,1.1111,11.527
1.011377,9.6885,1.7917,1.3953,9.951
1.017252,8.0910,1.0211,1.6095,8.312
1.021534,6.4570,0.2764,1.4352,6.620
1.026709,4.6255,-0.5127,0.8453,4.730
1.031364,2.7024,-1.1201,-0.2174,2.933
1.036711,0.8652,-1.8688,-1.4274,2.506
1.041388,-0.6054,-2.9620,-2.1644,3.718
1.047470,-2.1110,-3.6277,-2.8747,5.087
1.051102,-3.7322,-4.0532,-3.6100,6.587
1.056219,-5.0952,-4.5504,-4.1490,7.993
1.061137,-6.2519,-5.1917,-4.5293,9.303
1.066968,-7.6136,-5.7581,-4.6902,10.636
1.071172,-9.1607,-6.1564,-4.5478,11.937
1.076171,-10.9339,-6.3699,-4.4630,13.418
1.081232,-13.5016,-6.3634,-4.7470,15.663
1.086260,-16.7151,-6.4128,-5.3119,18.674
1.091144,-19.6212,-6.8506,-5.6942,21.549
1.096367,-22.1330,-7.2486,-5.5239,23.936
1.103940,-24.1063,-7.5949,-4.8349,25.733
1.106140,-24.9434,-8.4546,-3.7585,26.604
1.115755,-24.8033,-9.8592,-2.5137,26.809
1.116345,-24.0428,-11.5903,-1.4647,26.731
1.121031,-22.9437,-13.1699,-0.9190,26.471
1.126592,-21.4785,-14.5734,-1.3326,25.990
1.130891,-19.6145,-15.8101,-2.6489,25.332
1.136168,-17.6037,-16.7827,-4.7964,24.790
1.140701,-15.4494,-17.3242,-7.3505,24.348
1.145911,-13.1181,-17.3842,-9.8699,23.910
1.153113,-10.6442,-17.1726,-12.0577,23.528
1.156386,-7.9949,-16.6785,-13.8532,23.108
1.160718,-5.3387,-15.7291,-15.0393,22.407
1.165753,-2.4913,-14.5992,-15.6344,21.535
1.170903,0.3790,-13.1365,-15.6395,20.428
1.178502,3.2273,-11.3334,-15.1791,19.216
1.180857,6.0694,-9.2588,-14.4867,18.233
1.185736,9.2385,-7.0097,-13.6188,17.887
1.190705,12.8969,-4.7261,-12.9080,18.849
1.195735,16.8089,-2.3285,-12.3129,20.966
1.203976,20.6244,-0.1543,-11.6641,23.695
1.206050,24.0618,1.7712,-10.8483,26.454
1.212512,26.7263,3.3253,-9.7015,28.626
1.216992,28.3885,4.5368,-8.0373,29.851
1.221141,29.0629,5.3187,-5.6430,30.080
1.226112,28.8016,5.8433,-3.1015,29.552
1.230652,27.8337,6.2026,-0.7207,28.526
1.235646,26.2686,6.3688,1.3264,27.062
1.241116,24.1963,6.3376,2.8386,25.173
1.245945,21.8344,6.1731,3.7898,23.005
1.256253,19.3097,6.0137,4.3001,20.677
1.256699,16.7508,5.8931,4.5602,18.333
1.263631,14.2718,5.7754,4.4214,16.018
1.265729,12.0002,5.4613,3.8862,13.745
1.270295,9.9827,4.9762,3.0180,11.555
1.275795,8.1571,4.6057,2.1363,9.608
1.280568,6.5225,4.1548,1.2439,7.833
1.285526,5.3000,3.5119,0.3915,6.370
1.290353,4.2830,2.6591,-0.3439,5.053
1.296035,3.3030,1.7793,-0.9715,3.876
1.300415,2.3922,0.9839,-1.5431,3.012
1.305385,1.6404,0.1365,-2.0462,2.626
1.310228,0.9769,-0.7507,-2.5295,2.814
1.315262,0.3759,-1.5268,-2.8899,3.290
1.320214,-0.3233,-2.3012,-3.1996,3.954
1.327787,-0.9612,-2.9729,-3.5976,4.765
1.330312,-1.4262,-3.6136,-4.0225,5.592
1.336980,-1.9320,-4.1604,-4.2198,6.233
1.340046,-2.4623,-4.5630,-4.0548,6.582
1.345273,-2.8804,-4.7974,-3.7973,6.762
1.349976,-3.3127,-4.8122,-3.5656,6.844
1.355093,-3.6024,-4.7667,-3.2054,6.780
1.359967,-3.6643,-4.7434,-2.7683,6.602
1.364970,-3.6316,-4.6954,-2.3915,6.400
1.370257,-3.5116,-4.5618,-2.0576,6.114
1.375213,-3.3364,-4.4249,-1.7939,5.825
1.380017,-3.1247,-4.2519,-1.5580,5.502
1.385030,-2.8618,-4.0485,-1.4176,5.157
1.389921,-2.6237,-3.9011,-1.3209,4.883
1.395389,-2.4074,-3.7530,-1.3117,4.648
1.400394,-2.2124,-3.5802,-1.3627,4.424
1.404977,-2.0550,-3.3784,-1.5807,4.259
1.409786,-1.7817,-3.2627,-1.7709,4.118
1.414974,-1.4066,-3.1564,-1.9589,3.972
1.419865,-1.1969,-3.1602,-2.2082,4.037
1.425564,-1.1726,-3.1164,-2.4384,4.127
1.429703,-1.1249,-2.9005,-2.6164,4.065
1.434745,-0.9831,-2.6662,-2.6814,3.907
1.439993,-0.8374,-2.5140,-2.7247,3.801
1.444934,-0.7159,-2.3432,-2.7565,3.688
1.451811,-0.5698,-2.1108,-2.6957,3.471
1.455344,-0.4085,-2.0178,-2.5275,3.260
1.459573,-0.2287,-1.9102,-2.2660,2.973
1.464748,0.0178,-1.7543,-1.9151,2.597
1.469832,0.2459,-1.5931,-1.5502,2.236
1.475182,0.3754,-1.4264,-1.2370,1.925
1.479748,0.3925,-1.2826,-1.0131,1.681
1.484533,0.3491,-1.1716,-0.8926,1.514
1.489482,0.3143,-1.1355,-1.0712,1.592
1.494504,0.1194,-1.1458,-1.4389,1.843
1.500365,-0.0206,-1.1643,-1.7809,2.128
1.504513,-0.1971,-1.2340,-2.1748,2.508
1.509325,-0.5114,-1.3885,-2.6262,3.014
1.515215,-0.8505,-1.5901,-3.0448,3.539
1.519335,-1.1462,-1.7759,-3.4220,4.022
1.525109,-1.5677,-2.0473,-3.6675,4.483
1.529366,-1.9959,-2.3087,-3.8153,4.886
1.534408,-2.4842,-2.5317,-3.9709,5.324
1.539370,-2.8565,-2.7839,-4.0818,5.707
1.544623,-3.2437,-3.0755,-4.0857,6.056
1.549391,-3.6691,-3.4160,-4.0164,6.424
1.554461,-4.3214,-3.6820,-3.9260,6.903
1.559328,-5.1977,-3.8893,-3.9533,7.601
1.564361,-6.3001,-4.1396,-4.0083,8.538
1.569262,-7.4445,-4.4916,-4.2080,9.659
1.575337,-8.6102,-4.9801,-4.4966,10.916
1.579613,-10.1703,-5.5160,-4.8291,12.537
1.584330,-12.0865,-6.0344,-5.0862,14.435
1.589291,-14.0820,-6.7047,-5.1432,16.423
1.594289,-15.8617,-7.7001,-5.0089,18.330
1.599201,-17.3364,-8.7959,-4.7135,20.003
1.604167,-18.5327,-10.0333,-4.3219,21.513
1.612427,-19.2366,-11.5609,-3.7414,22.753
1.619445,-19.5571,-13.2631,-3.1656,23.841
1.626428,-19.5328,-15.0869,-2.8702,24.847
1.626967,-19.2335,-16.8440,-2.8624,25.726
1.628921,-18.7140,-18.5070,-3.2602,26.521
1.634671,-17.7498,-19.9147,-4.1315,26.995
1.638925,-16.5178,-21.0155,-5.6025,27.311
1.644104,-15.0419,-21.7870,-7.5388,27.528
1.648896,-13.0096,-22.2763,-9.6320,27.536
1.654024,-10.2750,-22.4399,-11.4608,27.212
1.660739,-6.9153,-21.9465,-12.8422,26.351
1.664006,-2.7937,-20.8081,-13.8968,25.177
1.668903,1.9275,-19.1792,-14.8306,24.321
1.673940,7.4413,-16.8388,-15.6101,24.137
1.679074,14.0347,-13.6281,-16.6801,25.708
1.687621,21.4221,-9.8041,-18.0987,29.708
1.688746,28.8481,-5.6657,-19.3336,35.187
1.694355,35.6702,-1.5057,-19.9106,40.879
1.698891,41.0658,2.2730,-19.5936,45.557
1.704073,44.2473,5.1680,-18.5073,48.240
1.708534,45.1180,7.0574,-16.7138,48.629
1.713683,43.7677,8.0039,-14.5047,46.798
1.718527,40.7324,8.2038,-12.1758,43.298
1.723622,36.8586,7.9461,-9.9199,38.988
1.728744,32.3767,7.3339,-7.8142,34.104
1.737000,27.2720,6.6016,-6.1875,28.734
1.738521,21.8545,5.9223,-5.2694,23.248
1.747154,17.2528,5.3913,-4.8363,18.711
1.748557,13.8393,4.9311,-4.4911,15.363
1.755233,11.3126,4.3719,-4.0298,12.780
1.760957,9.2531,3.6390,-3.3586,10.495
1.763617,7.4540,2.7886,-2.5104,8.345
1.768557,5.7270,1.9085,-1.6436,6.256
1.773437,3.9078,1.0978,-0.8262,4.142
1.778648,2.1165,0.3335,0.0142,2.143
1.783700,0.4493,-0.4217,0.6622,0.905
1.788485,-0.9834,-1.2059,1.0360,1.869
1.793460,-2.1648,-1.9704,1.2943,3.201
1.798532,-3.1293,-2.6031,1.2835,4.268
1.803527,-4.1567,-2.9456,1.2770,5.252
1.808902,-4.8282,-3.3581,1.0191,5.969
1.813697,-5.2992,-3.8507,0.6423,6.582
1.818238,-5.5952,-4.1949,0.3940,7.004
1.823332,-5.8544,-4.4298,0.1789,7.344
1.828277,-5.9807,-4.4905,-0.0863,7.479
1.836261,-5.9636,-4.4928,-0.3723,7.476
1.838328,-5.8744,-4.5382,-0.6413,7.451
1.845712,-5.6848,-4.6227,-1.0235,7.398
1.848254,-5.4763,-4.6274,-1.3423,7.294
1.853205,-5.3033,-4.6010,-1.5886,7.198
1.858968,-5.2194,-4.4963,-1.7976,7.120
1.863227,-5.1592,-4.4144,-1.8449,7.036
1.868017,-5.0892,-4.2411,-1.8552,6.880
1.873440,-4.9322,-4.0677,-1.7424,6.626
1.878099,-4.6876,-3.8946,-1.5687,6.293
1.883874,-4.3889,-3.7269,-1.4008,5.926
1.888024,-4.0624,-3.5790,-1.2773,5.563
1.893030,-3.7271,-3.4224,-1.1405,5.187
1.898037,-3.4536,-3.2524,-1.0959,4.869
1.902998,-3.2074,-3.1120,-1.0910,4.600
1.907956,-2.8439,-2.9772,-1.0641,4.252
1.912933,-2.5342,-2.7426,-1.0685,3.884
1.917812,-2.2727,-2.4706,-1.1576,3.551
1.922989,-2.0924,-2.2184,-1.3471,3.334
1.928217,-1.9012,-1.9524,-1.5327,3.127
1.932912,-1.6314,-1.7920,-1.6872,2.953
1.938685,-1.3399,-1.5600,-1.7442,2.697
1.949444,-1.0545,-1.3760,-1.6756,2.411
1.950092,-0.8468,-1.2159,-1.5011,2.109
1.952828,-0.6395,-1.0558,-1.2252,1.739
1.957753,-0.4373,-0.8766,-0.9821,1.387
1.962745,-0.2110,-0.6400,-0.8052,1.050
1.967764,0.1166,-0.4848,-0.6799,0.843
1.972788,0.4743,-0.4250,-0.6586,0.916
1.977796,0.6424,-0.3697,-0.6032,0.956
1.982772,0.7701,-0.3330,-0.4557,0.955
1.987717,0.8381,-0.2960,-0.3117,0.942
1.992670,0.8516,-0.2584,-0.1132,0.897
1.997562,0.8394,-0.1776,0.1408,0.869
2.002752,0.8541,-0.1396,0.4229,0.963
2.007678,0.8192,-0.1061,0.6996,1.082
2.012519,0.7298,-0.0917,0.8187,1.101
2.017440,0.6238,-0.1201,0.8862,1.090
2.022624,0.5058,-0.0815,0.8926,1.029
2.027544,0.3323,-0.0763,0.8572,0.922
2.033117,0.1696,-0.1189,0.7129,0.742
2.037707,-0.0396,-0.1277,0.5547,0.571
2.048435,-0.2146,-0.1986,0.4255,0.516
2.048806,-0.3899,-0.2021,0.3490,0.561
2.052511,-0.6136,-0.1625,0.2913,0.698
2.057446,-0.7764,-0.1755,0.2814,0.844
2.062489,-0.8500,-0.1549,0.2860,0.910
2.067364,-0.8825,-0.1630,0.3141,0.951
2.072507,-0.9270,-0.1329,0.3520,1.000
2.077307,-0.9213,-0.1220,0.4188,1.019
2.082413,-0.8701,-0.1017,0.4813,1.000
2.087526,-0.7734,-0.0817,0.6071,0.987
2.092311,-0.6979,-0.0620,0.7058,0.995
2.097389,-0.5334,-0.0618,0.7771,0.945
2.102691,-0.3704,-0.1145,0.8503,0.935
2.107523,-0.2712,-0.0720,0.8874,0.931
2.112413,-0.1347,-0.0968,0.9268,0.942
2.117242,-0.0471,-0.1221,0.9063,0.916
2.122208,-0.0131,-0.1335,0.8357,0.846
2.127052,0.0298,-0.1356,0.7862,0.798
2.132842,0.0673,-0.1859,0.7483,0.774
2.137330,0.1570,-0.1313,0.6881,0.718
2.147553,0.1794,-0.1391,0.5911,0.633
2.147923,0.2256,-0.1280,0.5048,0.568
2.152189,0.2337,-0.1410,0.4675,0.541
2.156928,0.2611,-0.1684,0.3830,0.493
2.162112,0.2694,-0.1385,0.2991,0.426
2.167028,0.2635,-0.0799,0.2203,0.353
2.172198,0.2724,-0.0405,0.1271,0.303
2.176997,0.3104,-0.0153,0.0526,0.315
2.182032,0.3584,0.0149,-0.0706,0.366
2.187027,0.3732,0.0787,-0.1423,0.407
2.192474,0.3262,0.1093,-0.1675,0.383
2.196948,0.3420,0.1020,-0.2180,0.418
2.202327,0.3916,0.0997,-0.1739,0.440
2.207098,0.3652,0.1263,-0.1114,0.402
2.211851,0.4210,0.1004,0.0080,0.433
2.217196,0.4440,0.0890,0.1030,0.464
2.221792,0.4486,0.0729,0.1501,0.479
2.226803,0.4541,0.0377,0.1640,0.484
2.231996,0.3598,-0.0071,0.1737,0.400
2.237951,0.2663,-0.0950,0.1506,0.320
2.248217,0.1443,-0.1302,0.1569,0.250
2.248715,0.0273,-0.1558,0.1445,0.214
2.251851,-0.0995,-0.1912,0.1855,0.284
2.256640,-0.2269,-0.1932,0.1842,0.350
2.261743,-0.3406,-0.1763,0.1788,0.423
2.267135,-0.4266,-0.2171,0.2318,0.532
2.271802,-0.4371,-0.2103,0.2425,0.542
2.276617,-0.4438,-0.1749,0.2537,0.540
2.281616,-0.4131,-0.1685,0.2608,0.517
2.286712,-0.4695,-0.1335,0.2731,0.559
2.292360,-0.4503,-0.1179,0.3002,0.554
2.296550,-0.4033,-0.0690,0.3180,0.518
2.301497,-0.3714,-0.0394,0.3602,0.519
2.306434,-0.3546,-0.0196,0.4078,0.541
2.311925,-0.2712,-0.0096,0.4130,0.494
2.317358,-0.2170,-0.0237,0.3948,0.451
2.321471,-0.1197,0.0196,0.3963,0.414
2.327014,-0.1181,0.0387,0.3266,0.349
2.331905,-0.0877,0.0243,0.3053,0.319
2.336706,-0.1294,0.0576,0.2555,0.292
2.345931,-0.1662,0.0191,0.1917,0.254
2.346258,-0.1457,0.0093,0.1569,0.214
2.351251,-0.0676,-0.0005,0.0553,0.087
2.356071,-0.0660,-0.0389,0.0257,0.081
2.361377,-0.0402,-0.0199,0.0248,0.051
2.366308,-0.0238,-0.0057,0.0434,0.050
2.371576,0.0743,-0.0444,0.1631,0.185
2.376197,0.2494,-0.1023,0.3506,0.442
2.381255,0.2767,-0.1317,0.4626,0.555
2.386183,0.3288,-0.1852,0.5616,0.677
2.391183,0.4152,-0.2103,0.5711,0.737
2.396155,0.4159,-0.0635,0.5246,0.672
2.401128,0.2684,0.1212,0.4362,0.526
2.406279,0.2933,0.1236,0.3676,0.486
2.411130,0.3327,0.0974,0.2850,0.449
2.416247,0.3917,0.0855,0.2408,0.468
2.421070,0.5040,0.0260,0.1821,0.537
2.426299,0.5359,0.0527,0.1423,0.557
2.430992,0.3912,0.1178,0.2124,0.460
2.438050,0.3138,0.0871,0.2391,0.404
2.441076,0.3471,0.0374,0.1890,0.397
2.448120,0.2418,0.0310,0.0858,0.258
2.451029,0.1223,0.0918,-0.0275,0.155
2.455906,0.0315,0.0612,-0.1261,0.144
2.460894,-0.1111,0.0644,-0.2342,0.267
2.465997,-0.1532,0.0678,-0.3756,0.411
2.470865,-0.2523,0.0856,-0.5600,0.620
2.475941,-0.3606,0.0751,-0.7300,0.818
2.480969,-0.4164,0.0555,-0.7434,0.854
2.486101,-0.4154,0.0648,-0.7484,0.858
2.491192,-0.4435,0.0124,-0.6259,0.767
2.496152,-0.5151,-0.0442,-0.4714,0.700
2.500805,-0.5919,-0.0577,-0.3088,0.670
2.505640,-0.6360,-0.1615,-0.1282,0.669
2.510717,-0.5571,-0.2075,0.0848,0.600
2.515748,-0.3797,-0.2772,0.2307,0.524
2.520782,-0.2898,-0.2611,0.2910,0.487
2.526101,-0.2246,-0.2216,0.3138,0.445
2.530648,-0.1318,-0.1018,0.3422,0.381
2.536534,0.0316,-0.0545,0.2759,0.283
2.540827,0.1753,-0.0407,0.2055,0.273
2.545644,0.2900,0.0109,0.1739,0.338
2.550508,0.3762,0.1048,0.1854,0.432
2.555456,0.4963,0.2171,0.1920,0.575
2.560542,0.6312,0.2762,0.1698,0.710
2.565561,0.7954,0.2922,0.1715,0.865
2.570506,0.8748,0.3509,0.1872,0.961
2.575608,0.8126,0.3760,0.1930,0.916
2.580510,0.7428,0.3916,0.1031,0.846
2.585304,0.5887,0.3788,-0.0538,0.702
2.590383,0.3982,0.3284,-0.1680,0.543
2.595957,0.2616,0.2216,-0.1444,0.372
2.601363,0.1877,0.1491,-0.0884,0.255
2.605340,0.1234,0.0962,0.0097,0.157
2.610311,0.0261,0.0532,0.1263,0.139
2.615728,-0.0804,0.0199,0.2521,0.265
2.620419,-0.1199,-0.0418,0.2971,0.323
2.625614,-0.1454,-0.0701,0.2856,0.328
2.630209,-0.2330,-0.0744,0.1704,0.298
2.636738,-0.2682,-0.0789,0.1183,0.304
2.640545,-0.2084,-0.0785,0.0618,0.231
2.646160,-0.1919,-0.0876,0.0055,0.211
2.650243,-0.1086,-0.0918,-0.0699,0.158
2.655656,-0.1209,-0.1385,-0.0596,0.193
2.660189,-0.0615,-0.1468,-0.0166,0.160
2.665181,-0.0070,-0.0789,0.0164,0.081
2.670288,-0.0762,-0.0638,0.0679,0.120
2.675783,-0.0497,-0.0915,0.1045,0.148
2.680379,-0.0233,-0.0952,0.1551,0.183
2.685110,-0.0540,-0.1227,0.1626,0.211
2.690353,-0.1418,-0.0929,0.1223,0.209
2.695700,-0.2151,-0.0919,0.0443,0.238
2.700309,-0.2599,-0.1003,-0.0332,0.281
2.705069,-0.2670,-0.0754,-0.1439,0.313
2.710011,-0.2365,-0.0885,-0.2303,0.342
2.715576,-0.1116,-0.0873,-0.2642,0.300
2.720404,-0.0924,-0.0526,-0.2697,0.290
2.725774,-0.0451,0.0007,-0.1805,0.186
2.729932,0.0493,0.0537,-0.1350,0.153
2.734802,0.0955,0.0588,-0.1518,0.189
2.739976,0.0939,0.0163,-0.0592,0.112
2.745479,0.1068,0.0359,0.0329,0.117
2.754144,0.0243,-0.0303,0.2009,0.205
2.754720,-0.0293,-0.0440,0.3591,0.363
2.759855,0.0169,-0.0340,0.3836,0.385
2.764680,0.0197,-0.0289,0.3181,0.320
2.769905,-0.0489,-0.0716,0.3873,0.397
2.775345,-0.0603,-0.0572,0.4760,0.483
2.779627,0.0422,-0.0192,0.4124,0.415
2.784488,0.0487,0.0374,0.2684,0.275
2.789652,-0.0449,0.0841,0.0683,0.117
2.794530,-0.0713,0.1163,0.0120,0.137
2.799740,0.1119,0.0817,0.1174,0.182
2.804526,0.1894,0.0381,-0.0256,0.195
2.809542,0.0382,0.1090,-0.0445,0.124
2.814400,0.0495,0.1841,0.0220,0.192
2.819658,0.2036,0.1304,-0.0455,0.246
2.824568,0.1570,0.1248,-0.1319,0.240
2.829555,0.0062,0.0860,-0.1086,0.139
2.836178,0.1275,0.0570,0.0050,0.140
2.839843,0.0722,0.0663,0.1083,0.146
2.845551,-0.0304,0.0325,0.1923,0.197
2.849321,-0.0471,-0.0296,0.2288,0.235
2.854308,-0.0736,-0.0486,0.2228,0.240
2.859362,-0.1288,-0.0628,0.2032,0.249
2.864442,-0.0984,-0.1437,0.2321,0.290
2.869330,-0.0830,-0.1290,0.2329,0.279
2.874243,-0.0204,-0.1334,0.0391,0.141
2.879482,-0.1631,-0.1949,-0.0674,0.263
2.884303,0.0278,-0.1894,-0.0397,0.196
2.889223,-0.0061,-0.1080,-0.0835,0.137
2.894679,-0.0447,-0.0794,-0.1367,0.164
2.899176,0.1355,-0.2171,-0.3903,0.467
2.904276,0.0152,-0.1345,-0.9148,0.925
2.909216,0.0436,-0.0138,-1.5907,1.591
2.914159,-0.0422,-0.0645,-1.2523,1.255
2.919190,0.1578,-0.1667,-0.3857,0.449
2.924063,0.1236,-0.2302,0.0988,0.279
2.929030,0.0612,-0.2174,0.3907,0.451
2.936236,0.1042,-0.2241,0.5156,0.572
2.939006,0.1760,-0.2596,0.4653,0.561
2.945306,0.1242,-0.2238,0.3168,0.407
2.949049,0.0206,-0.1503,0.0606,0.163
2.954525,-0.0107,-0.0821,-0.1037,0.133
2.958991,0.0296,-0.0332,-0.1867,0.192
