0.002501,-0.1158,0.1828,-0.2855,0.358
0.002867,-0.1289,0.2571,-0.2816,0.402
0.006879,-0.0994,0.2360,-0.2457,0.355
0.011924,-0.0748,0.2249,-0.2587,0.351
0.016702,-0.0170,0.2191,-0.2728,0.350
0.021739,0.0026,0.2278,-0.3073,0.383
0.027236,-0.0060,0.2178,-0.2475,0.330
0.031779,0.0285,0.2081,-0.1366,0.251
0.036680,0.0729,0.1559,-0.1416,0.223
0.041625,0.0938,0.1279,-0.0755,0.176
0.048596,0.1104,0.0954,0.0327,0.150
0.052542,0.1180,0.0821,0.1642,0.218
0.056899,0.5262,-0.0265,0.3858,0.653
0.061786,0.6382,-0.0064,0.4408,0.776
0.066841,0.3175,0.1746,0.5017,0.619
0.071933,0.2799,0.1068,0.5632,0.638
0.077417,0.2003,0.0060,0.5773,0.611
0.081664,0.2071,-0.0369,0.4537,0.500
0.086581,0.2663,0.0678,0.2073,0.344
0.091465,0.1543,0.1338,0.0626,0.214
0.096563,0.1051,0.1326,0.0902,0.192
0.102399,0.1368,0.0363,0.1510,0.207
0.107207,0.0923,-0.0022,0.1928,0.214
0.111426,0.0193,-0.0263,0.2204,0.223
0.116457,0.0178,-0.0361,0.2058,0.210
0.121944,-0.0080,-0.0224,0.1876,0.189
0.127582,-0.0341,-0.0802,0.1989,0.217
0.131560,-0.0843,-0.0951,0.1539,0.200
0.136353,-0.1016,-0.0767,0.1387,0.188
0.141394,-0.1146,-0.1110,0.0817,0.179
0.146346,-0.1283,-0.1309,0.0257,0.185
0.151280,-0.1424,-0.1412,-0.0390,0.204
0.156490,-0.1474,-0.1562,-0.1077,0.240
0.161257,-0.1339,-0.1709,-0.1666,0.274
0.166401,-0.1067,-0.1522,-0.2205,0.288
0.171207,-0.0896,-0.1668,-0.2458,0.310
0.177453,-0.0873,-0.1241,-0.2760,0.315
0.182285,-0.0707,-0.1291,-0.2685,0.306
0.186558,-0.0353,-0.1292,-0.2521,0.285
0.191164,-0.0050,-0.0957,-0.2462,0.264
0.198631,0.0204,-0.0862,-0.2503,0.266
0.201112,0.0648,-0.0908,-0.2314,0.257
0.206314,0.0949,-0.0953,-0.1941,0.236
0.213514,0.0440,-0.0806,-0.1624,0.187
0.216102,0.0366,-0.0801,-0.1219,0.150
0.220892,0.0484,-0.0464,-0.0154,0.069
0.226045,0.0410,-0.0604,0.0236,0.077
0.231060,0.0527,-0.1028,0.0766,0.139
0.236014,0.0166,-0.0785,0.1391,0.161
0.240949,-0.0289,-0.0782,0.1542,0.175
0.246551,-0.0647,-0.0354,0.1316,0.151
0.250813,-0.0530,-0.0833,0.1430,0.174
0.256367,-0.0702,-0.0928,0.1309,0.175
0.260786,-0.0732,-0.0834,0.0955,0.146
0.265916,-0.0906,-0.0598,0.0511,0.120
0.270705,-0.0984,-0.0554,-0.0216,0.115
0.275939,-0.1061,-0.0700,-0.0559,0.139
0.281353,-0.1138,-0.0939,-0.0807,0.168
0.286038,-0.1452,-0.0415,-0.0912,0.176
0.290837,-0.1621,-0.0275,-0.1209,0.204
0.295838,-0.1789,-0.0419,-0.1318,0.226
0.300742,-0.1670,-0.0135,-0.1618,0.233
0.306597,-0.1789,0.0195,-0.1157,0.214
0.310587,-0.1429,0.0476,-0.0702,0.166
0.315896,-0.0929,0.0849,-0.1296,0.181
0.323726,-0.1096,0.0744,-0.0793,0.154
0.325686,-0.1069,0.0782,-0.0247,0.135
0.330725,-0.0896,0.0582,-0.0750,0.131
0.335851,-0.0770,0.0573,-0.0487,0.108
0.340512,-0.1305,0.0516,-0.0510,0.149
0.345797,-0.1692,0.0412,-0.0723,0.189
0.350566,-0.1978,0.0119,-0.1220,0.233
0.355878,-0.2069,0.0400,-0.1622,0.266
0.360674,-0.2016,0.0583,-0.1830,0.278
0.366237,-0.2106,0.0432,-0.1609,0.269
0.370344,-0.2290,-0.0003,-0.1960,0.301
0.375481,-0.2237,0.0421,-0.1402,0.267
0.380886,-0.2043,0.0887,-0.0893,0.240
0.385553,-0.1899,0.1064,-0.1050,0.242
0.390394,-0.1662,0.1143,-0.1061,0.228
0.395597,-0.1330,0.1270,-0.1688,0.250
0.400354,-0.0857,0.1300,-0.2454,0.291
0.405420,-0.1002,0.1520,-0.2692,0.325
0.410307,-0.0811,0.1265,-0.2885,0.325
0.415530,-0.0761,0.1773,-0.3224,0.376
0.420363,-0.0802,0.1993,-0.3234,0.388
0.426042,-0.0411,0.1452,-0.3107,0.345
0.430278,-0.0637,0.1392,-0.3034,0.340
0.438503,-0.1286,0.1523,-0.2538,0.323
0.440291,-0.1025,0.1464,-0.2381,0.298
0.446483,-0.1001,0.1073,-0.2084,0.255
0.450070,-0.1167,0.0638,-0.1933,0.235
0.455080,-0.1618,0.0539,-0.1781,0.247
0.460412,-0.2020,0.0583,-0.1344,0.250
0.465208,-0.2137,0.0151,-0.1239,0.248
0.469989,-0.2497,0.0101,-0.0942,0.267
0.475132,-0.2670,0.0004,-0.0927,0.283
0.480654,-0.2802,-0.0094,-0.0909,0.295
0.485723,-0.2657,0.0142,-0.0792,0.278
0.490099,-0.2281,0.0328,-0.0720,0.241
0.495096,-0.1866,0.0368,-0.0170,0.191
0.500168,-0.1126,0.0741,-0.0525,0.145
0.505219,-0.0347,0.1063,-0.0971,0.148
0.510606,-0.0005,0.1620,-0.1272,0.206
0.515148,0.0667,0.1888,-0.1526,0.252
0.519969,0.0858,0.2345,-0.1067,0.272
0.525151,0.1142,0.2323,-0.0946,0.276
0.529920,0.1234,0.2776,0.0029,0.304
0.535967,0.1232,0.2846,0.0711,0.318
0.540004,0.1038,0.3484,0.1201,0.383
0.545587,0.1081,0.4306,0.2116,0.492
0.549940,0.1263,0.4457,0.3121,0.559
0.555195,0.1675,0.5317,0.4314,0.705
0.560613,0.1981,0.5884,0.5647,0.839
0.565035,0.2753,0.6776,0.7121,1.021
0.569694,0.3701,0.8277,0.8970,1.275
0.574997,0.4824,0.9194,1.0340,1.465
0.581088,0.6933,0.9626,1.1752,1.670
0.592233,0.9355,1.0528,1.3257,1.934
0.593279,1.2568,1.1657,1.5092,2.284
0.594582,1.6194,1.2583,1.6353,2.623
0.599446,1.9953,1.2927,1.8091,2.988
0.605324,2.3662,1.3358,1.9971,3.372
0.610139,2.7588,1.4150,2.1838,3.792
0.614608,3.0926,1.4835,2.2911,4.125
0.619579,3.2243,1.5559,2.4145,4.318
0.624698,3.2257,1.6370,2.6212,4.467
0.629659,3.2450,1.6215,2.7628,4.560
0.635299,3.1861,1.7249,2.7535,4.551
0.639317,3.1777,1.8181,2.7172,4.559
0.644412,3.1773,1.8197,2.5630,4.469
0.649536,3.2760,1.7449,2.2276,4.329
0.654471,3.3831,1.6656,1.8538,4.202
0.660409,3.4796,1.5725,1.5842,4.134
0.665069,3.6473,1.5520,1.3459,4.186
0.669197,3.8721,1.5323,1.0138,4.286
0.674272,4.0995,1.4990,0.6886,4.419
0.679211,4.3487,1.3520,0.4130,4.573
0.684371,4.4195,1.1775,0.1151,4.575
0.689353,4.2787,1.1145,-0.0278,4.422
0.694410,4.1268,1.0575,0.0325,4.260
0.699241,4.0386,0.9777,0.2103,4.161
0.704379,3.9166,0.8561,0.3830,4.027
0.709235,3.7401,0.6352,0.5374,3.832
0.714203,3.5517,0.4252,0.6079,3.628
0.719141,3.2887,0.1974,0.7004,3.368
0.724583,2.9988,-0.1244,0.6576,3.073
0.729978,2.7072,-0.2341,0.6855,2.802
0.734206,2.4564,-0.3709,0.5024,2.535
0.740011,2.2820,-0.7880,0.1567,2.419
0.744167,2.0972,-1.1738,-0.1365,2.407
0.749126,1.7911,-1.3753,-0.4636,2.305
0.754259,1.5064,-1.5554,-0.8005,2.309
0.759252,1.3070,-1.7000,-1.1485,2.433
0.764146,1.1067,-1.8084,-1.4875,2.590
0.768972,0.9603,-1.9717,-1.8707,2.883
0.774051,0.8686,-2.2325,-2.2939,3.317
0.779178,0.7795,-2.4706,-2.8620,3.860
0.784238,0.5737,-2.6811,-3.3311,4.314
0.788944,0.2340,-2.8548,-3.8367,4.788
0.793896,-0.2640,-3.0054,-4.2673,5.226
0.798873,-1.0061,-3.1479,-4.6965,5.743
0.803951,-1.8555,-3.1923,-5.1872,6.367
0.809222,-2.7669,-3.2495,-5.6595,7.088
0.814003,-3.5948,-3.3063,-5.9713,7.714
0.818790,-4.5400,-3.3454,-6.1823,8.368
0.823964,-5.4277,-3.3380,-6.3213,8.976
0.828676,-6.1231,-3.3624,-6.4622,9.516
0.833666,-6.5845,-3.4673,-6.4481,9.847
0.838573,-6.8221,-3.6579,-6.1270,9.872
0.845885,-6.9602,-3.9728,-5.6663,9.815
0.848699,-7.3015,-4.1974,-5.2088,9.903
0.855761,-7.5436,-4.5091,-4.6581,9.947
0.858472,-7.7070,-4.8990,-4.1663,10.038
0.863589,-8.0514,-5.3151,-3.8798,10.398
0.868415,-8.9608,-5.7632,-3.8298,11.322
0.873552,-10.3176,-6.2109,-3.8151,12.633
0.878496,-11.5775,-6.7253,-3.7696,13.910
0.883334,-12.5220,-7.1982,-3.6939,14.908
0.888632,-13.2536,-7.6243,-3.5145,15.689
0.893561,-13.9318,-8.0938,-3.3959,16.466
0.898502,-14.6300,-8.7395,-3.4741,17.392
0.903422,-15.0821,-9.5734,-3.6508,18.233
0.909084,-15.2549,-10.5148,-3.9795,18.950
0.913753,-15.2685,-11.3149,-4.4118,19.509
0.918412,-15.2600,-12.0835,-5.0382,20.106
0.923655,-15.2796,-12.9649,-5.9302,20.898
0.930042,-15.0847,-13.8682,-6.8009,21.590
0.933469,-14.7091,-14.5402,-7.5935,22.033
0.939165,-13.9285,-15.0860,-8.3941,22.182
0.945102,-12.5033,-15.6418,-8.9945,21.952
0.948327,-10.6517,-16.0547,-9.3927,21.434
0.953298,-8.1305,-15.9683,-9.5336,20.297
0.958438,-4.5869,-15.5213,-9.5129,18.774
0.963463,-0.3812,-14.8395,-9.5255,17.638
0.970003,4.0064,-13.8044,-9.8179,17.407
0.973275,8.7429,-12.0494,-10.0432,17.958
0.978278,14.2046,-9.7337,-10.3520,20.092
0.982950,20.1121,-6.9926,-11.0341,23.982
0.988230,25.6202,-4.1349,-12.1155,28.641
0.998219,30.3384,-1.3776,-12.9875,33.030
0.998774,34.1861,1.1445,-12.8313,36.533
1.005252,36.6424,3.5774,-11.7857,38.657
1.008065,37.4928,5.9022,-10.5484,39.393
1.013182,37.3883,7.5499,-9.1322,39.221
1.019295,36.6454,8.3799,-7.6333,38.359
1.022983,34.9485,8.6222,-6.3998,36.561
1.027803,32.0706,8.5478,-5.1578,33.589
1.032797,28.2917,8.3289,-4.0449,29.768
1.037871,24.4478,8.0878,-3.3824,25.972
1.045222,21.2736,7.5328,-2.8755,22.750
1.048019,18.7850,6.6252,-2.2512,20.046
1.052831,16.7353,5.4688,-1.4104,17.663
1.057883,14.8074,4.3031,-0.6631,15.434
1.063083,12.6706,3.2560,-0.1282,13.083
1.071751,10.5053,2.0402,0.0609,10.702
1.072853,8.4805,0.7250,-0.2331,8.515
1.077723,6.4294,-0.7206,-1.0054,6.547
1.082640,4.2567,-2.0315,-2.0320,5.136
1.087696,2.0101,-3.1672,-3.1109,4.873
1.094959,-0.1474,-4.2055,-4.1233,5.891
1.097689,-1.9424,-5.2409,-5.0382,7.525
1.102639,-3.4509,-6.1635,-5.5825,9.003
1.107848,-4.9492,-6.9697,-5.8508,10.359
1.112839,-6.4413,-7.7182,-5.8609,11.637
1.118361,-8.3480,-8.2677,-5.6717,13.047
1.122854,-11.2813,-8.4009,-5.5175,15.109
1.127585,-15.0550,-8.3371,-5.3640,18.026
1.132607,-18.4479,-8.2572,-5.2391,20.880
1.138225,-21.3200,-8.0502,-5.1224,23.358
1.147128,-23.7788,-7.9351,-4.7528,25.514
1.148005,-25.3846,-8.2159,-4.2276,27.014
1.152534,-26.2299,-8.9076,-3.5798,27.931
1.157417,-26.6940,-9.7947,-2.8347,28.575
1.162510,-26.8958,-10.8903,-2.0110,29.087
1.167552,-25.2671,-12.8370,-1.7831,28.397
1.172927,-24.9142,-13.6070,-1.2618,28.416
1.180036,-24.3430,-14.1638,-1.3648,28.197
1.182332,-22.8278,-15.6938,-2.1081,27.782
1.188766,-21.4721,-17.3227,-3.4058,27.798
1.192676,-20.0427,-18.5279,-5.0863,27.764
1.197247,-18.3062,-19.1945,-6.7166,27.362
1.202812,-16.2539,-19.3763,-8.4167,26.655
1.207128,-13.6888,-19.2688,-10.1024,25.705
1.212265,-10.3846,-18.8884,-11.4463,24.406
1.217178,-6.5611,-18.0087,-12.4277,22.843
1.222185,-2.3261,-16.5674,-13.2476,21.340
1.229198,2.2150,-14.7055,-13.8251,20.305
1.232225,6.9446,-12.4745,-14.2425,20.167
1.237165,12.0324,-9.8256,-14.5841,21.308
1.242337,17.4157,-6.9134,-15.2950,24.188
1.247062,22.5393,-4.0171,-16.1429,28.013
1.252218,26.3700,-0.8030,-16.4381,31.084
1.257276,30.4510,1.2611,-16.1146,34.475
1.263685,33.2841,2.6348,-15.5805,36.845
1.267599,34.0173,3.9443,-13.8738,36.949
1.272167,33.2938,5.2658,-11.1797,35.513
1.278024,32.0145,6.1309,-7.8217,33.522
1.281906,30.3022,6.3128,-4.7935,31.322
1.286975,27.7853,5.8765,-2.5488,28.514
1.292086,24.7031,5.2408,-1.1081,25.277
1.296935,21.7136,4.6002,-0.0116,22.196
1.301992,18.7973,4.1090,0.9596,19.265
1.307054,15.9849,3.7012,1.8759,16.515
1.312047,13.3982,3.3609,2.5312,14.043
1.316970,11.0013,3.1049,2.8094,11.771
1.322225,8.9354,2.7626,2.9717,9.814
1.326737,7.2009,2.3179,2.9564,8.122
1.331879,5.7578,1.8396,2.8835,6.697
1.336719,4.4395,1.3301,2.5994,5.314
1.341863,3.2969,0.8281,2.2819,4.094
1.346655,2.3286,0.2476,1.9215,3.029
1.351765,1.5572,-0.3631,1.5470,2.225
1.356671,1.0731,-0.9356,1.1596,1.836
1.362566,0.5901,-1.4725,0.6642,1.720
1.366794,0.0409,-2.0153,0.1387,2.020
1.372127,-0.4471,-2.5111,-0.3744,2.578
1.376500,-1.0052,-2.9739,-0.9861,3.290
1.381644,-1.5637,-3.2604,-1.6592,3.978
1.386803,-2.0089,-3.5232,-2.2072,4.617
1.391803,-2.4316,-3.6634,-2.6193,5.118
1.396442,-2.7989,-3.7335,-2.8238,5.454
1.401603,-3.0119,-3.7820,-2.9172,5.647
1.406431,-3.1673,-3.7904,-2.9530,5.755
1.411544,-3.2224,-3.8458,-2.9599,5.825
1.416549,-3.1849,-3.8433,-2.8080,5.727
1.421646,-3.0775,-3.7985,-2.5264,5.503
1.426751,-3.0368,-3.5589,-2.1571,5.152
1.431493,-3.0387,-3.2593,-1.8529,4.826
1.436359,-3.0690,-3.0151,-1.5230,4.564
1.441833,-3.0652,-2.8458,-1.3259,4.388
1.447122,-2.9910,-2.7423,-1.2430,4.244
1.451931,-2.8513,-2.6326,-1.2700,4.083
1.456305,-2.6429,-2.4886,-1.3217,3.863
1.461327,-2.4128,-2.3724,-1.3657,3.649
1.466242,-2.1794,-2.2125,-1.4123,3.412
1.471340,-1.9276,-2.0808,-1.5056,3.211
1.476824,-1.7108,-1.9008,-1.5939,3.013
1.482078,-1.5302,-1.8159,-1.6871,2.913
1.486184,-1.3054,-1.7924,-1.6952,2.791
1.491243,-1.0695,-1.7683,-1.6761,2.661
1.496248,-0.9226,-1.6909,-1.7161,2.580
1.504060,-0.8024,-1.5843,-1.7195,2.472
1.506561,-0.6232,-1.6065,-1.6915,2.415
1.512778,-0.5025,-1.6470,-1.7327,2.443
1.516133,-0.4315,-1.6293,-1.7997,2.466
1.522421,-0.3767,-1.6781,-1.7348,2.443
1.531651,-0.3239,-1.6738,-1.5332,2.293
1.537479,-0.2721,-1.6688,-1.2325,2.092
1.538588,-0.2736,-1.5962,-0.9182,1.862
1.541038,-0.3765,-1.4992,-0.6183,1.665
1.546079,-0.4564,-1.4785,-0.3656,1.590
1.551856,-0.4844,-1.4860,-0.2030,1.576
1.555969,-0.4135,-1.5603,-0.0968,1.617
1.560912,-0.3136,-1.5953,-0.0268,1.626
1.566367,-0.3099,-1.6106,-0.0402,1.641
1.570999,-0.4313,-1.6302,-0.1611,1.694
1.575878,-0.6062,-1.6447,-0.2315,1.768
1.581871,-0.7149,-1.8166,-0.2809,1.972
1.585739,-0.8111,-1.9404,-0.3430,2.131
1.590883,-0.9555,-2.0444,-0.4841,2.308
1.596151,-1.1491,-2.0525,-0.7333,2.464
1.603034,-1.2678,-2.1084,-0.9714,2.645
1.606389,-1.3067,-2.2407,-1.1173,2.824
1.611695,-1.3758,-2.3680,-1.3483,3.053
1.615874,-1.5191,-2.4094,-1.6118,3.273
1.623337,-1.7208,-2.4553,-1.9840,3.595
1.634135,-2.0395,-2.5017,-2.3991,4.022
1.634686,-2.4950,-2.6062,-2.9008,4.629
1.635671,-2.9539,-2.7357,-3.3801,5.257
1.640660,-3.3928,-2.9242,-3.8720,5.921
1.645632,-3.8082,-3.1433,-4.3200,6.561
1.650583,-4.2190,-3.4076,-4.8203,7.256
1.655520,-4.7219,-3.6457,-5.2396,7.940
1.660542,-5.2455,-3.9012,-5.4409,8.505
1.665610,-5.7422,-4.0594,-5.4974,8.926
1.670573,-6.2939,-4.1352,-5.5630,9.363
1.675508,-6.9976,-4.2154,-5.6859,9.953
1.681446,-8.0370,-4.2916,-5.6860,10.740
1.686023,-9.3094,-4.5134,-5.6077,11.768
1.690444,-10.7029,-4.8626,-5.3661,12.923
1.695443,-11.8574,-5.3067,-4.9287,13.894
1.700516,-12.7297,-5.6937,-4.2755,14.586
1.705970,-13.5778,-6.1441,-3.6703,15.349
1.710391,-14.2799,-6.8364,-3.1254,16.138
1.715719,-14.8580,-7.8173,-2.6975,17.004
1.720416,-15.3594,-8.8463,-2.5593,17.909
1.725180,-15.8789,-9.9837,-2.5974,18.936
1.730404,-16.3801,-11.0346,-2.6297,19.925
1.737885,-16.5727,-11.9031,-2.4004,20.545
1.740345,-16.4745,-12.8836,-1.8744,20.998
1.745784,-15.9196,-13.9401,-1.0079,21.184
1.750304,-14.5616,-15.0710,-0.1437,20.957
1.755136,-12.5963,-16.1030,0.3943,20.448
1.760301,-10.6727,-16.9205,0.3693,20.009
1.765167,-9.1995,-17.4664,-0.5107,19.748
1.771489,-8.1886,-17.6791,-2.3480,19.624
1.775071,-7.2752,-17.5741,-4.6145,19.572
1.781490,-5.6317,-17.2403,-6.9556,19.425
1.785137,-2.7558,-16.6734,-9.0431,19.167
1.790271,1.2550,-15.9583,-10.9108,19.372
1.794931,5.6587,-14.9417,-12.7094,20.416
1.800078,9.7111,-13.5272,-14.3448,21.979
1.805571,13.5739,-11.6414,-15.5195,23.678
1.813063,17.6319,-9.1145,-15.8573,25.405
1.814968,22.6135,-6.6203,-16.0490,28.509
1.822326,26.9433,-4.0810,-16.4430,31.827
1.824862,30.2140,-1.6246,-16.6465,34.535
1.830168,32.7082,0.3245,-16.6934,36.723
1.834945,34.3029,1.7922,-16.5886,38.146
1.840060,34.7035,2.8721,-16.1737,38.395
1.846255,33.7671,3.7049,-15.3204,37.265
1.849883,31.9079,4.3142,-14.0458,35.128
1.856108,29.4503,4.5403,-12.5115,32.318
1.862197,26.8525,4.4752,-10.6914,29.247
1.865214,24.2428,4.1795,-8.7603,26.114
1.869781,21.5182,3.8415,-6.9528,22.938
1.874782,18.7608,3.4813,-5.6298,19.894
1.880778,16.2383,3.0744,-4.6088,17.157
1.884783,13.8952,2.5784,-3.6922,14.607
1.889711,11.6849,2.1696,-2.8587,12.224
1.894560,9.7148,1.7470,-2.1124,10.094
1.899894,7.9790,1.2696,-1.4461,8.208
1.904701,6.4184,0.7535,-1.0445,6.546
1.909701,4.9403,0.2001,-0.9160,5.028
1.914616,3.6210,-0.4782,-1.0584,3.803
1.919827,2.3431,-1.2403,-1.4246,3.010
1.925207,1.0196,-2.0544,-1.8418,2.941
1.929545,-0.1801,-2.7708,-2.2254,3.558
1.934806,-1.2354,-3.4176,-2.4665,4.392
1.939966,-2.1871,-4.1233,-2.6134,5.349
1.944492,-3.0312,-4.6280,-2.5866,6.107
1.949577,-3.8794,-5.0202,-2.3797,6.776
1.954395,-4.6074,-5.2467,-2.0559,7.279
1.959955,-5.0781,-5.3897,-1.6901,7.596
1.964439,-5.4415,-5.4358,-1.3039,7.801
1.969448,-5.7469,-5.3815,-0.8670,7.921
1.974440,-5.9212,-5.2374,-0.5349,7.923
1.979571,-5.9511,-5.0152,-0.3524,7.790
1.987128,-5.8587,-4.8208,-0.2703,7.592
1.989360,-5.7735,-4.6603,-0.3274,7.427
1.994248,-5.5856,-4.4434,-0.6064,7.163
1.999280,-5.3809,-4.1901,-0.9033,6.879
2.004411,-5.2135,-3.9441,-1.2340,6.653
2.009568,-5.0751,-3.7346,-1.5819,6.497
2.014210,-4.9284,-3.5476,-1.9436,6.376
2.019105,-4.7489,-3.2589,-2.2440,6.181
2.024022,-4.5694,-3.0411,-2.4270,6.002
2.029162,-4.3509,-2.8466,-2.5511,5.792
2.034699,-4.1369,-2.6755,-2.6601,5.599
2.039170,-3.9012,-2.5518,-2.6976,5.386
2.044429,-3.6635,-2.4565,-2.7120,5.178
2.049044,-3.4858,-2.3991,-2.6317,4.983
2.054058,-3.3483,-2.3942,-2.4568,4.794
2.059725,-3.2795,-2.3699,-2.2207,4.616
2.064100,-3.3038,-2.2788,-1.9371,4.457
2.068955,-3.3344,-2.1689,-1.5872,4.283
2.073799,-3.3336,-2.0642,-1.2803,4.125
2.079006,-3.2539,-1.9841,-1.0545,3.954
2.084143,-3.0856,-1.9333,-0.8997,3.751
2.088950,-2.9432,-1.8689,-0.7778,3.572
2.093776,-2.7547,-1.7957,-0.7028,3.363
2.098851,-2.5048,-1.7182,-0.6466,3.106
2.104216,-2.2891,-1.6365,-0.6140,2.880
2.108742,-2.0253,-1.5314,-0.5861,2.606
2.113824,-1.7368,-1.4315,-0.5201,2.310
2.120261,-1.4515,-1.3511,-0.4971,2.044
2.123870,-1.1826,-1.3091,-0.4931,1.832
2.128802,-0.8772,-1.2338,-0.3982,1.565
2.133670,-0.5722,-1.1203,-0.2647,1.286
2.138748,-0.3149,-0.9639,-0.1644,1.027
2.143610,-0.0811,-0.8316,-0.0683,0.838
2.148725,0.0772,-0.7424,-0.1298,0.758
2.153581,0.1987,-0.6483,-0.2442,0.721
2.159672,0.2975,-0.5684,-0.3981,0.755
2.163737,0.3449,-0.5024,-0.5105,0.795
2.168614,0.3360,-0.4694,-0.6922,0.901
2.173494,0.2942,-0.4072,-0.7474,0.901
2.178613,0.2957,-0.3874,-0.7053,0.857
2.183452,0.2494,-0.3574,-0.6039,0.745
2.188632,0.2510,-0.3459,-0.4198,0.599
2.193419,0.3002,-0.3817,-0.1666,0.513
2.198518,0.3446,-0.3643,0.1278,0.517
2.203518,0.4031,-0.3801,0.4308,0.702
2.208493,0.4520,-0.3719,0.7720,0.969
2.213425,0.5104,-0.3447,1.0713,1.236
2.218409,0.5064,-0.3464,1.3289,1.464
2.223290,0.5506,-0.3438,1.5173,1.650
2.228351,0.6382,-0.3322,1.7137,1.859
2.233321,0.6880,-0.3261,1.8037,1.958
2.238482,0.7195,-0.2778,1.8645,2.018
2.243244,0.7181,-0.2066,1.8293,1.976
2.248319,0.6551,-0.1985,1.6976,1.830
2.253316,0.5589,-0.1146,1.5217,1.625
2.258438,0.4247,-0.0553,1.2576,1.329
2.263614,0.3431,0.0083,0.9331,0.994
2.272063,0.2228,0.0479,0.6670,0.705
2.273123,0.1597,0.0826,0.4249,0.461
2.278172,0.2495,0.1079,0.2539,0.372
2.282961,0.2912,0.0808,0.0532,0.307
2.288137,0.3381,0.0924,-0.0433,0.353
2.293031,0.4238,0.0901,-0.0788,0.440
2.298109,0.4573,0.0928,-0.0198,0.467
2.303059,0.4532,0.1532,0.0480,0.481
2.308100,0.4162,0.1755,0.1581,0.479
2.313040,0.4037,0.1929,0.2490,0.512
2.318044,0.3726,0.1625,0.2587,0.482
2.322959,0.3374,0.0938,0.2737,0.445
2.328089,0.3026,0.0872,0.3183,0.448
2.332910,0.2056,0.0994,0.3400,0.410
2.338093,0.1612,0.1546,0.3865,0.446
2.343003,0.1117,0.1423,0.3958,0.435
2.348231,0.0956,0.1345,0.3586,0.395
2.352849,0.2518,0.0976,0.4284,0.506
2.357939,0.2885,0.0986,0.5331,0.614
2.363234,0.1527,0.1328,0.4429,0.487
2.369291,0.1027,0.1857,0.3825,0.437
2.372913,0.0810,0.1570,0.3231,0.368
2.377840,0.0590,0.1617,0.2310,0.288
2.382893,0.1901,0.1806,0.1584,0.306
2.388472,0.2975,0.2282,0.0429,0.377
2.396168,0.3909,0.2424,0.0134,0.460
2.397951,0.3315,0.2566,-0.0115,0.419
2.408044,0.3541,0.1990,0.0498,0.409
2.408399,0.3289,0.1606,0.1688,0.403
2.412688,0.3089,0.0934,0.3075,0.446
2.417695,0.1499,0.1360,0.4518,0.495
2.422719,-0.0720,0.1064,0.5781,0.592
2.427826,-0.1271,0.0095,0.6145,0.628
2.432573,-0.1305,-0.0111,0.5466,0.562
2.438174,-0.1776,0.0352,0.4173,0.455
2.442957,-0.1438,0.0764,0.2602,0.307
2.447588,-0.1200,0.0601,0.1418,0.195
2.452487,-0.0917,0.0246,0.0524,0.108
2.457591,-0.1451,-0.0109,-0.0175,0.147
2.462423,-0.2037,0.0062,-0.0154,0.204
2.467929,-0.2532,-0.0055,-0.0034,0.253
2.472410,-0.3368,0.0354,-0.0056,0.339
2.477465,-0.4116,0.0714,-0.0651,0.423
2.482223,-0.4487,0.1074,-0.1965,0.501
2.487522,-0.4146,0.0764,-0.3089,0.523
2.495779,-0.3379,0.0265,-0.4077,0.530
2.497346,-0.2804,-0.0039,-0.4354,0.518
2.506901,-0.2086,0.0137,-0.4831,0.526
2.507359,-0.1509,-0.0115,-0.4645,0.489
2.512287,-0.0450,0.0114,-0.3941,0.397
2.517743,0.0135,0.0488,-0.4441,0.447
2.522153,0.1444,0.0003,-0.4614,0.484
2.527266,0.2045,-0.0239,-0.4556,0.500
2.532115,0.2943,-0.0480,-0.4648,0.552
2.537221,0.3228,0.0527,-0.4556,0.561
2.542986,0.3237,0.1629,-0.3990,0.539
2.547185,0.3254,0.1582,-0.3525,0.505
2.552293,0.2560,0.1824,-0.3207,0.449
2.557252,0.1775,0.1875,-0.2889,0.387
2.562160,0.1806,0.1734,-0.1902,0.314
2.568181,0.1599,0.1640,-0.1441,0.271
2.572088,0.1346,0.1785,-0.0401,0.227
2.577105,0.0998,0.1354,0.0452,0.174
2.581964,0.1322,0.1113,0.1165,0.208
2.587247,0.0882,0.1398,0.1693,0.237
2.592542,0.0394,0.1729,0.2081,0.273
2.597187,-0.0241,0.1724,0.2041,0.268
2.602055,-0.0254,0.1336,0.1714,0.219
2.607547,-0.0030,0.0661,0.1914,0.203
2.612117,0.0435,0.0992,0.1972,0.225
2.617083,0.0612,0.0749,0.1980,0.220
2.622064,0.0785,0.0692,0.1737,0.203
2.629042,0.0911,0.0256,0.1682,0.193
2.632103,0.0992,-0.0175,0.1723,0.200
2.638080,0.1123,-0.0508,0.1713,0.211
2.641669,0.0969,-0.0599,0.1180,0.164
2.646854,0.0389,-0.0833,0.0650,0.113
2.651966,-0.0234,-0.0541,0.0029,0.059
2.656823,-0.0712,-0.0490,0.0410,0.096
2.661670,-0.0904,-0.1104,0.0836,0.165
2.666836,-0.0906,-0.1713,0.1212,0.229
2.671998,-0.1149,-0.1986,0.1447,0.271
2.676804,-0.1058,-0.1973,0.1589,0.275
2.681709,-0.1254,-0.1818,0.1162,0.250
2.686761,-0.1213,-0.1521,0.0595,0.203
2.691592,-0.0935,-0.1607,0.0172,0.187
2.696725,-0.0755,-0.1406,0.0225,0.161
2.701543,-0.0385,-0.1205,-0.0011,0.127
2.706874,-0.2064,-0.1718,-0.0057,0.269
2.711744,-0.1829,-0.2085,-0.0532,0.282
2.716582,-0.1120,-0.1973,-0.0051,0.227
2.721688,-0.1654,-0.2434,0.1144,0.316
2.727905,-0.2138,-0.2703,0.2051,0.401
2.732115,-0.2050,-0.2497,0.2959,0.438
2.736597,-0.2299,-0.2627,0.3252,0.477
2.741407,-0.2692,-0.2712,0.2935,0.482
2.746548,-0.2803,-0.2560,0.2249,0.441
2.753186,-0.2251,-0.1793,0.1524,0.326
2.756518,-0.1898,-0.1223,0.0092,0.226
2.761474,-0.1073,-0.0988,-0.1098,0.183
2.766681,0.0318,-0.0895,-0.1479,0.176
2.771488,0.1179,-0.0326,-0.0724,0.142
2.776387,0.1514,0.0288,-0.0456,0.161
2.781907,0.2423,0.0137,-0.0432,0.247
2.786397,0.3143,-0.0011,-0.0031,0.314
2.791187,0.3199,-0.0015,0.0460,0.323
2.796387,0.3405,0.0314,0.0567,0.347
2.801357,0.2759,0.0307,0.0391,0.280
2.806419,0.2169,-0.0271,0.0552,0.225
2.811241,0.1585,-0.0845,0.0810,0.197
2.816290,0.1480,-0.0561,0.1027,0.189
2.821286,0.0900,-0.0994,0.1295,0.186
2.826608,0.0512,-0.1424,0.0901,0.176
2.831188,0.0315,-0.1756,0.0325,0.181
2.836727,0.0165,-0.1707,-0.0338,0.175
2.841520,-0.0317,-0.1657,-0.1140,0.204
2.846170,-0.0418,-0.1371,-0.1365,0.198
2.853787,-0.0663,-0.1229,-0.1590,0.212
2.856465,-0.0764,-0.0659,-0.2101,0.233
2.863496,-0.0771,-0.1045,-0.2183,0.254
2.865964,-0.1205,-0.0998,-0.1792,0.238
2.870830,-0.1542,-0.0667,-0.1691,0.238
2.876427,-0.2070,-0.0433,-0.1211,0.244
2.881816,-0.1456,-0.0867,-0.1068,0.200
2.886522,-0.1467,-0.0821,-0.1020,0.197
2.890901,-0.1669,-0.0492,-0.0831,0.193
2.895938,-0.0873,-0.0022,-0.0736,0.114
2.901247,-0.0655,0.0396,-0.0643,0.100
2.905954,-0.0342,0.0145,-0.0647,0.075
2.911186,-0.0556,0.0229,-0.0269,0.066
2.916023,-0.0342,0.0170,0.0155,0.041
2.921002,-0.0655,0.0252,0.0625,0.094
2.926110,-0.1350,0.0618,0.1002,0.179
2.930810,-0.1854,0.0458,0.0475,0.197
2.935962,-0.1410,0.0916,0.0191,0.169
2.940825,-0.1544,0.1085,0.0102,0.189
2.946265,-0.1680,0.0967,-0.0129,0.194
2.951225,-0.1342,0.1230,-0.0690,0.195
2.955985,-0.0343,0.1350,-0.1296,0.190
2.960637,-0.0064,0.1754,-0.1758,0.248
2.965644,-0.0216,0.1633,-0.1982,0.258
2.970699,0.0206,0.1276,-0.2162,0.252
2.975955,0.0293,0.1542,-0.2441,0.290
2.981138,0.0571,0.1380,-0.2441,0.286
2.985654,0.0566,0.1269,-0.4068,0.430
2.990630,0.1041,0.1258,-0.6838,0.703
2.997278,0.1181,0.1678,-0.5422,0.580
3.000756,0.1368,0.2049,-0.1268,0.277
3.006009,0.1604,0.1799,0.2475,0.345
3.010281,0.2079,0.1501,0.4532,0.521
3.015354,0.2124,0.1442,0.4965,0.559
3.020384,0.1698,0.1144,0.4117,0.460
3.026353,0.1039,0.1371,0.3042,0.349
3.030484,0.0196,0.1548,0.2073,0.259
3.035534,0.0024,0.1486,0.1633,0.221
3.040317,-0.0431,0.1425,0.1005,0.180
3.045340,-0.0408,0.0890,0.1189,0.154
3.051183,-0.0290,0.0455,0.1511,0.160
3.055408,-0.0504,0.0498,0.1833,0.197
3.060197,-0.0432,0.0445,0.2964,0.303
3.065833,-0.0266,0.0296,0.3948,0.397
3.070193,0.0184,0.0479,0.4646,0.467
3.075289,0.0253,0.0516,0.5015,0.505
3.080830,0.0511,0.0266,0.4202,0.424
3.085133,0.0676,0.0492,0.2829,0.295
3.090155,0.0792,0.0812,0.1752,0.209
