0.002447,-0.0156,0.1597,-0.4648,0.492
0.005124,-0.0080,0.1628,-0.4735,0.501
0.007949,0.0044,0.1519,-0.4360,0.462
0.012865,0.0076,0.1889,-0.4000,0.442
0.018207,0.0396,0.1593,-0.3750,0.409
0.022800,0.1240,0.1064,-0.4369,0.466
0.027818,0.1943,0.1064,-0.4663,0.516
0.032791,0.1555,0.1115,-0.4778,0.515
0.037820,0.1652,0.1168,-0.4334,0.478
0.042992,0.1657,0.1459,-0.3948,0.452
0.048000,0.1668,0.1273,-0.2526,0.328
0.052773,0.4065,0.0471,-0.1068,0.423
0.057820,0.5075,0.0625,-0.0234,0.512
0.064388,0.3946,0.1582,0.1080,0.439
0.068181,0.3402,0.2101,0.2064,0.450
0.072671,0.3433,0.1473,0.2293,0.438
0.082525,0.2851,0.0563,0.2054,0.356
0.083044,0.1938,0.0371,0.1588,0.253
0.087681,0.1124,-0.0105,0.1418,0.181
0.093360,0.0880,-0.0009,0.1493,0.173
0.097884,0.0680,-0.0104,0.1477,0.163
0.102625,0.0857,0.0038,0.1609,0.182
0.107713,0.0841,-0.0725,0.1697,0.203
0.112912,0.1108,-0.0532,0.1601,0.202
0.117961,0.1468,-0.0960,0.1461,0.228
0.122609,0.1303,-0.1194,0.0897,0.198
0.127522,0.0808,-0.0999,0.0435,0.136
0.132590,0.0793,-0.1043,0.0261,0.134
0.137770,0.0828,-0.0802,-0.0293,0.119
0.143054,0.0533,-0.0990,-0.0750,0.135
0.147485,0.0005,-0.1127,-0.1302,0.172
0.152332,-0.0041,-0.1452,-0.1619,0.218
0.157432,-0.0324,-0.1489,-0.1702,0.228
0.165182,-0.0652,-0.1428,-0.1789,0.238
0.168190,-0.1360,-0.1604,-0.1505,0.259
0.172539,-0.1210,-0.1824,-0.0944,0.238
0.183225,-0.1539,-0.1804,-0.0297,0.239
0.183615,-0.1680,-0.2496,0.0769,0.311
0.187480,-0.1446,-0.2707,0.1446,0.339
0.192957,-0.1075,-0.3107,0.2691,0.425
0.197620,-0.0996,-0.3314,0.3645,0.503
0.202144,-0.0921,-0.3379,0.4076,0.537
0.207305,-0.1088,-0.3729,0.3844,0.547
0.212150,-0.1211,-0.3889,0.3955,0.568
0.217794,-0.1623,-0.3953,0.3692,0.565
0.222516,-0.2181,-0.3638,0.3247,0.534
0.227210,-0.2266,-0.3469,0.2573,0.488
0.232150,-0.2354,-0.3254,0.1955,0.447
0.237394,-0.1970,-0.2852,0.1058,0.362
0.242155,-0.1829,-0.2880,0.0360,0.343
0.247258,-0.2357,-0.2385,-0.0620,0.341
0.256922,-0.2073,-0.2036,-0.1358,0.321
0.257633,-0.2124,-0.1641,-0.2048,0.338
0.262057,-0.2317,-0.1201,-0.2454,0.358
0.267272,-0.2128,-0.1095,-0.3291,0.407
0.272473,-0.1986,-0.1131,-0.3985,0.459
0.276918,-0.2224,-0.1213,-0.3777,0.455
0.281917,-0.2507,-0.0771,-0.4147,0.491
0.286930,-0.2788,-0.0758,-0.3854,0.482
0.291964,-0.2924,-0.0888,-0.3710,0.481
0.297076,-0.2918,-0.0587,-0.3857,0.487
0.301811,-0.3390,-0.0289,-0.3389,0.480
0.306995,-0.3149,-0.0562,-0.3261,0.457
0.311865,-0.3150,-0.0310,-0.3085,0.442
0.318044,-0.3675,-0.0156,-0.2956,0.472
0.321930,-0.3630,0.0139,-0.2495,0.441
0.326796,-0.3446,0.0240,-0.2175,0.408
0.331910,-0.3456,-0.0087,-0.1426,0.374
0.336847,-0.3565,-0.0176,-0.1246,0.378
0.341736,-0.3914,-0.0219,-0.1438,0.418
0.347209,-0.4266,0.0070,-0.1812,0.463
0.357946,-0.4526,-0.0073,-0.1842,0.489
0.358894,-0.4554,0.0211,-0.1768,0.489
0.361864,-0.4162,0.0064,-0.1829,0.455
0.366755,-0.4258,0.0248,-0.1785,0.462
0.372848,-0.4647,0.0477,-0.1827,0.502
0.377149,-0.4715,0.0465,-0.1575,0.499
0.381614,-0.4892,0.0831,-0.1031,0.507
0.386979,-0.4896,0.0955,-0.0530,0.502
0.391438,-0.4539,0.0982,0.0785,0.471
0.396637,-0.4062,0.1339,0.1911,0.468
0.401491,-0.3082,0.1264,0.2753,0.432
0.406918,-0.1988,0.1235,0.4033,0.466
0.411483,-0.1204,0.1963,0.5797,0.624
0.416570,-0.0729,0.2016,0.7284,0.759
0.421436,-0.0183,0.1969,0.8499,0.873
0.426673,-0.0041,0.1111,1.0022,1.008
0.431472,-0.0584,0.0920,1.2991,1.304
0.437089,-0.1680,0.1531,1.5844,1.601
0.441198,-0.1993,0.2272,1.7538,1.780
0.446484,-0.2009,0.2193,1.8373,1.861
0.454390,-0.2401,0.1775,1.9359,1.959
0.456525,-0.2600,0.1021,2.0406,2.060
0.465445,-0.2788,0.1173,2.1555,2.177
0.466603,-0.2462,0.1697,2.2355,2.255
0.471672,-0.2376,0.2119,2.3326,2.354
0.476370,-0.2337,0.2157,2.3948,2.416
0.481201,-0.1391,0.2244,2.3701,2.385
0.486249,0.0511,0.3142,2.3735,2.395
0.491115,0.2147,0.4277,2.2932,2.343
0.497025,0.4315,0.4984,2.0807,2.183
0.501387,0.7132,0.4890,1.8911,2.079
0.506116,1.0140,0.4791,1.5748,1.933
0.510953,1.2307,0.5235,1.2106,1.804
0.515949,1.3304,0.6032,0.9074,1.720
0.520945,1.5015,0.5985,0.6901,1.758
0.526195,1.6990,0.5815,0.5337,1.873
0.531149,1.9098,0.7527,0.4301,2.097
0.535876,2.0958,0.9395,0.3208,2.319
0.540929,2.3958,1.0413,0.1472,2.616
0.545964,2.7573,1.1395,-0.1450,2.987
0.553917,3.1332,1.2190,-0.5789,3.411
0.556658,3.6324,1.4137,-1.0333,4.032
0.563824,4.2749,1.5646,-1.5077,4.795
0.565809,5.0041,1.6998,-1.9380,5.629
0.571425,5.8265,1.7944,-2.3497,6.534
0.576065,6.6531,1.8332,-2.5236,7.348
0.580964,7.2031,1.9733,-2.6773,7.934
0.585873,7.4170,2.0801,-2.8310,8.207
0.590685,7.4826,2.0677,-2.7224,8.227
0.596120,7.3960,1.9888,-2.5708,8.079
0.601281,7.2391,1.8917,-2.4325,7.868
0.605780,6.9784,1.7577,-2.4068,7.588
0.610821,6.6048,1.5732,-2.3872,7.197
0.616172,6.2988,1.2485,-2.1470,6.771
0.620597,5.9458,0.8371,-1.9290,6.307
0.626238,5.4398,0.4308,-1.8800,5.772
0.630623,4.7899,0.1119,-1.9076,5.157
0.635507,4.2437,-0.3103,-1.9729,4.690
0.640496,3.8257,-0.7627,-2.0504,4.407
0.645555,3.4159,-1.2071,-2.2614,4.271
0.654606,2.9343,-1.6089,-2.4603,4.153
0.655770,2.5338,-2.0824,-2.6221,4.199
0.664348,2.2573,-2.5791,-2.6548,4.335
0.665388,1.8655,-3.0219,-2.7004,4.461
0.670651,1.3159,-3.4344,-2.7315,4.581
0.676420,0.6721,-3.8880,-3.0600,4.993
0.680357,-0.1473,-4.3536,-3.5823,5.640
0.685339,-1.0150,-4.8025,-4.0111,6.339
0.690419,-1.9766,-5.1583,-4.4708,7.106
0.695401,-2.9389,-5.4694,-4.9132,7.918
0.700401,-3.8068,-5.6844,-5.2708,8.636
0.705512,-4.6390,-5.8369,-5.5355,9.286
0.710332,-5.4644,-5.9379,-5.7548,9.911
0.715331,-6.1603,-5.9980,-5.9821,10.474
0.720398,-6.7814,-6.0183,-6.3094,11.046
0.725382,-7.4436,-6.0909,-6.7575,11.755
0.730482,-8.1361,-6.1648,-7.1794,12.480
0.740876,-8.8851,-6.2114,-7.4152,13.134
0.747083,-9.6607,-6.2662,-7.4099,13.693
0.747572,-10.5027,-6.3019,-7.1275,14.171
0.750052,-11.3228,-6.3154,-6.5841,14.541
0.755237,-12.0324,-6.3180,-5.8901,14.812
0.759910,-12.6150,-6.3733,-5.0356,15.004
0.765276,-13.1782,-6.5161,-4.1523,15.276
0.769980,-13.7009,-6.7807,-3.3784,15.656
0.775380,-14.1520,-7.1774,-2.8791,16.127
0.781282,-14.6434,-7.6484,-2.5564,16.717
0.785086,-15.0197,-8.1696,-2.3595,17.260
0.789991,-15.1780,-8.6015,-2.2754,17.594
0.795537,-15.1450,-9.1803,-2.2376,17.851
0.799987,-15.0940,-10.0868,-2.2561,18.294
0.805181,-15.0698,-10.9812,-2.4012,18.800
0.813305,-15.0814,-11.8026,-2.6585,19.334
0.815657,-14.9255,-12.6178,-2.8939,19.757
0.825024,-14.1332,-13.4785,-3.2888,19.805
0.825428,-13.1518,-14.1297,-4.1753,19.750
0.831123,-11.9612,-14.6439,-4.9919,19.556
0.834787,-10.2886,-15.1685,-5.4713,19.128
0.839644,-8.3117,-15.5698,-5.8189,18.584
0.844810,-6.2268,-15.6821,-6.1552,17.961
0.849881,-3.6897,-15.3507,-6.5414,17.089
0.855423,-0.6248,-14.5639,-7.2439,16.278
0.863363,3.2557,-13.3358,-8.5217,16.157
0.864680,8.3629,-11.6509,-10.3567,17.690
0.869846,14.5209,-9.2765,-12.5430,21.313
0.875033,21.6037,-6.2333,-15.0284,27.045
0.880829,28.8539,-2.7978,-17.7415,33.987
0.889695,34.9204,0.8621,-19.8605,40.182
0.890382,39.4946,4.6267,-20.9768,44.958
0.894544,40.2280,8.9059,-20.9113,46.205
0.899556,44.2017,9.1789,-19.2693,49.085
0.904565,46.7350,7.8204,-19.5356,51.254
0.912998,44.3411,7.4479,-17.7606,48.343
0.915332,38.7449,8.4130,-14.2878,42.144
0.923702,33.3029,8.7107,-10.4957,35.988
0.924713,29.0278,7.3421,-7.7132,30.919
0.929507,25.1884,5.3476,-5.9632,26.431
0.934519,21.5581,3.5870,-4.7322,22.361
0.939427,18.0226,1.9520,-3.9029,18.543
0.944469,14.4966,0.4121,-3.6386,14.952
0.949421,11.0533,-1.0430,-3.8486,11.751
0.954517,7.9898,-2.4024,-4.3778,9.422
0.964740,5.4199,-3.8022,-5.1234,8.371
0.965171,3.2332,-5.1066,-5.8683,8.424
0.969263,1.2200,-6.2670,-6.4482,9.074
0.974284,-0.7675,-7.2388,-6.9250,10.047
0.979495,-2.5359,-8.1585,-7.3263,11.255
0.984726,-4.2302,-9.0870,-7.6133,12.587
0.989239,-6.0426,-9.8435,-7.9437,14.018
0.994168,-8.0555,-10.4777,-8.3036,15.608
0.999198,-10.1278,-10.9489,-8.4891,17.161
1.004267,-12.3291,-11.2037,-8.6589,18.775
1.009718,-14.7582,-11.2646,-8.6566,20.485
1.014182,-17.1211,-11.2612,-8.4271,22.158
1.019133,-18.5200,-11.7816,-8.1002,23.397
1.024248,-20.9181,-11.3238,-6.8458,24.752
1.029229,-22.4975,-10.7221,-5.2530,25.470
1.038027,-23.6522,-10.3165,-3.4837,26.038
1.039016,-24.2006,-10.3430,-1.8599,26.384
1.046201,-23.5992,-11.0320,-0.6315,26.058
1.048947,-23.7243,-11.0252,0.3188,26.163
1.054082,-23.7518,-11.2658,1.0939,26.311
1.061198,-23.1343,-12.2623,1.4891,26.226
1.063971,-21.7874,-13.5972,1.4424,25.723
1.069008,-20.0707,-14.8213,1.0035,24.970
1.073951,-18.4898,-15.6364,0.1426,24.215
1.078947,-17.2042,-16.1377,-1.0954,23.614
1.084480,-16.0440,-16.4392,-2.7250,23.132
1.088874,-15.0646,-16.4833,-4.6377,22.807
1.094697,-13.7759,-16.5091,-6.5632,22.481
1.098789,-11.9675,-16.4651,-8.1166,21.913
1.103952,-9.6035,-16.1519,-9.3022,20.968
1.110891,-6.7873,-15.6214,-10.1653,19.835
1.113756,-3.4456,-14.8887,-10.9202,18.783
1.119075,0.2311,-13.7753,-11.5762,17.995
1.123775,4.3944,-12.0929,-12.0518,17.629
1.128825,9.2768,-10.0795,-12.4870,18.536
1.134291,14.5826,-7.7178,-12.8685,20.924
1.138909,19.8147,-5.0193,-13.3265,24.401
1.143634,24.4265,-2.1154,-13.8516,28.160
1.148618,27.7022,0.8023,-14.2507,31.163
1.154041,29.2523,3.5007,-14.2097,32.709
1.158810,30.9576,4.8451,-13.4558,34.101
1.163876,32.0644,5.3350,-13.1723,35.073
1.168957,31.0930,5.9620,-11.9903,33.854
1.173416,30.3601,5.8677,-10.3241,32.600
1.178496,28.0896,6.0379,-8.7679,30.039
1.183485,25.0698,5.9484,-6.8695,26.666
1.188295,21.8131,5.3315,-5.5540,23.132
1.193790,18.5092,4.4108,-4.5432,19.562
1.198341,15.3902,3.4265,-3.6495,16.184
1.203375,12.4671,2.6227,-2.8583,13.057
1.208233,9.7125,2.0508,-2.1558,10.158
1.213296,7.3696,1.5717,-1.5257,7.688
1.218186,5.4582,1.0789,-1.1104,5.674
1.223366,3.8874,0.5227,-0.8419,4.012
1.228205,2.5731,-0.0766,-0.7568,2.683
1.233218,1.4080,-0.5943,-0.6864,1.675
1.238331,0.4428,-1.0732,-0.6249,1.318
1.243385,-0.5382,-1.5935,-0.5644,1.774
1.248295,-1.4599,-1.9899,-0.4804,2.514
1.254197,-2.2939,-2.2569,-0.3363,3.236
1.258359,-2.9474,-2.5286,-0.2039,3.889
1.263351,-3.5995,-2.7053,-0.0975,4.504
1.268094,-4.0369,-2.8593,-0.0219,4.947
1.273011,-4.3636,-2.9913,0.0144,5.290
1.278120,-4.6587,-2.9974,-0.0202,5.540
1.283255,-4.8917,-2.9357,0.0041,5.705
1.288123,-5.0441,-2.8741,-0.0569,5.806
1.293001,-5.0257,-2.8181,-0.0746,5.762
1.297911,-4.9039,-2.6536,-0.0785,5.576
1.303041,-4.7422,-2.5297,-0.0923,5.376
1.307898,-4.4994,-2.3611,-0.0505,5.081
1.313020,-4.2672,-2.2199,-0.0345,4.810
1.318137,-3.9591,-2.0827,-0.0686,4.474
1.323201,-3.6801,-1.9210,-0.1346,4.153
1.328048,-3.4437,-1.6921,-0.2570,3.846
1.333301,-3.0779,-1.5494,-0.3361,3.462
1.337952,-2.6665,-1.5025,-0.4111,3.088
1.342968,-2.3721,-1.4029,-0.4963,2.800
1.347811,-2.0698,-1.2128,-0.4727,2.445
1.353226,-1.8214,-1.0470,-0.4173,2.142
1.357752,-1.6120,-0.9104,-0.3542,1.885
1.362833,-1.4173,-0.8508,-0.3173,1.683
1.370196,-1.2173,-0.7675,-0.2592,1.462
1.372733,-1.0549,-0.7038,-0.2327,1.289
1.377872,-0.8576,-0.6499,-0.2381,1.102
1.382697,-0.6200,-0.5866,-0.2615,0.893
1.387782,-0.3606,-0.4662,-0.2410,0.637
1.392973,-0.1364,-0.3796,-0.1434,0.428
1.397625,0.1208,-0.2644,-0.0263,0.292
1.402739,0.3399,-0.1351,0.1388,0.391
1.407718,0.5502,0.0179,0.3043,0.629
1.412692,0.6902,0.1515,0.4941,0.862
1.417939,0.8081,0.2754,0.5837,1.034
1.422617,0.8369,0.3752,0.5443,1.067
1.427621,0.8587,0.4129,0.5097,1.081
1.432591,0.8828,0.4317,0.4121,1.066
1.437404,0.9380,0.4700,0.2888,1.088
1.443747,1.0436,0.5230,0.2400,1.192
1.447540,1.1137,0.5526,0.1651,1.254
1.452773,1.0953,0.5397,0.1406,1.229
1.458384,1.1236,0.5035,0.2865,1.264
1.468442,1.2077,0.4535,0.5264,1.393
1.474661,1.2856,0.4425,0.8469,1.602
1.475241,1.2618,0.4702,1.1150,1.748
1.477286,1.1409,0.5556,1.2453,1.778
1.482466,1.0090,0.5505,1.2768,1.718
1.487461,0.9325,0.4693,1.3056,1.672
1.493134,0.8384,0.3933,1.3170,1.610
1.497446,0.6991,0.3323,1.3207,1.531
1.502548,0.5516,0.4250,1.2257,1.410
1.507348,0.4726,0.4509,1.1088,1.287
1.512427,0.5532,0.3530,1.0129,1.207
1.518105,0.6306,0.2320,0.9285,1.146
1.522409,0.7094,0.1979,1.0040,1.245
1.527137,0.8154,0.1838,1.1685,1.437
1.532256,1.0057,0.2185,1.3502,1.698
1.537374,1.1129,0.3066,1.4636,1.864
1.542227,1.2426,0.2953,1.4275,1.915
1.547425,1.3899,0.2038,1.2325,1.869
1.555161,1.4436,0.0851,0.9546,1.733
1.557667,1.3387,-0.0939,0.6083,1.473
1.565853,1.2796,-0.2853,0.2934,1.343
1.567060,1.3430,-0.3982,0.1287,1.407
1.572691,1.4036,-0.5472,0.0472,1.507
1.577363,1.2792,-0.5844,-0.0034,1.406
1.582094,1.0783,-0.5963,-0.0611,1.234
1.587037,1.0851,-0.7737,0.0380,1.333
1.592023,1.1980,-0.9779,0.1310,1.552
1.597340,1.2586,-0.9888,-0.0782,1.602
1.602129,1.1228,-0.9455,-0.3829,1.517
1.606910,0.9387,-1.0300,-0.5923,1.514
1.612103,0.7432,-1.1610,-0.8324,1.610
1.616881,0.4807,-1.2183,-1.2510,1.811
1.621938,0.1924,-1.2409,-1.7826,2.181
1.627081,-0.1367,-1.2053,-2.3703,2.663
1.632005,-0.4591,-1.3222,-2.8764,3.199
1.637339,-0.8228,-1.5102,-3.4647,3.868
1.641790,-1.1424,-1.8511,-4.0745,4.619
1.646744,-1.4157,-2.2337,-4.7482,5.435
1.654302,-1.6583,-2.5344,-5.3298,6.130
1.656803,-1.9038,-2.8683,-6.0067,6.923
1.662080,-2.2483,-3.1689,-6.6027,7.661
1.666798,-2.7497,-3.4893,-7.1091,8.383
1.672295,-3.2845,-3.8689,-7.5077,9.062
1.676601,-3.8569,-4.2738,-7.7359,9.643
1.681626,-4.6022,-4.7003,-7.8950,10.276
1.686757,-5.3867,-5.1249,-7.9232,10.865
1.691552,-6.1635,-5.5724,-7.8404,11.424
1.697053,-7.1153,-5.9622,-7.6281,12.015
1.701577,-8.3343,-6.3385,-7.2486,12.735
1.706820,-9.8312,-6.5589,-6.8031,13.636
1.711652,-11.7385,-6.6975,-6.2792,14.902
1.716470,-13.7783,-7.0205,-5.7899,16.512
1.721521,-15.5536,-7.5731,-5.3756,18.115
1.726680,-16.9970,-8.2128,-4.9366,19.512
1.731528,-18.1893,-8.8537,-4.4412,20.711
1.736593,-18.8232,-9.7515,-4.0503,21.583
1.741385,-19.9762,-10.4651,-3.3495,22.799
1.746876,-20.6961,-11.5339,-2.6241,23.838
1.755726,-20.5796,-12.9972,-2.1382,24.434
1.756829,-20.1311,-14.5576,-1.7379,24.904
1.761490,-19.3987,-16.2984,-1.5981,25.387
1.766550,-18.3539,-18.0332,-1.8174,25.795
1.771755,-17.4459,-19.3745,-2.4036,26.182
1.778022,-16.1632,-20.5820,-3.5308,26.407
1.781505,-14.4713,-21.8339,-5.2159,26.708
1.787410,-12.5265,-22.8881,-7.0736,27.034
1.791298,-9.9188,-23.3327,-8.8347,26.849
1.796269,-6.2751,-22.9398,-10.3828,25.950
1.801903,-1.0013,-21.7726,-12.1066,24.932
1.806147,5.6025,-19.6121,-13.9365,24.703
1.812055,12.7877,-16.5505,-15.6782,26.139
1.816796,20.2811,-12.8620,-17.4126,29.664
1.821145,27.7322,-8.6676,-18.9591,34.694
1.825978,34.5522,-4.3886,-19.8374,40.083
1.831074,40.4356,-0.5267,-19.8576,45.052
1.836014,44.0207,2.7784,-18.9254,47.997
1.841065,44.8662,5.1736,-16.8730,48.212
1.847190,43.8353,6.2114,-14.3116,46.529
1.856838,41.9516,5.9508,-11.7366,43.967
1.857369,38.3267,5.3468,-9.5693,39.864
1.864721,33.5336,4.7916,-7.8272,34.767
1.865856,28.6836,4.0016,-6.5296,29.688
1.872714,23.9428,3.1140,-5.7113,24.811
1.877261,19.1249,2.4038,-5.4344,20.027
1.880884,14.5238,2.0215,-5.6470,15.714
1.885723,10.4336,1.6714,-6.2895,12.297
1.891291,6.7182,1.2243,-7.0013,9.780
1.895994,3.0420,0.8360,-7.3768,8.023
1.901430,-0.7682,0.5563,-7.2578,7.320
1.905848,-4.4951,0.4682,-6.5631,7.969
1.910861,-7.8441,0.4726,-5.3345,9.498
1.915783,-10.3985,0.4148,-3.8375,11.092
1.921020,-11.9815,0.1315,-2.2944,12.200
1.926411,-12.5650,-0.4935,-0.8595,12.604
1.930827,-12.3434,-1.3852,0.2629,12.424
1.936449,-11.6857,-2.2008,1.2899,11.961
1.940654,-10.5868,-2.8512,2.2626,11.195
1.945612,-9.2198,-3.3525,3.0956,10.287
1.954059,-7.7355,-3.7875,3.7251,9.384
1.955626,-6.0914,-4.1382,4.1395,8.448
1.960686,-4.4844,-4.3051,4.3890,7.610
1.965470,-3.0679,-4.2700,4.3561,6.828
1.971310,-1.8525,-4.1580,4.2015,6.195
1.975603,-0.8493,-3.9409,3.9700,5.658
1.980709,0.2316,-3.6813,3.6415,5.183
1.985379,1.0243,-3.2889,3.2636,4.745
1.990697,1.4682,-2.8740,2.9604,4.379
1.996058,1.6065,-2.4273,2.6750,3.953
2.000435,1.5054,-1.9199,2.3990,3.422
2.005375,1.3559,-1.4520,2.0171,2.831
2.010410,1.2815,-1.0952,1.5921,2.319
2.015309,1.2148,-0.8780,1.2104,1.927
2.020489,1.1652,-0.7620,0.8867,1.651
2.025372,1.1663,-0.5701,0.7171,1.483
2.030480,1.1700,-0.4030,0.7368,1.440
2.035267,1.1095,-0.2037,0.9323,1.463
2.040287,0.9984,0.0898,1.2718,1.619
2.045280,0.8696,0.3194,1.5074,1.769
2.050664,0.6648,0.4424,1.4717,1.674
2.055912,0.4310,0.5357,1.1835,1.369
2.062675,0.2101,0.4852,0.6936,0.872
2.065138,-0.0264,0.4061,0.1585,0.437
2.070362,-0.2554,0.3564,-0.3089,0.536
2.075175,-0.4821,0.3124,-0.6479,0.866
2.080267,-0.6208,0.3365,-0.8787,1.127
2.085071,-0.6620,0.3138,-1.1120,1.332
2.090455,-0.5864,0.2253,-1.2382,1.388
2.095019,-0.4986,0.0950,-1.3250,1.419
2.100120,-0.3310,-0.0150,-1.2669,1.310
2.104944,-0.1549,-0.1241,-1.1691,1.186
2.110055,0.0780,-0.1558,-1.0261,1.041
2.115472,0.2917,-0.2254,-0.8949,0.968
2.120192,0.4533,-0.2755,-0.7508,0.919
2.125049,0.6113,-0.3158,-0.6510,0.947
2.130044,0.7754,-0.3130,-0.5377,0.994
2.135022,0.8834,-0.2959,-0.3960,1.012
2.139866,0.9209,-0.2934,-0.2253,0.992
2.144803,0.8832,-0.2384,-0.1453,0.926
2.150186,0.8176,-0.2075,-0.0839,0.848
2.155298,0.7053,-0.2007,-0.0169,0.734
2.164537,0.5935,-0.1893,0.0223,0.623
2.164874,0.5152,-0.1733,0.1346,0.560
2.169898,0.3938,-0.1623,0.2054,0.473
2.175052,0.3203,-0.0989,0.2203,0.401
2.179753,0.2510,-0.0454,0.2366,0.348
2.185157,0.2010,-0.0254,0.1197,0.235
2.189725,0.1411,-0.0293,-0.0497,0.152
2.194729,0.0954,-0.0329,-0.1381,0.171
2.199739,0.0205,-0.0170,-0.1747,0.177
2.204574,-0.0166,0.0280,-0.2027,0.205
2.209554,-0.0592,0.0686,-0.1885,0.209
2.214626,-0.1119,0.0664,-0.1657,0.211
2.220172,-0.1704,0.0933,-0.0910,0.215
2.224540,-0.1488,0.1158,-0.0361,0.192
2.229564,-0.0851,0.1672,-0.0055,0.188
2.234920,0.0210,0.1899,0.0489,0.197
2.239542,0.1890,0.1791,0.1567,0.304
2.244498,0.6121,0.2299,0.5678,0.866
2.249568,1.0513,0.2651,1.1881,1.608
2.254724,1.1809,0.3469,1.6350,2.047
2.262058,1.0098,0.4372,1.6018,1.943
2.264434,0.6854,0.4693,1.2220,1.478
2.269423,0.4899,0.4246,0.6864,0.944
2.274599,0.2653,0.3992,0.1852,0.514
2.279533,0.0351,0.4028,-0.2680,0.485
2.284830,-0.1294,0.3925,-0.6021,0.730
2.289408,-0.1853,0.2153,-0.8130,0.861
2.294336,-0.2282,0.0867,-0.9387,0.970
2.299524,-0.2870,0.0686,-0.9262,0.972
2.304392,-0.3664,0.0985,-0.7894,0.876
2.309789,-0.5050,0.0804,-0.5035,0.718
2.314148,-0.5883,-0.0386,-0.2066,0.625
2.319302,-0.5158,-0.2582,-0.1233,0.590
2.324252,-0.4977,-0.3584,-0.1624,0.634
2.329334,-0.5434,-0.3584,-0.2956,0.715
2.334873,-0.5620,-0.3107,-0.4515,0.785
2.339191,-0.5437,-0.3014,-0.5780,0.849
2.344060,-0.4883,-0.3256,-0.6469,0.873
2.349081,-0.4151,-0.3735,-0.6057,0.824
2.354024,-0.3523,-0.3736,-0.5262,0.735
2.364248,-0.3334,-0.3019,-0.4563,0.641
2.364570,-0.2621,-0.2495,-0.3909,0.533
2.369091,-0.1575,-0.2402,-0.3448,0.449
2.373877,-0.0671,-0.1640,-0.3131,0.360
2.379042,0.0000,-0.1883,-0.2864,0.343
2.384641,0.0869,-0.1169,-0.2838,0.319
2.388894,0.0694,-0.0743,-0.2862,0.304
2.393788,0.0336,-0.0986,-0.3177,0.334
2.398907,-0.0831,-0.0989,-0.3307,0.355
2.403830,-0.1708,-0.0942,-0.3348,0.388
2.408855,-0.2300,-0.0796,-0.3111,0.395
2.413773,-0.2799,-0.0888,-0.3123,0.429
2.418797,-0.3112,-0.1025,-0.2663,0.422
2.423833,-0.3191,-0.0777,-0.2114,0.391
2.428827,-0.3328,-0.0912,-0.1041,0.360
2.433815,-0.3523,-0.0712,0.0751,0.367
2.438754,-0.3107,-0.1183,0.2213,0.399
2.443658,-0.2509,-0.0891,0.3014,0.402
2.448742,-0.1726,-0.0554,0.4019,0.441
2.454101,-0.0564,-0.0796,0.4652,0.475
2.458871,0.0550,-0.0753,0.4581,0.467
2.463583,0.0948,-0.0331,0.3896,0.402
2.469431,0.1350,0.0089,0.3028,0.332
2.473461,0.1516,0.0077,0.2404,0.284
2.478572,0.1832,-0.0270,0.1972,0.271
2.483565,0.1725,-0.0617,0.1253,0.222
2.488653,0.1149,-0.0820,0.0627,0.154
2.493493,0.0821,-0.1261,0.0477,0.158
2.498636,-0.0075,-0.1461,0.0562,0.157
2.503501,-0.0631,-0.1852,0.1027,0.221
2.508508,-0.1088,-0.1763,0.1009,0.230
2.513517,-0.0774,-0.1913,0.0750,0.220
2.518476,-0.0886,-0.1440,0.1111,0.202
2.523368,-0.0897,-0.0968,0.1375,0.191
2.528358,-0.0953,-0.0736,0.1303,0.177
2.533381,-0.1005,-0.1317,0.1038,0.196
2.538299,-0.1726,-0.1131,0.0628,0.216
2.543243,-0.1922,-0.0898,0.0505,0.218
2.548357,-0.2025,-0.0664,0.0621,0.222
2.553317,-0.1653,-0.0431,0.0352,0.174
2.558348,-0.1285,-0.0244,-0.0446,0.138
2.563183,-0.0773,-0.0391,-0.0530,0.102
2.572706,-0.0453,-0.0442,0.0004,0.063
2.573225,-0.0230,-0.0540,0.0585,0.083
2.578374,0.0234,-0.0399,0.0973,0.108
2.583061,0.0699,-0.0785,0.2034,0.229
2.588292,0.0591,-0.0741,0.2427,0.261
2.593034,0.1157,-0.0794,0.2442,0.282
2.598107,0.1678,-0.0609,0.2749,0.328
2.602997,0.1821,-0.0712,0.2820,0.343
2.608075,0.1443,-0.0290,0.2126,0.259
2.613009,0.1118,-0.0585,0.0998,0.161
2.618610,0.0744,-0.1013,-0.0518,0.136
2.623166,0.0661,-0.1102,-0.1176,0.174
2.628386,0.0298,-0.0666,-0.1936,0.207
2.633147,-0.0012,-0.0753,-0.2319,0.244
2.638037,-0.0698,-0.0884,-0.2374,0.263
2.643394,-0.1476,-0.1013,-0.2009,0.269
2.648204,-0.1778,-0.0520,-0.1560,0.242
2.652865,-0.2038,-0.0220,-0.1312,0.243
2.658236,-0.2302,-0.0681,-0.1403,0.278
2.663390,-0.2236,-0.0424,-0.0831,0.242
2.671295,-0.2653,-0.0501,-0.0597,0.276
2.672626,-0.2596,-0.0341,-0.0270,0.263
2.677813,-0.2592,-0.0135,-0.0274,0.261
2.682809,-0.2546,0.0306,0.0248,0.258
2.687882,-0.2648,0.0173,0.0534,0.271
2.692998,-0.2897,-0.0009,0.0347,0.292
2.697754,-0.2626,0.0285,-0.0402,0.267
2.702848,-0.2504,-0.0281,-0.1139,0.277
2.707859,-0.2672,-0.1033,-0.0914,0.301
2.712700,-0.2842,-0.1210,-0.0922,0.322
2.718075,-0.3015,-0.0865,-0.1158,0.334
2.722656,-0.3146,-0.1239,-0.1194,0.359
2.727634,-0.3142,-0.1230,-0.1554,0.371
2.732631,-0.3289,-0.0938,-0.2096,0.401
2.737703,-0.3016,-0.0698,-0.2580,0.403
2.743143,-0.1897,-0.0080,-0.2533,0.317
2.747636,-0.0887,0.0104,-0.2718,0.286
2.752561,-0.0365,-0.0285,-0.2279,0.233
2.757624,0.0339,0.0040,-0.1931,0.196
2.762886,0.0942,-0.0019,-0.1293,0.160
2.771664,0.1730,0.0394,-0.1175,0.213
2.772599,0.2560,0.0804,-0.1481,0.306
2.777632,0.2865,0.0924,-0.1591,0.341
2.782405,0.3172,0.0472,-0.1127,0.340
2.787532,0.3292,0.0546,-0.0760,0.342
2.793036,0.2607,0.0666,0.0272,0.270
2.797429,0.2073,0.0594,0.0969,0.236
2.802389,0.1973,0.0378,0.0904,0.220
2.807424,0.1736,0.0402,0.1125,0.211
2.812390,0.1838,0.0188,0.0442,0.190
2.818038,0.1135,-0.0213,-0.0335,0.120
2.822280,0.0775,-0.0230,-0.0444,0.092
2.827643,0.0276,0.0039,-0.1127,0.116
2.832231,-0.0075,0.0356,-0.1005,0.107
2.837950,0.0147,0.0435,-0.1180,0.127
2.842448,0.0367,0.0469,-0.1128,0.128
2.847425,0.0350,0.0078,-0.1039,0.110
2.854732,0.0478,0.0072,-0.0200,0.052
2.857227,0.0035,0.0068,0.0531,0.054
2.862829,-0.0594,0.0254,0.1301,0.145
2.867647,-0.0840,0.0249,0.1969,0.215
2.872443,-0.0898,0.0007,0.2775,0.292
2.877158,-0.1579,-0.0377,0.3530,0.389
2.882063,-0.2925,-0.1423,0.3284,0.462
2.887096,-0.2031,-0.0937,-0.2245,0.317
2.892223,-0.0528,-0.0546,-0.4894,0.495
2.897303,-0.0176,0.0034,-0.3115,0.312
2.901840,0.0887,0.0705,-0.0354,0.119
2.906915,0.1849,0.0467,0.1104,0.220
2.911889,0.2476,0.0658,0.1078,0.278
2.916972,0.1343,-0.0387,0.0718,0.157
2.921832,0.0314,-0.1471,-0.0020,0.150
2.926874,0.1052,-0.0360,-0.0611,0.127
2.931899,0.1405,0.0457,-0.0583,0.159
2.937162,0.1424,0.1030,-0.0176,0.177
2.942039,0.2016,0.0885,0.1183,0.250
2.947037,0.2512,0.1546,0.3203,0.435
2.955542,0.2911,0.2103,0.4033,0.540
2.957271,0.2311,0.1560,0.4155,0.500
2.967634,0.1335,0.1494,0.2812,0.345
2.967935,0.0698,0.2048,-0.0138,0.217
2.972104,0.0970,0.2647,-0.4170,0.503
