0.001315,0.0888,0.2509,-0.8235,0.865
0.005002,0.1247,0.3015,-0.8525,0.913
0.010353,0.1754,0.2622,-0.8362,0.894
0.015161,0.2597,0.2524,-0.8178,0.894
0.020210,0.3255,0.2005,-0.7780,0.867
0.024869,0.3440,0.1399,-0.7022,0.794
0.029956,0.3163,0.1278,-0.5669,0.662
0.035397,0.2756,0.1064,-0.4479,0.537
0.039876,0.2455,0.0474,-0.2592,0.360
0.045864,0.3450,-0.0208,-0.0670,0.352
0.050327,0.7306,-0.1174,0.2674,0.787
0.054914,0.4815,0.0475,0.4584,0.667
0.059932,0.3204,0.1108,0.5545,0.650
0.064883,0.2744,0.0875,0.6137,0.678
0.070920,0.2001,0.0685,0.5747,0.612
0.075048,0.1641,0.0492,0.4902,0.519
0.079910,0.0854,0.0296,0.4173,0.427
0.084831,0.0589,0.0195,0.3177,0.324
0.089817,0.0276,0.0187,0.2195,0.222
0.095539,-0.0086,-0.0154,0.1368,0.138
0.099684,-0.0494,-0.0065,0.0456,0.068
0.104657,-0.0809,-0.0072,0.0073,0.082
0.110048,-0.0886,0.0065,-0.0165,0.090
0.118047,-0.1301,-0.0083,-0.0070,0.131
0.120787,-0.1525,-0.0515,-0.0213,0.162
0.124682,-0.1750,-0.0705,-0.0451,0.194
0.135083,-0.2405,-0.1035,-0.0929,0.278
0.135294,-0.2823,-0.0980,-0.1168,0.321
0.139641,-0.2863,-0.1163,-0.1406,0.340
0.144352,-0.3101,-0.1770,-0.1217,0.377
0.149587,-0.3246,-0.1896,-0.1175,0.394
0.154689,-0.3160,-0.1736,-0.0992,0.374
0.159472,-0.3081,-0.1671,-0.0953,0.363
0.164436,-0.3059,-0.1559,-0.0630,0.349
0.170593,-0.3043,-0.1827,-0.0500,0.358
0.174489,-0.2557,-0.1950,-0.0322,0.323
0.179500,-0.2364,-0.1550,0.0043,0.283
0.184508,-0.2321,-0.1200,0.0075,0.261
0.189541,-0.2093,-0.0664,0.0773,0.233
0.194533,-0.1534,-0.0656,0.1469,0.222
0.199459,-0.0789,-0.0982,0.2164,0.250
0.204311,-0.0238,-0.0548,0.2859,0.292
0.209487,0.0122,-0.0452,0.3271,0.330
0.214975,0.0342,-0.0264,0.3352,0.338
0.219279,0.0470,-0.0127,0.3059,0.310
0.224250,0.0081,0.0341,0.2486,0.251
0.233048,-0.0729,0.0423,0.1684,0.188
0.234522,-0.1483,0.0693,0.0938,0.189
0.239288,-0.1896,0.1485,0.0245,0.242
0.244300,-0.2163,0.1796,-0.1017,0.299
0.249112,-0.2380,0.1868,-0.1893,0.357
0.254089,-0.2740,0.1800,-0.2531,0.414
0.259212,-0.2908,0.1830,-0.2745,0.440
0.264097,-0.2697,0.1814,-0.3487,0.477
0.269103,-0.2917,0.2372,-0.3803,0.535
0.274198,-0.3042,0.2072,-0.2984,0.474
0.278909,-0.3314,0.1872,-0.2891,0.478
0.284058,-0.3303,0.1817,-0.2183,0.436
0.289214,-0.3105,0.1620,-0.1006,0.364
0.293994,-0.2960,0.1091,0.0023,0.316
0.299320,-0.2965,0.0944,0.0957,0.326
0.304014,-0.2688,0.0985,0.1560,0.326
0.309068,-0.2465,0.0595,0.2692,0.370
0.313815,-0.2152,0.0393,0.3308,0.397
0.318871,-0.1558,0.0284,0.3315,0.367
0.323944,-0.1254,0.0409,0.2669,0.298
0.329383,-0.1141,0.0291,0.2233,0.252
0.334049,-0.1074,0.0694,0.1239,0.178
0.338733,-0.0817,0.0617,0.0593,0.118
0.343732,-0.1227,0.0633,0.0004,0.138
0.348872,-0.1538,0.1030,-0.0532,0.193
0.353774,-0.1326,0.1139,-0.1589,0.236
0.358877,-0.1447,0.0679,-0.2735,0.317
0.363674,-0.1139,0.0462,-0.3358,0.358
0.368656,-0.1163,0.0155,-0.4082,0.425
0.374627,-0.1139,-0.0098,-0.4570,0.471
0.378696,-0.1493,-0.0585,-0.3972,0.428
0.383614,-0.1656,-0.0351,-0.3293,0.370
0.388576,-0.1771,-0.0308,-0.2719,0.326
0.393484,-0.1792,-0.0739,-0.2251,0.297
0.398607,-0.1720,-0.0927,-0.1981,0.278
0.403534,-0.1843,-0.1065,-0.1432,0.257
0.408550,-0.1920,-0.1201,-0.0699,0.237
0.413492,-0.1859,-0.1194,0.0410,0.225
0.418695,-0.2041,-0.1046,0.0943,0.248
0.423378,-0.2323,-0.0520,0.1954,0.308
0.428890,-0.2566,0.0142,0.2867,0.385
0.433412,-0.2913,0.0511,0.4065,0.503
0.438474,-0.2749,0.0875,0.5024,0.579
0.443337,-0.2738,0.1281,0.5890,0.662
0.448396,-0.2456,0.1443,0.7094,0.764
0.453611,-0.2091,0.1790,0.7872,0.834
0.458461,-0.2170,0.1846,0.8848,0.929
0.463274,-0.1925,0.2087,0.9782,1.019
0.468292,-0.1407,0.2607,1.0677,1.108
0.473435,-0.1758,0.3404,1.2100,1.269
0.480587,-0.2075,0.4427,1.3246,1.412
0.483411,-0.1978,0.5864,1.4545,1.581
0.488252,-0.1757,0.6618,1.6567,1.793
0.493302,-0.0987,0.7266,1.8168,1.959
0.498414,-0.0050,0.8281,1.9785,2.145
0.504347,0.1013,0.9377,2.1460,2.344
0.508133,0.1334,0.9884,2.2732,2.482
0.512979,0.1778,1.0521,2.3649,2.595
0.518005,0.2867,1.1050,2.4407,2.694
0.523016,0.4645,1.1993,2.4959,2.808
0.528564,0.7482,1.2939,2.4712,2.888
0.533076,1.7673,0.7340,1.8555,2.665
0.538080,1.0408,1.4929,2.4784,3.075
0.542962,1.0044,1.9570,2.9132,3.650
0.548045,1.5798,1.9552,3.1999,4.069
0.553623,1.8300,1.9329,3.5359,4.426
0.557972,2.1919,1.6611,3.5101,4.459
0.563024,2.4514,1.5137,3.3024,4.383
0.568016,2.5177,1.4755,3.0308,4.207
0.573034,2.5498,1.4130,2.7838,4.031
0.578763,2.6246,1.3409,2.5225,3.879
0.583027,2.7468,1.3453,2.2269,3.783
0.587776,2.8831,1.3738,1.9010,3.717
0.593036,2.8760,1.3267,1.4508,3.484
0.598102,2.9222,1.2276,0.9794,3.317
0.603487,3.1177,0.9959,0.4836,3.308
0.607800,3.2234,0.9284,0.0534,3.355
0.612612,2.8567,1.1580,0.2050,3.089
0.617734,2.8208,1.1443,0.2440,3.054
0.622700,2.9139,1.0600,0.0499,3.101
0.630725,3.0419,0.9145,-0.1682,3.181
0.632565,3.0849,0.7369,-0.4840,3.208
0.637965,3.0142,0.5943,-0.8551,3.189
0.642668,2.7486,0.5679,-1.1723,3.042
0.647759,2.4312,0.5761,-1.5560,2.943
0.653385,2.2323,0.5235,-1.9651,3.020
0.657579,2.1730,0.3337,-2.3979,3.253
0.662549,2.2710,0.0025,-2.8418,3.638
0.667658,2.2875,-0.3600,-3.1533,3.912
0.672604,2.0886,-0.6390,-3.3087,3.965
0.677431,1.7268,-0.8539,-3.3651,3.877
0.682558,1.2860,-1.0097,-3.2505,3.639
0.687387,1.1178,-1.2927,-3.3175,3.732
0.692294,0.9329,-1.5499,-3.3408,3.799
0.697514,0.8029,-1.8672,-3.4155,3.974
0.702323,0.7082,-2.2635,-3.7184,4.410
0.707253,0.4956,-2.4854,-4.0820,4.805
0.712168,0.1250,-2.6243,-4.4113,5.134
0.717211,-0.2907,-2.7996,-4.8117,5.574
0.722188,-0.6676,-2.9828,-5.0924,5.939
0.727267,-0.7622,-3.2550,-5.5171,6.451
0.732125,-0.9144,-3.5203,-6.0241,7.037
0.737133,-1.2484,-3.8265,-6.5469,7.685
0.742069,-1.7848,-4.0687,-6.9276,8.230
0.747350,-2.4302,-4.3613,-7.1493,8.720
0.752082,-3.2255,-4.6760,-7.3457,9.286
0.757463,-3.9573,-5.0511,-7.2537,9.685
0.762984,-4.6314,-5.4772,-6.9157,9.964
0.767054,-5.2251,-5.9210,-6.3347,10.124
0.772162,-6.0898,-6.4216,-5.5210,10.431
0.777098,-7.0813,-6.9407,-4.6427,10.949
0.782325,-8.4324,-7.4176,-3.7004,11.825
0.787176,-10.2613,-7.7630,-2.7886,13.166
0.792012,-12.2899,-7.8546,-1.8687,14.705
0.797104,-13.9015,-7.9097,-1.1066,16.032
0.802031,-15.2537,-8.2065,-0.7236,17.336
0.807074,-16.8793,-8.5402,-0.3417,18.920
0.812456,-18.2843,-9.0495,-0.1264,20.402
0.817237,-19.2810,-9.4706,-0.0553,21.481
0.821840,-19.2450,-10.2514,-0.1425,21.806
0.827018,-18.4394,-11.4357,-0.4121,21.702
0.832161,-17.3875,-12.8175,-0.7273,21.613
0.836959,-16.3105,-14.0067,-0.7289,21.512
0.841871,-15.1982,-14.7743,-0.5004,21.202
0.846945,-14.0021,-15.2412,-0.3638,20.700
0.851875,-12.7828,-15.7047,-0.5945,20.258
0.856897,-11.5904,-15.8546,-1.0856,19.669
0.868683,-10.1760,-15.6505,-1.6600,18.741
0.869066,-8.1104,-15.2562,-2.5586,17.466
0.874431,-5.2067,-14.6614,-3.8954,16.039
0.877021,-1.6199,-13.8522,-5.3381,14.933
0.881612,2.4833,-12.3633,-6.9837,14.415
0.886707,7.1971,-10.3018,-8.8409,15.365
0.891757,12.4449,-7.9620,-10.6431,18.208
0.897309,18.2205,-5.1281,-12.1880,22.513
0.901732,24.2106,-1.6386,-13.8040,27.918
0.906584,30.3024,1.5465,-15.6304,34.131
0.911892,35.7684,4.3875,-17.0617,39.871
0.916559,40.2145,7.0758,-17.5141,44.430
0.922472,43.2810,9.6517,-17.3226,47.607
0.926743,44.5511,11.6553,-16.3671,48.873
0.931485,43.8325,12.0800,-15.1238,47.916
0.937766,41.3733,11.7748,-13.7869,45.172
0.941670,37.4897,11.0649,-11.5240,40.752
0.946510,32.6754,10.8501,-9.1487,35.625
0.951544,27.9520,10.3963,-7.2944,30.702
0.956371,23.6981,8.9986,-6.5129,26.172
0.963216,20.1956,6.8491,-6.3966,22.264
0.966293,17.4410,4.5134,-5.8470,18.941
0.971456,15.2211,2.2924,-4.7802,16.118
0.976382,12.8593,0.1992,-3.8333,13.420
0.981318,9.9366,-1.8221,-3.2729,10.619
0.986562,6.7570,-3.6497,-3.2208,8.328
0.991221,3.5112,-5.2971,-3.6677,7.338
0.996774,0.4945,-6.8580,-4.4097,8.168
1.001240,-2.1651,-8.2740,-5.2245,10.022
1.006524,-4.4541,-9.4594,-5.8705,11.991
1.012099,-6.7341,-10.5435,-6.2931,14.004
1.016181,-9.2277,-11.3909,-6.4110,16.000
1.022935,-12.1123,-11.8027,-6.0632,17.966
1.026392,-15.4520,-11.8546,-5.8592,20.338
1.031757,-20.2554,-11.1453,-5.9380,23.870
1.036718,-24.3865,-10.3695,-5.8542,27.139
1.041033,-25.9307,-10.6556,-5.4922,28.568
1.047422,-27.1100,-10.9347,-4.1633,29.527
1.051582,-27.7478,-11.2588,-2.4075,30.042
1.056473,-27.6964,-11.9982,-0.9741,30.199
1.061466,-28.5790,-12.4317,0.3231,31.167
1.066155,-29.3081,-13.1279,1.0673,32.132
1.070942,-28.5700,-14.5227,0.9169,32.062
1.076059,-27.1502,-15.9702,-0.1258,31.499
1.081069,-25.5675,-17.1869,-1.5151,30.844
1.091441,-23.5777,-18.3585,-2.9983,30.032
1.091980,-21.2290,-19.1783,-4.4729,28.957
1.099079,-18.6462,-19.4939,-5.7956,27.591
1.100795,-15.9883,-19.2891,-6.9670,26.005
1.105899,-12.9567,-18.6815,-7.9322,24.079
1.112072,-9.2618,-17.5714,-8.7407,21.701
1.116307,-4.6820,-15.8037,-9.8658,19.210
1.122542,0.4436,-13.6665,-11.4864,17.858
1.125846,5.7350,-11.1577,-13.3767,18.339
1.131355,10.6900,-8.2358,-14.8355,20.055
1.137301,15.8718,-5.5524,-15.6608,22.978
1.140588,20.7113,-2.8215,-16.0161,26.333
1.147906,24.2437,0.2076,-15.2914,28.664
1.150633,26.6857,3.0708,-13.9363,30.262
1.155905,28.4889,5.2495,-12.3495,31.491
1.163364,29.8956,6.7193,-10.6552,32.441
1.165592,30.4317,7.9182,-8.7294,32.634
1.172349,30.1043,8.0358,-6.7674,31.885
1.176264,28.7614,7.8325,-5.6588,30.341
1.183507,26.3556,8.0013,-4.2592,27.871
1.190440,23.7182,8.2689,-3.0423,25.302
1.190979,21.0186,8.2392,-2.0429,22.668
1.195640,18.3875,7.7365,-1.3994,19.998
1.200447,15.9515,7.1725,-1.0810,17.523
1.205787,13.6227,6.5927,-0.9313,15.163
1.210957,11.3800,5.9183,-0.8094,12.852
1.215321,9.4175,5.0939,-0.7665,10.734
1.220236,7.6820,4.0704,-0.7278,8.724
1.225364,6.0716,2.9998,-0.6017,6.799
1.230238,4.6531,1.8994,-0.4136,5.043
1.236342,3.3332,0.8420,-0.1190,3.440
1.240238,2.0764,-0.1525,0.1112,2.085
1.245299,0.9519,-1.0646,0.2786,1.455
1.250461,-0.0702,-1.8787,0.3043,1.905
1.255185,-1.0247,-2.5585,0.2333,2.766
1.260226,-1.7312,-3.1271,0.1487,3.577
1.265286,-2.3314,-3.6616,0.0407,4.341
1.270244,-3.0000,-4.1053,-0.1726,5.088
1.275308,-3.6672,-4.3823,-0.4818,5.735
1.280355,-4.3666,-4.4603,-0.6665,6.277
1.285277,-4.8546,-4.4175,-0.8205,6.615
1.291162,-5.1834,-4.3886,-0.8618,6.846
1.298152,-5.3680,-4.3413,-0.8096,6.951
1.300321,-5.4422,-4.3147,-0.7259,6.983
1.307493,-5.4249,-4.1662,-0.5055,6.859
1.310322,-5.2936,-3.9545,-0.2199,6.611
1.315042,-5.0586,-3.7948,-0.0042,6.324
1.319854,-4.7686,-3.6254,0.1708,5.993
1.325028,-4.5329,-3.4419,0.2663,5.698
1.330120,-4.2790,-3.2782,0.2241,5.395
1.335000,-4.1213,-3.0912,0.1153,5.153
1.339907,-3.9982,-2.9148,-0.0709,4.948
1.344921,-3.8358,-2.7537,-0.2494,4.728
1.350029,-3.5341,-2.5743,-0.4599,4.396
1.355510,-3.1115,-2.4340,-0.6890,4.010
1.359809,-2.6004,-2.3949,-0.8130,3.627
1.365003,-2.1337,-2.3466,-0.7840,3.267
1.369934,-1.7636,-2.1603,-0.6072,2.854
1.375003,-1.4449,-1.9698,-0.3495,2.468
1.379874,-1.1250,-1.8183,-0.0775,2.140
1.384803,-0.8511,-1.6771,0.2141,1.893
1.390077,-0.5649,-1.5794,0.4730,1.743
1.394919,-0.3856,-1.4918,0.6662,1.679
1.399972,-0.2267,-1.4000,0.8755,1.667
1.404801,-0.0492,-1.2942,1.0964,1.697
1.410066,0.1042,-1.1744,1.1472,1.645
1.415322,0.2146,-1.0550,1.0758,1.522
1.422432,0.2153,-0.9215,0.9156,1.317
1.424614,0.2930,-0.8073,0.7804,1.160
1.429853,0.3950,-0.7123,0.6171,1.022
1.434727,0.4839,-0.6267,0.4399,0.906
1.439617,0.5361,-0.5552,0.2534,0.812
1.444444,0.5563,-0.5216,0.1386,0.775
1.449501,0.4919,-0.4207,-0.0388,0.648
1.454408,0.4051,-0.3243,-0.2266,0.566
1.459515,0.3909,-0.3281,-0.3970,0.647
1.464638,0.3403,-0.3312,-0.5161,0.701
1.469450,0.3486,-0.3480,-0.6372,0.805
1.474812,0.4347,-0.3785,-0.6932,0.902
1.479573,0.5081,-0.3796,-0.7125,0.954
1.484397,0.5166,-0.3751,-0.7236,0.965
1.489431,0.5026,-0.3797,-0.7311,0.965
1.494593,0.4864,-0.5028,-0.6916,0.984
1.499437,0.4819,-0.6202,-0.6288,1.006
1.504359,0.4316,-0.6315,-0.6238,0.987
1.509280,0.3017,-0.6276,-0.6477,0.951
1.514427,0.2117,-0.6758,-0.7481,1.030
1.519432,0.1224,-0.7472,-0.9158,1.188
1.524319,0.0636,-0.8703,-1.1366,1.433
1.529175,-0.0564,-0.9064,-1.3581,1.634
1.534364,-0.2571,-0.9562,-1.6140,1.893
1.539185,-0.3855,-1.0196,-1.7753,2.083
1.544537,-0.3989,-1.1494,-1.8999,2.256
1.549156,-0.4516,-1.1831,-2.1454,2.491
1.554219,-0.5132,-1.3021,-2.4018,2.780
1.559032,-0.5417,-1.4731,-2.5637,3.006
1.564206,-0.6042,-1.6290,-2.6841,3.197
1.571362,-0.7629,-1.8178,-2.7103,3.351
1.574182,-0.9605,-1.9535,-2.7614,3.516
1.578998,-1.1358,-2.0796,-2.7415,3.624
1.583991,-1.2782,-2.2053,-2.6650,3.688
1.589215,-1.5082,-2.3739,-2.6516,3.865
1.594587,-1.7590,-2.6287,-2.6961,4.156
1.598850,-2.2084,-2.7641,-2.8468,4.541
1.603921,-2.6847,-2.9672,-3.0849,5.053
1.608840,-3.1223,-3.1856,-3.3532,5.580
1.613889,-3.7126,-3.4482,-3.7106,6.280
1.619585,-4.4527,-3.7460,-4.0950,7.115
1.623907,-5.5647,-4.0081,-4.3733,8.134
1.628853,-6.8165,-4.2978,-4.3893,9.176
1.633829,-7.9861,-4.7022,-4.2257,10.186
1.638755,-9.2728,-5.2174,-3.8763,11.324
1.644252,-10.8433,-5.7156,-3.2556,12.682
1.648830,-12.4571,-6.1645,-2.2239,14.076
1.653728,-13.9376,-6.6850,-1.0428,15.493
1.658660,-15.4483,-7.2640,0.0813,17.071
1.663760,-17.0865,-8.0649,1.2294,18.934
1.669528,-18.5725,-9.1722,2.2445,20.835
1.673741,-19.9876,-10.5087,3.0611,22.788
1.682302,-20.9641,-11.6974,3.8658,24.316
1.683741,-21.3353,-12.9826,4.5319,25.383
1.689683,-21.0406,-14.7927,4.9046,26.184
1.695530,-20.0017,-17.0324,4.4221,26.641
1.700667,-20.3381,-18.2662,3.3796,27.545
1.703927,-19.5262,-19.7444,1.2796,27.798
1.708436,-17.1426,-21.6131,-2.0308,27.661
1.713713,-14.3007,-22.7161,-5.7892,27.460
1.720370,-11.2670,-22.6725,-9.4163,27.012
1.728932,-6.9632,-21.4142,-12.9400,25.971
1.734841,-0.8311,-19.2205,-16.6798,25.462
1.735849,6.6523,-16.0925,-20.4450,26.856
1.738245,15.1082,-12.0421,-23.6565,30.543
1.743519,23.9557,-7.5998,-25.9015,36.090
1.748345,31.9651,-3.6289,-26.7569,41.843
1.753769,38.4024,-0.1872,-26.8972,46.885
1.758435,42.1537,3.3536,-25.9780,49.629
1.763266,43.5172,6.4412,-23.6790,49.959
1.768232,43.1138,8.0878,-20.9489,48.611
1.773297,40.9542,8.0202,-18.1970,45.527
1.778917,37.4709,7.4605,-15.2995,41.156
1.783659,33.0806,6.9522,-12.9049,36.183
1.788152,28.4275,6.1637,-10.9622,31.085
1.793122,23.5642,5.1841,-8.8424,25.697
1.798298,18.4787,4.3680,-6.9121,20.207
1.804528,13.8701,3.7607,-5.4592,15.373
1.807925,10.4514,3.1129,-4.4391,11.774
1.813154,8.0677,2.2902,-3.6142,9.132
1.818114,6.0921,1.4488,-2.7921,6.856
1.823058,4.2896,0.6635,-1.9048,4.740
1.828786,2.5564,0.0020,-0.9693,2.734
1.833148,0.9368,-0.6693,-0.1614,1.163
1.837956,-0.5299,-1.2974,0.4815,1.482
1.842933,-1.8267,-1.8911,0.9574,2.798
1.848076,-2.8801,-2.4862,1.3622,4.041
1.852943,-3.7876,-3.0152,1.6358,5.110
1.857776,-4.5760,-3.3787,1.6964,5.936
1.862889,-5.1524,-3.6498,1.6392,6.523
1.867781,-5.5333,-3.8774,1.5065,6.923
1.873042,-5.6363,-4.0006,1.3082,7.034
1.877784,-5.5584,-4.0882,1.0120,6.974
1.882893,-5.3204,-4.0217,0.6997,6.706
1.887661,-4.8792,-3.9651,0.3559,6.297
1.892723,-4.3628,-3.9672,-0.0107,5.897
1.897773,-4.0047,-3.9567,-0.4059,5.644
1.902759,-3.8251,-3.8672,-0.7870,5.496
1.907680,-3.7104,-3.7473,-1.0990,5.387
1.912936,-3.6762,-3.5876,-1.4095,5.327
1.917734,-3.7228,-3.4316,-1.7483,5.356
1.922917,-3.6778,-3.2267,-2.0113,5.290
1.927654,-3.6130,-3.1169,-2.1422,5.230
1.932994,-3.5535,-2.9969,-2.1651,5.128
1.937583,-3.5212,-2.8671,-2.0568,4.985
1.942634,-3.5025,-2.7564,-1.8746,4.835
1.947447,-3.4449,-2.6268,-1.7138,4.659
1.952552,-3.3913,-2.5455,-1.5888,4.528
1.957407,-3.3419,-2.4265,-1.4659,4.382
1.963258,-3.2439,-2.2749,-1.3164,4.175
1.967721,-3.1969,-2.1529,-1.1454,4.021
1.973944,-3.0812,-1.9504,-1.0153,3.785
1.977456,-2.9153,-1.7537,-0.9359,3.529
1.982439,-2.6794,-1.5292,-0.8262,3.194
1.987338,-2.3342,-1.3439,-0.7106,2.786
1.992367,-1.9698,-1.1832,-0.7040,2.403
1.997287,-1.6520,-1.0756,-0.7499,2.109
2.002714,-1.3322,-1.0160,-0.7626,1.841
2.007534,-1.0766,-0.9707,-0.7810,1.647
2.012356,-0.9374,-0.9350,-0.7862,1.540
2.017259,-0.7751,-0.9038,-0.7832,1.425
2.022445,-0.5652,-0.8725,-0.7768,1.298
2.027402,-0.4036,-0.8888,-0.7098,1.207
2.032221,-0.2614,-0.8903,-0.6540,1.135
2.037214,-0.1190,-0.8869,-0.5613,1.056
2.042397,0.0186,-0.8114,-0.4556,0.931
2.047203,0.1421,-0.7597,-0.3558,0.851
2.052480,0.2565,-0.7270,-0.2476,0.810
2.057296,0.2996,-0.6271,-0.1838,0.719
2.062052,0.3387,-0.5128,-0.0779,0.619
2.066906,0.4264,-0.4319,0.0651,0.610
2.072040,0.5194,-0.3749,0.2364,0.683
2.080967,0.5652,-0.2988,0.4404,0.776
2.082079,0.6071,-0.2035,0.5725,0.859
2.086979,0.6739,-0.1753,0.6228,0.934
2.092017,0.7181,-0.2044,0.6443,0.986
2.097146,0.7111,-0.2143,0.6468,0.985
2.102624,0.6621,-0.2527,0.7210,1.011
2.106900,0.6380,-0.3342,0.8147,1.087
2.112796,0.5958,-0.3199,0.8467,1.084
2.116800,0.6168,-0.3535,0.8695,1.123
2.122226,0.6771,-0.3823,0.9122,1.199
2.127266,0.7533,-0.3921,0.8983,1.236
2.131938,0.7402,-0.4210,0.8659,1.215
2.137221,0.6810,-0.4308,0.7529,1.103
2.141696,0.6136,-0.3594,0.6887,0.990
2.146750,0.4518,-0.3263,0.6201,0.834
2.152254,0.2862,-0.2742,0.5283,0.660
2.156612,0.1452,-0.1888,0.4946,0.549
2.161635,-0.0052,-0.0988,0.4473,0.458
2.166574,-0.1461,-0.1383,0.4293,0.474
2.171659,-0.2684,-0.1062,0.4314,0.519
2.177206,-0.4205,-0.0648,0.4585,0.625
2.181663,-0.5022,-0.0094,0.4770,0.693
2.186736,-0.5711,-0.0263,0.5112,0.767
2.191457,-0.6277,-0.0292,0.5037,0.805
2.197130,-0.6623,-0.0230,0.4400,0.795
2.201695,-0.6175,-0.0507,0.4499,0.766
2.206527,-0.5219,-0.0070,0.4514,0.690
2.212492,-0.4616,0.0028,0.3730,0.593
2.216357,-0.3071,0.0074,0.3388,0.457
2.221409,-0.1393,0.0213,0.2913,0.324
2.227583,0.0134,0.1019,0.2445,0.265
2.231572,0.2091,0.1537,0.1216,0.287
2.236320,0.3715,0.2246,-0.0396,0.436
2.241394,0.5108,0.2717,-0.1532,0.598
2.246508,0.7426,0.2612,0.1212,0.796
2.251383,0.9618,0.3033,0.5110,1.131
2.256799,1.0009,0.4121,0.6333,1.254
2.261401,0.9029,0.4728,0.5790,1.172
2.266398,0.7918,0.4187,0.4342,0.995
2.271387,0.6818,0.3885,0.2801,0.833
2.276289,0.5582,0.3489,0.2026,0.689
2.281448,0.4493,0.2616,0.1682,0.546
2.286194,0.3501,0.1983,0.1913,0.446
2.291327,0.2698,0.1590,0.1905,0.367
2.296665,0.2131,0.1006,0.1373,0.273
2.301899,0.1990,0.0470,0.0651,0.215
2.306775,0.1895,-0.0449,0.0508,0.201
2.311993,0.1508,-0.0697,0.0896,0.189
2.317136,0.1357,-0.0995,0.1577,0.231
2.321151,0.1249,-0.0769,0.2313,0.274
2.326042,0.1567,-0.0210,0.2770,0.319
2.331165,0.2458,-0.0276,0.2181,0.330
2.338489,0.3734,-0.0438,0.1551,0.407
2.341315,0.3768,-0.0313,-0.0609,0.383
2.347959,0.3374,0.1154,-0.2486,0.435
2.350977,0.2790,0.2047,-0.3800,0.514
2.355947,0.3310,0.2130,-0.4600,0.605
2.360935,0.4936,0.1689,-0.4457,0.686
2.365959,0.6235,0.1110,-0.3945,0.746
2.370993,0.6252,0.0822,-0.2965,0.697
2.376490,0.5893,0.0249,-0.1994,0.623
2.381124,0.5208,-0.0370,-0.1124,0.534
2.385785,0.4145,-0.0844,-0.0446,0.425
2.390870,0.3037,-0.1700,0.0233,0.349
2.395871,0.1213,-0.2364,0.0483,0.270
2.400989,-0.0855,-0.2646,0.1263,0.305
2.405774,-0.2784,-0.2738,0.1809,0.430
2.411373,-0.4150,-0.2736,0.2122,0.540
2.415802,-0.4999,-0.2498,0.2106,0.597
2.420956,-0.5093,-0.2261,0.1618,0.580
2.425530,-0.5292,-0.2266,0.0893,0.583
2.430684,-0.5405,-0.2080,0.0268,0.580
2.436206,-0.5526,-0.1416,-0.0405,0.572
2.440717,-0.5415,-0.1040,-0.0936,0.559
2.445666,-0.5118,-0.0617,-0.1947,0.551
2.450679,-0.4346,-0.0384,-0.3010,0.530
2.455502,-0.3193,0.0232,-0.3696,0.489
2.461389,-0.2424,0.0466,-0.4101,0.479
2.465796,-0.1558,0.0654,-0.4370,0.469
2.470816,-0.1075,0.0653,-0.4169,0.435
2.475607,-0.1119,0.0365,-0.3446,0.364
2.480777,-0.0492,-0.0017,-0.2728,0.277
2.486752,-0.0437,-0.0207,-0.2394,0.244
2.490442,-0.0574,-0.0110,-0.1582,0.169
2.495980,-0.0808,0.0036,-0.1489,0.169
2.500570,-0.0798,0.0084,-0.1432,0.164
2.505461,-0.1219,-0.0106,-0.1423,0.188
2.510927,-0.1307,0.0180,-0.0891,0.159
2.515397,-0.1539,0.0178,-0.0789,0.174
2.520289,-0.2059,-0.0014,-0.0689,0.217
2.525356,-0.2722,-0.0204,-0.0353,0.275
2.530473,-0.2669,-0.0298,-0.0259,0.270
2.535714,-0.2000,-0.0248,-0.0024,0.202
2.540367,-0.1720,-0.0578,0.0350,0.185
2.545251,-0.2253,-0.0479,0.0151,0.231
2.550396,-0.5402,-0.1094,0.2382,0.600
2.555978,-0.1873,-0.1372,0.1886,0.299
2.560582,0.0826,-0.1029,0.0346,0.136
2.565279,0.1039,-0.0451,-0.0611,0.129
2.570359,0.1304,-0.0114,-0.0847,0.156
2.575073,0.1479,-0.0113,-0.0512,0.157
2.580304,0.0896,-0.0490,-0.0514,0.114
2.585591,-0.2680,-0.0629,0.0059,0.275
2.590226,-0.2377,-0.1240,0.0718,0.278
2.595313,0.2685,-0.1083,-0.2250,0.367
2.600427,0.2822,0.0500,-0.4015,0.493
2.605078,0.1731,0.1740,-0.3776,0.450
2.613468,0.1936,0.2021,-0.2878,0.401
2.615590,0.1811,0.1825,-0.1849,0.317
2.623977,0.1073,0.1489,-0.0641,0.194
2.624891,0.0678,0.1441,-0.0155,0.160
2.630003,0.0096,0.1441,0.0709,0.161
2.635672,-0.0671,0.1535,0.1616,0.233
2.640124,-0.1672,0.1294,0.2854,0.355
2.644845,-0.2002,0.0722,0.3375,0.399
2.649833,-0.2144,0.0342,0.3852,0.442
2.654875,-0.2096,0.0343,0.4142,0.465
2.660558,-0.1764,-0.0131,0.3199,0.366
2.664941,-0.1340,-0.0318,0.2504,0.286
2.669844,-0.1299,-0.0169,0.1719,0.216
2.675405,-0.1304,-0.0735,0.0894,0.174
2.679961,-0.1452,-0.1011,0.0835,0.196
2.685593,-0.1742,-0.0952,0.0681,0.210
2.689744,-0.2318,-0.0989,0.0577,0.259
2.694741,-0.2512,-0.0788,0.0520,0.268
2.699743,-0.2281,-0.0731,0.0748,0.251
2.704582,-0.2485,-0.0437,0.0166,0.253
2.710838,-0.1741,-0.0336,-0.0032,0.177
2.715082,-0.1435,0.0001,-0.0610,0.156
2.719549,-0.1943,-0.0044,-0.0852,0.212
2.724821,-0.6455,-0.0615,0.2719,0.703
2.729864,-0.3669,-0.2275,0.5026,0.663
2.735540,0.4806,-0.2018,0.1510,0.543
2.739624,0.3339,0.1089,-0.0601,0.356
2.744542,0.2508,0.2174,-0.0079,0.332
2.749743,0.2831,0.1778,0.0390,0.337
2.756847,0.1537,0.0912,0.1184,0.214
2.767513,-0.0796,-0.0709,0.1784,0.208
2.767776,-0.9117,-0.1609,0.6103,1.109
2.769430,-0.6122,-0.3739,0.8253,1.093
2.774484,0.3032,-0.3996,0.1729,0.531
2.779604,0.1142,0.0074,-0.1845,0.217
2.784250,0.0980,0.2399,-0.2011,0.328
2.789529,0.2817,0.1901,-0.1319,0.365
2.794711,0.2026,0.0885,-0.0447,0.226
2.799467,-0.1522,-0.0218,0.0612,0.166
2.804544,-1.0817,-0.2031,0.6954,1.302
2.809402,0.1252,-0.4540,0.3448,0.584
2.814425,0.6397,-0.1606,-0.3754,0.759
2.819356,0.5433,0.2303,-0.6055,0.845
2.824197,0.2721,0.4898,-0.4772,0.736
2.829242,0.0644,0.3765,-0.3123,0.493
2.834181,0.1389,-0.0540,-0.2541,0.295
2.839305,0.0369,-0.2100,-0.2777,0.350
2.844041,-0.0976,-0.1271,-0.2964,0.337
2.849243,-0.1792,-0.0450,-0.1960,0.269
2.854242,-0.1704,-0.0443,-0.0916,0.198
2.859020,-0.1620,-0.0390,-0.0450,0.173
2.864269,-0.1303,-0.0528,-0.0890,0.166
2.869022,-0.1130,-0.0615,-0.5516,0.566
2.873791,-0.1003,-0.0934,-0.9313,0.941
2.878906,-0.0879,-0.0487,-0.6681,0.676
2.883873,0.0051,-0.0043,-0.1083,0.109
2.889128,0.2069,0.0064,0.2478,0.323
2.896099,0.3364,0.0549,0.3740,0.506
2.898995,0.3703,0.0409,0.3195,0.491
2.905164,0.2664,0.0413,0.2661,0.379
2.908754,0.1253,0.0986,0.2181,0.270
2.913657,0.0230,0.1363,0.1137,0.179
2.918729,-0.0693,0.1357,-0.0514,0.161
2.923655,-0.1140,0.0733,-0.1346,0.191
2.928765,-0.0683,0.0116,-0.2985,0.306
2.933707,-0.0419,0.0170,-0.3904,0.393
2.938832,0.0129,0.1033,-0.3397,0.355
2.943970,0.1055,0.0560,-0.2139,0.245
