0.002162,-0.1463,0.0351,-0.1433,0.208
0.004234,-0.0953,0.0390,-0.2189,0.242
0.009201,-0.0395,-0.0519,-0.2573,0.265
0.014103,0.0021,-0.0373,-0.2064,0.210
0.019095,0.0676,0.0058,-0.1667,0.180
0.024138,0.0763,0.0487,-0.0761,0.118
0.029181,0.0807,0.0296,0.0274,0.090
0.034116,0.0811,-0.0322,0.0776,0.117
0.041356,0.0677,-0.0554,0.1843,0.204
0.044162,0.0976,-0.2115,0.0380,0.236
0.049489,0.0661,-0.1857,0.0115,0.197
0.054319,-0.0029,-0.0558,0.1996,0.207
0.058784,-0.0287,-0.0505,0.3487,0.354
0.063810,-0.0067,-0.1072,0.4403,0.453
0.068937,0.0054,-0.0780,0.4940,0.500
0.073968,-0.0158,-0.0921,0.4817,0.491
0.078818,-0.0607,-0.0634,0.4755,0.484
0.083848,-0.0957,-0.0590,0.4561,0.470
0.088826,-0.1071,-0.0737,0.4662,0.484
0.093744,-0.1332,-0.0504,0.4342,0.457
0.099523,-0.1023,-0.0131,0.3650,0.379
0.103924,-0.0814,-0.0331,0.2634,0.278
0.108968,-0.0465,-0.0245,0.1770,0.185
0.113784,-0.0307,-0.0492,0.1102,0.125
0.118842,-0.0293,-0.0451,0.0291,0.061
0.123863,0.0055,-0.0409,-0.0233,0.047
0.129046,0.0022,-0.1270,-0.0281,0.130
0.133927,-0.0343,-0.1077,-0.0194,0.115
0.138648,-0.0608,-0.0648,-0.0349,0.095
0.143556,-0.0967,-0.0696,-0.0838,0.146
0.149207,-0.1182,-0.0506,-0.0852,0.154
0.154003,-0.1682,-0.1172,-0.1296,0.243
0.159264,-0.2039,-0.0692,-0.1456,0.260
0.163617,-0.2349,-0.0594,-0.1520,0.286
0.168703,-0.2947,-0.0973,-0.1205,0.333
0.175500,-0.3212,-0.0777,-0.1034,0.346
0.178632,-0.3483,-0.0536,-0.1008,0.367
0.183579,-0.3189,-0.0391,-0.0410,0.324
0.188620,-0.3141,-0.0484,-0.0386,0.320
0.193517,-0.2955,-0.0910,-0.0170,0.310
0.198417,-0.2635,-0.1142,0.0144,0.288
0.203346,-0.2229,-0.1372,0.0550,0.267
0.208444,-0.2021,-0.1125,0.0433,0.235
0.213375,-0.1298,-0.1213,0.0414,0.182
0.218888,-0.0536,-0.1632,0.0158,0.173
0.223430,-0.0397,-0.2095,-0.0479,0.219
0.228806,-0.0215,-0.2078,-0.1017,0.232
0.233329,-0.0226,-0.2156,-0.1414,0.259
0.238188,-0.0333,-0.2089,-0.1478,0.258
0.243236,-0.0200,-0.2071,-0.1783,0.274
0.248318,-0.0212,-0.1956,-0.2375,0.308
0.254031,-0.0366,-0.1508,-0.2825,0.322
0.258289,-0.0805,-0.1586,-0.2802,0.332
0.263131,-0.1148,-0.1473,-0.2972,0.351
0.268184,-0.1682,-0.1217,-0.2620,0.334
0.273690,-0.2025,-0.0963,-0.2223,0.316
0.278872,-0.2276,-0.0807,-0.1826,0.303
0.283122,-0.1817,-0.0224,-0.1428,0.232
0.288022,-0.1559,0.0211,-0.1122,0.193
0.293005,-0.1213,0.0214,-0.1241,0.175
0.298139,-0.1018,0.0644,-0.1213,0.171
0.308957,-0.0542,0.1356,-0.1465,0.207
0.309282,-0.0170,0.1587,-0.1808,0.241
0.313072,-0.0041,0.1768,-0.1386,0.225
0.318056,0.0509,0.2280,-0.1156,0.261
0.322944,0.0811,0.3074,-0.1166,0.339
0.328269,0.1013,0.3197,-0.0940,0.348
0.333043,0.1636,0.3653,-0.0958,0.412
0.338494,0.2250,0.3394,-0.0598,0.412
0.342908,0.3621,0.3137,-0.0100,0.479
0.347976,0.4600,0.3215,0.0820,0.567
0.353933,0.4859,0.3957,0.1543,0.645
0.357900,0.5737,0.4028,0.2264,0.737
0.362762,0.7370,0.4287,0.3030,0.905
0.367726,0.7571,0.4353,0.3127,0.928
0.372894,0.8115,0.4560,0.3322,0.988
0.378691,0.8851,0.5097,0.3662,1.085
0.382802,0.9591,0.4914,0.3766,1.142
0.387736,1.0003,0.4494,0.4016,1.168
0.392692,0.9951,0.4930,0.3842,1.175
0.398550,0.9768,0.5409,0.3295,1.164
0.403684,0.9072,0.5739,0.2945,1.113
0.408132,0.9531,0.4307,0.3697,1.109
0.412821,0.9429,0.3787,0.3213,1.066
0.417724,0.9385,0.4885,0.2550,1.088
0.422763,0.8733,0.5639,0.2517,1.070
0.427848,0.8286,0.5197,0.1967,0.998
0.432721,0.8473,0.4424,0.1234,0.964
0.437579,0.8147,0.4036,0.0558,0.911
0.442614,0.7267,0.3697,-0.0776,0.819
0.447612,0.6263,0.3693,-0.1391,0.740
0.452494,0.5181,0.3784,-0.2195,0.678
0.458285,0.4068,0.3637,-0.2855,0.616
0.462348,0.2969,0.3111,-0.2997,0.524
0.467451,0.2172,0.2543,-0.3951,0.518
0.472413,0.1531,0.2170,-0.3668,0.453
0.477454,0.0615,0.1896,-0.3631,0.414
0.482428,-0.0337,0.1861,-0.3452,0.394
0.487370,-0.0756,0.2064,-0.3089,0.379
0.492279,-0.1076,0.2124,-0.3016,0.384
0.497356,-0.1630,0.2041,-0.2373,0.353
0.502585,-0.1750,0.1863,-0.1828,0.314
0.507878,-0.1725,0.1829,-0.1382,0.287
0.512340,-0.1605,0.2080,-0.0272,0.264
0.517809,-0.1581,0.2519,0.0452,0.301
0.522889,-0.1940,0.2479,0.1362,0.343
0.527401,-0.1916,0.2296,0.1937,0.356
0.532209,-0.1465,0.2352,0.2703,0.387
0.537444,-0.1161,0.2360,0.3371,0.428
0.542210,-0.1095,0.2366,0.4134,0.489
0.547180,-0.0650,0.2515,0.5039,0.567
0.552108,-0.0734,0.2757,0.5276,0.600
0.557328,-0.0719,0.3329,0.5469,0.644
0.562105,-0.0420,0.3753,0.5188,0.642
0.567184,0.0356,0.3651,0.4910,0.613
0.572191,0.1372,0.3882,0.5158,0.660
0.577512,0.2339,0.4347,0.5784,0.760
0.582020,0.2593,0.5046,0.6642,0.874
0.587046,0.2568,0.5643,0.6975,0.933
0.591896,0.2598,0.5617,0.7165,0.947
0.597045,0.3538,0.5354,0.6686,0.927
0.602013,0.4385,0.5472,0.6398,0.949
0.606946,0.5188,0.5733,0.6344,1.000
0.611863,0.5992,0.5706,0.6190,1.033
0.616907,0.6902,0.5489,0.6321,1.085
0.621745,0.7869,0.5083,0.6784,1.157
0.627269,0.8419,0.5248,0.7675,1.254
0.632248,0.8223,0.5268,0.8378,1.287
0.636731,0.7616,0.5190,0.8372,1.245
0.641777,0.6310,0.5208,0.7802,1.131
0.646818,0.5407,0.5272,0.6959,1.027
0.651531,0.5374,0.5146,0.5744,0.940
0.656830,0.5302,0.5069,0.4821,0.878
0.664135,0.5095,0.4851,0.4187,0.819
0.666640,0.4991,0.4446,0.3316,0.746
0.671562,0.5317,0.4189,0.3159,0.747
0.676470,0.5464,0.3887,0.3621,0.762
0.681659,0.6092,0.3160,0.4083,0.799
0.686488,0.6155,0.2772,0.3978,0.784
0.691583,0.6514,0.2766,0.3978,0.812
0.696455,0.7165,0.2999,0.3367,0.847
0.701435,0.7960,0.2707,0.1954,0.863
0.706634,0.8772,0.2181,0.0414,0.905
0.711930,0.9122,0.1518,-0.0445,0.926
0.716691,0.9250,0.1669,-0.0629,0.942
0.721520,0.9016,0.2105,-0.0476,0.927
0.726513,0.9325,0.2016,0.0013,0.954
0.731483,0.9884,0.0932,-0.0927,0.997
0.737026,1.0419,-0.0569,-0.2138,1.065
0.741434,1.0496,-0.1674,-0.3768,1.128
0.746390,0.9786,-0.2197,-0.5342,1.136
0.751366,0.9626,-0.3044,-0.6009,1.175
0.756627,0.9293,-0.3831,-0.7251,1.239
0.762101,0.9018,-0.4179,-0.8303,1.295
0.766389,0.8960,-0.5185,-0.8642,1.349
0.771288,0.8496,-0.7365,-0.9555,1.476
0.776268,0.7816,-0.8286,-1.0801,1.570
0.781666,0.6726,-0.8480,-1.2429,1.648
0.787328,0.5465,-0.9142,-1.3199,1.696
0.791374,0.4334,-1.0138,-1.3966,1.779
0.796224,0.4083,-1.1698,-1.5125,1.955
0.801471,0.3365,-1.4107,-1.6009,2.160
0.806219,0.2467,-1.6265,-1.6473,2.328
0.814831,0.1240,-1.7981,-1.7327,2.500
0.816148,-0.0936,-1.9733,-1.7852,2.663
0.821046,-0.3064,-2.1954,-1.9440,2.948
0.826085,-0.4986,-2.3588,-2.1802,3.251
0.831072,-0.8824,-2.5021,-2.2788,3.497
0.836880,-1.2957,-2.6972,-2.3549,3.808
0.841294,-1.6578,-2.9248,-2.4947,4.186
0.845952,-2.1083,-3.0896,-2.6021,4.556
0.850986,-2.5433,-3.2015,-2.7728,4.940
0.855943,-2.9910,-3.3898,-2.9259,5.385
0.860849,-3.4484,-3.5636,-3.0471,5.820
0.865856,-3.9835,-3.7473,-3.1652,6.319
0.870810,-4.5921,-3.9555,-3.1889,6.849
0.875973,-5.3471,-4.2506,-3.1079,7.505
0.881044,-6.4569,-4.4279,-2.9348,8.361
0.885799,-7.9526,-4.4691,-2.7170,9.518
0.890715,-9.4641,-4.6192,-2.5593,10.838
0.896302,-10.9131,-4.9263,-2.4716,12.226
0.900928,-12.3126,-5.3665,-2.5251,13.667
0.906123,-13.6418,-5.8298,-2.5940,15.060
0.910765,-14.8740,-6.3590,-2.4808,16.365
0.915750,-15.8718,-6.9110,-2.2793,17.461
0.920742,-16.5488,-7.5896,-2.0868,18.325
0.925787,-16.8482,-8.4740,-1.8462,18.949
0.931945,-16.4392,-9.6285,-1.6825,19.126
0.935643,-15.7698,-10.9112,-2.2040,19.303
0.940693,-17.7057,-10.5500,-1.3911,20.657
0.949053,-17.9899,-11.0602,-1.1656,21.150
0.951067,-16.9786,-12.4970,-1.3180,21.123
0.956850,-15.8463,-13.7738,-1.2039,21.030
0.960509,-14.4804,-14.7146,-1.1087,20.674
0.965666,-12.8545,-15.3828,-1.1034,20.077
0.970344,-10.9611,-15.8774,-1.1704,19.329
0.975493,-8.4867,-16.2989,-1.6640,18.451
0.980271,-5.6384,-16.4514,-2.4370,17.561
0.985703,-2.7740,-15.9873,-3.7521,16.654
0.990329,0.3870,-14.7051,-5.7501,15.794
0.995310,4.1895,-12.9325,-8.0960,15.822
1.000331,8.5525,-10.9799,-11.0316,17.759
1.013317,12.7865,-8.5131,-14.0400,20.811
1.014660,16.6543,-5.9407,-16.3684,24.095
1.015458,20.5772,-3.7098,-17.9816,27.578
1.020944,23.8945,-1.0307,-18.5924,30.293
1.025247,26.6585,1.9543,-18.4579,32.484
1.030021,29.8721,3.8547,-18.0405,35.109
1.035217,32.4186,5.1677,-17.6773,37.285
1.040128,33.5729,6.0582,-16.7619,38.011
1.045206,33.4382,6.8254,-15.3216,37.409
1.050069,32.3100,7.3834,-13.4046,35.751
1.054939,30.8171,7.5044,-11.3033,33.672
1.060250,28.8438,7.2408,-9.4039,31.190
1.066266,26.2237,6.8217,-7.6477,28.155
1.070084,23.6544,6.2463,-6.0862,25.211
1.075255,21.8852,5.3526,-4.6829,23.012
1.080051,20.6328,4.2639,-3.4885,21.356
1.085097,19.3423,3.1411,-2.5920,19.766
1.090273,17.9364,2.0422,-1.8100,18.143
1.095113,16.3433,0.9689,-1.3477,16.427
1.100152,14.5424,-0.0829,-1.2424,14.596
1.105227,12.5808,-1.1724,-1.5501,12.730
1.110062,10.5438,-2.3784,-2.1348,11.018
1.114952,8.2147,-3.6404,-3.1632,9.526
1.120151,5.6833,-4.7717,-4.4681,8.662
1.125272,3.1604,-5.6983,-5.6438,8.620
1.129778,0.7827,-6.6595,-6.7667,9.526
1.134900,-1.3955,-7.6536,-7.8301,11.038
1.139827,-3.3297,-8.6887,-8.7599,12.780
1.147369,-5.2399,-9.5821,-9.4673,14.453
1.149803,-7.1693,-10.4713,-9.9850,16.148
1.154919,-9.0515,-11.2918,-10.2831,17.753
1.159804,-11.1509,-11.8669,-10.3504,19.295
1.164769,-13.7346,-12.0410,-10.2786,20.959
1.173284,-17.0533,-11.6502,-9.9464,22.923
1.174780,-20.5192,-11.0628,-9.5083,25.176
1.180428,-22.8612,-10.5560,-8.8565,26.693
1.184732,-24.2253,-10.4013,-7.8038,27.495
1.189811,-25.1605,-10.7069,-6.4554,28.096
1.194936,-25.7557,-11.1589,-4.6957,28.459
1.199599,-26.8834,-10.6212,-2.8546,29.046
1.204593,-26.5232,-11.0849,-1.4193,28.781
1.209620,-25.5220,-12.3696,-0.8887,28.376
1.214750,-24.8557,-13.6343,-1.1808,28.374
1.220860,-24.1186,-14.6930,-2.2359,28.330
1.224966,-23.2172,-15.6178,-3.8185,28.241
1.233591,-21.9950,-16.4419,-5.7829,28.063
1.234574,-20.3142,-17.1656,-7.9093,27.747
1.240599,-18.3211,-17.5515,-9.8724,27.225
1.244673,-16.0739,-17.6111,-11.3234,26.396
1.249362,-13.6003,-17.3725,-11.8431,25.041
1.254967,-10.8837,-16.8691,-11.6778,23.225
1.259303,-7.6246,-16.0062,-10.9861,20.857
1.264483,-3.9402,-14.9008,-10.2823,18.528
1.271873,0.1253,-13.4011,-10.0771,16.768
1.274556,4.4496,-11.6331,-10.3567,16.198
1.279319,8.8218,-9.4148,-11.0298,16.974
1.284233,13.3400,-6.7938,-12.1277,19.266
1.289393,17.6494,-3.8474,-13.4003,22.492
1.297546,22.4378,-1.4994,-14.0508,26.517
1.299635,27.4575,0.1624,-14.6506,31.122
1.305225,30.8791,1.9623,-14.5172,34.178
1.309204,33.0090,3.9241,-13.1420,35.745
1.314292,34.0923,5.5595,-10.8576,36.209
1.322959,33.9464,6.7419,-8.3570,35.604
1.324185,32.9262,7.4372,-5.9192,34.271
1.330073,31.8039,7.2485,-3.9400,32.857
1.334051,29.3966,7.0940,-2.2980,30.328
1.339034,26.0854,7.1095,-0.8971,27.052
1.344149,22.5984,6.8126,-0.0317,23.603
1.349083,19.3133,6.2325,0.4868,20.300
1.354446,16.3103,5.5836,0.8594,17.261
1.359539,13.5195,4.9809,1.1448,14.453
1.365522,11.0077,4.3572,1.3844,11.919
1.369202,8.8528,3.6686,1.5208,9.703
1.373976,7.0098,2.8880,1.4699,7.723
1.378838,5.3716,2.1364,1.3484,5.936
1.383766,3.9364,1.4196,1.1531,4.340
1.388875,2.6331,0.6633,0.9012,2.861
1.394015,1.5357,-0.0771,0.6285,1.661
1.399076,0.5968,-0.8760,0.3084,1.104
1.403913,-0.2481,-1.6564,-0.0933,1.677
1.408871,-1.0589,-2.3652,-0.5349,2.646
1.413748,-1.8339,-3.0212,-1.0952,3.700
1.422821,-2.5305,-3.4705,-1.6893,4.615
1.424107,-3.0224,-3.8252,-2.2306,5.361
1.431260,-3.4048,-4.1709,-2.6430,5.998
1.433747,-3.7653,-4.4123,-2.7791,6.432
1.438858,-3.9037,-4.4927,-2.7347,6.550
1.443639,-3.9209,-4.4896,-2.6675,6.530
1.449204,-3.8096,-4.3651,-2.5000,6.310
1.454223,-3.6566,-4.2165,-2.3142,6.042
1.458762,-3.5352,-4.1349,-2.1666,5.856
1.463676,-3.4111,-4.0443,-2.0139,5.661
1.468588,-3.2599,-3.9213,-1.8514,5.425
1.473735,-3.1147,-3.7424,-1.7029,5.158
1.479167,-3.0153,-3.5223,-1.6260,4.913
1.483603,-2.9393,-3.3431,-1.5453,4.712
1.488469,-2.8450,-3.2096,-1.5374,4.556
1.493437,-2.7273,-3.0502,-1.5982,4.393
1.498432,-2.5862,-2.9274,-1.6711,4.249
1.503393,-2.4118,-2.8319,-1.7859,4.126
1.508483,-2.3009,-2.7972,-1.9337,4.106
1.513506,-2.2320,-2.7469,-2.0439,4.087
1.518437,-2.1679,-2.6765,-2.0694,4.018
1.530898,-2.2045,-2.6100,-2.1064,4.014
1.534801,-2.2406,-2.5045,-2.0503,3.937
1.535267,-2.1131,-2.3554,-1.8774,3.679
1.538841,-1.8892,-2.1437,-1.6734,3.311
1.543168,-1.6594,-1.9988,-1.3852,2.944
1.548144,-1.3700,-1.9012,-1.0649,2.574
1.553736,-1.1412,-1.7890,-0.7934,2.265
1.558180,-1.0234,-1.6572,-0.4704,2.004
1.563213,-0.9786,-1.5202,-0.1671,1.816
1.568134,-0.8774,-1.3925,0.1072,1.649
1.573285,-0.8442,-1.2166,0.3721,1.527
1.578388,-0.8503,-1.0405,0.5995,1.471
1.583094,-0.8054,-0.9408,0.7370,1.441
1.588181,-0.7893,-0.8886,0.8082,1.437
1.593397,-0.6877,-0.9077,0.8663,1.431
1.598814,-0.5479,-0.9598,0.9115,1.433
1.603349,-0.3888,-0.9873,0.9631,1.433
1.608007,-0.2673,-0.9998,0.9402,1.398
1.613069,-0.2176,-0.9830,0.8959,1.348
1.617992,-0.2090,-0.9273,0.8488,1.274
1.623335,-0.2473,-0.8710,0.6601,1.120
1.628384,-0.3616,-0.8094,0.4968,1.016
1.633478,-0.4564,-0.8429,0.3300,1.014
1.637932,-0.5654,-0.9333,0.1592,1.103
1.643014,-0.6081,-0.9753,-0.0395,1.150
1.647918,-0.6549,-0.9543,-0.2376,1.182
1.653604,-0.7645,-0.9473,-0.3732,1.273
1.658245,-0.8125,-0.9925,-0.4464,1.358
1.662830,-0.8563,-0.9989,-0.4910,1.404
1.667719,-0.9152,-1.0385,-0.5114,1.476
1.673018,-0.9232,-1.1448,-0.5311,1.564
1.678346,-0.9360,-1.2122,-0.5550,1.629
1.682820,-0.9735,-1.3366,-0.6017,1.760
1.687774,-1.0839,-1.4224,-0.6520,1.904
1.692824,-1.2866,-1.5176,-0.7106,2.113
1.697723,-1.3997,-1.6127,-0.7633,2.268
1.703426,-1.5298,-1.7176,-0.9199,2.477
1.707824,-1.7238,-1.7891,-1.1805,2.751
1.712837,-2.0018,-1.9614,-1.4639,3.162
1.718593,-2.2255,-2.2154,-1.7801,3.610
1.722810,-2.4866,-2.4270,-2.0965,4.058
1.728351,-2.8193,-2.6203,-2.3947,4.533
1.732846,-3.1765,-2.8053,-2.7566,5.056
1.737608,-3.5727,-3.0539,-3.0729,5.615
1.742646,-4.0861,-3.3426,-3.4158,6.288
1.747786,-4.7515,-3.6718,-3.6329,7.018
1.753983,-5.6274,-3.9943,-3.7392,7.849
1.757665,-6.6095,-4.2577,-3.6918,8.686
1.762522,-7.5510,-4.5105,-3.4145,9.435
1.767448,-8.6031,-4.8778,-3.0420,10.347
1.773460,-10.0073,-5.3699,-2.5967,11.650
1.782307,-11.4701,-6.1165,-1.9197,13.140
1.782698,-13.1104,-6.7831,-1.1481,14.806
1.787453,-15.0045,-7.1698,-0.3424,16.633
1.793185,-16.8160,-7.4109,0.6052,18.387
1.803070,-18.5074,-7.7180,1.3963,20.101
1.809389,-20.3264,-8.2377,1.7679,22.003
1.810252,-22.0194,-9.1631,1.5150,23.898
1.814501,-22.9520,-10.5946,1.0050,25.299
1.817348,-23.0378,-12.4781,0.4364,26.204
1.822356,-22.4881,-14.5234,-0.2363,26.771
1.827114,-21.3183,-16.7076,-1.1441,27.109
1.832326,-19.8964,-18.9363,-2.3775,27.570
1.837699,-18.3184,-20.7702,-3.9066,27.968
1.842149,-16.5365,-22.0161,-6.1019,28.203
1.847159,-14.0384,-22.9232,-8.8850,28.311
1.852169,-11.5487,-22.6238,-11.6027,27.925
1.857147,-7.9174,-22.0424,-14.6447,27.623
1.862722,-3.8160,-21.3384,-17.8418,28.075
1.867057,0.6947,-20.0888,-20.2440,28.528
1.872128,6.3399,-17.9194,-21.4790,28.682
1.877058,12.9361,-14.9766,-22.2218,29.756
1.881990,19.6269,-11.4182,-22.9499,32.284
1.887858,25.7024,-7.6295,-23.4814,35.640
1.892008,30.6188,-3.9353,-23.4824,38.787
1.897297,34.4773,-0.3262,-23.0866,41.494
1.901786,37.3504,2.6877,-22.4458,43.659
1.906840,39.3850,4.1890,-21.5663,45.098
1.912249,40.4928,3.9495,-20.8595,45.721
1.916692,39.1587,3.3401,-19.6940,43.959
1.921807,36.1234,3.1259,-17.1906,40.127
1.926662,32.1923,3.2143,-13.6653,35.120
1.931818,28.1759,2.9434,-10.1070,30.078
1.938366,24.6456,2.2955,-6.9515,25.710
1.941809,21.4810,1.7918,-4.2715,21.975
1.946606,18.3383,1.6708,-2.0475,18.528
1.951701,15.3435,1.6643,-0.6320,15.446
1.956448,12.8208,1.5665,-0.0391,12.916
1.961735,10.6301,1.3357,-0.0447,10.714
1.966481,8.5546,0.9585,-0.3068,8.614
1.971585,6.4538,0.4838,-0.7524,6.515
1.976408,4.3472,-0.0229,-1.1624,4.500
1.981647,2.2846,-0.5164,-1.4318,2.745
1.986489,0.3610,-1.0843,-1.6100,1.974
1.991572,-1.4801,-1.7106,-1.7444,2.857
1.996443,-3.2191,-2.3990,-1.7340,4.373
2.001534,-4.7414,-3.0047,-1.6362,5.847
2.006378,-6.0408,-3.5120,-1.5113,7.149
2.011438,-6.9490,-3.9663,-1.4358,8.129
2.016354,-7.4929,-4.3622,-1.3561,8.776
2.021516,-7.7424,-4.6532,-1.3265,9.130
2.026295,-7.7672,-4.9889,-1.2094,9.310
2.031394,-7.6598,-5.2462,-1.1015,9.349
2.038651,-7.5331,-5.3068,-1.0072,9.270
2.041366,-7.2875,-5.1876,-0.8524,8.986
2.046256,-6.8766,-4.9854,-0.6358,8.517
2.051236,-6.2706,-4.7401,-0.4619,7.874
2.056090,-5.5636,-4.5009,-0.2731,7.161
2.061344,-4.8402,-4.2017,-0.2179,6.413
2.066140,-4.2530,-3.9056,-0.2627,5.780
2.071445,-3.8076,-3.6610,-0.4480,5.301
2.076216,-3.5375,-3.4683,-0.7264,5.007
2.081164,-3.4133,-3.2796,-0.9650,4.831
2.086539,-3.3629,-3.1047,-1.1266,4.714
2.091265,-3.3474,-2.9198,-1.2122,4.604
2.096060,-3.3387,-2.6581,-1.2456,4.446
2.101134,-3.3883,-2.4155,-1.1941,4.329
2.106062,-3.4394,-2.2448,-1.1007,4.252
2.111717,-3.4107,-2.1124,-0.9367,4.120
2.116022,-3.3120,-1.9803,-0.7497,3.931
2.121115,-3.1337,-1.7816,-0.5826,3.652
2.125869,-2.9719,-1.5930,-0.5121,3.411
2.130953,-2.7249,-1.4383,-0.5053,3.122
2.136643,-2.5124,-1.3701,-0.5390,2.912
2.141197,-2.3337,-1.2973,-0.6046,2.738
2.146008,-2.1595,-1.1816,-0.7078,2.561
2.151006,-1.9513,-1.0706,-0.7539,2.350
2.155951,-1.7038,-0.8974,-0.7771,2.077
2.161523,-1.3778,-0.7625,-0.8309,1.780
2.165862,-1.0250,-0.6513,-0.8631,1.490
2.171025,-0.6304,-0.6500,-0.8069,1.213
2.175929,-0.2886,-0.6053,-0.7297,0.991
2.180937,-0.0132,-0.5316,-0.6554,0.844
2.187586,0.2539,-0.4481,-0.5262,0.736
2.190927,0.4703,-0.4076,-0.4522,0.769
2.195839,0.6127,-0.3525,-0.3948,0.810
2.201217,0.6717,-0.3691,-0.3534,0.844
2.206662,0.6473,-0.3424,-0.3375,0.806
2.211689,0.5917,-0.3155,-0.2561,0.718
2.215863,0.5045,-0.2742,-0.1994,0.608
2.220900,0.4381,-0.3093,-0.1630,0.561
2.225594,0.3969,-0.3347,-0.1177,0.532
2.230694,0.3232,-0.3886,-0.1207,0.520
2.235626,0.2456,-0.4087,-0.0621,0.481
2.240967,0.1833,-0.3904,-0.0854,0.440
2.245609,0.2076,-0.3721,-0.0657,0.431
2.250632,0.2329,-0.3774,-0.0180,0.444
2.255488,0.2735,-0.3587,-0.0186,0.451
2.260501,0.2866,-0.3685,-0.0340,0.468
2.265564,0.2240,-0.3781,-0.0451,0.442
2.270622,0.0807,-0.4017,0.0435,0.412
2.275717,-0.0529,-0.4061,0.1366,0.432
2.281134,-0.2007,-0.4054,0.2771,0.530
2.285771,-0.3682,-0.4142,0.4463,0.712
2.290880,-0.4503,-0.4278,0.5491,0.829
2.295525,-0.5002,-0.4750,0.6959,0.980
2.300515,-0.5082,-0.4936,0.8106,1.077
2.305384,-0.5274,-0.5221,0.9272,1.188
2.310437,-0.5959,-0.5366,1.0123,1.291
2.315336,-0.6807,-0.5372,1.0809,1.386
2.321747,-0.7195,-0.5239,1.0850,1.403
2.325339,-0.7413,-0.5112,0.9866,1.336
2.330376,-0.6790,-0.5181,0.8476,1.203
2.335226,-0.6618,-0.4633,0.6820,1.057
2.340414,-0.6703,-0.4854,0.4221,0.929
2.345250,-0.6419,-0.4597,0.2059,0.816
2.350362,-0.5576,-0.3719,0.0571,0.673
2.355116,-0.4839,-0.3225,-0.0343,0.583
2.360256,-0.4303,-0.2635,-0.0781,0.511
2.365135,-0.3772,-0.1472,-0.1076,0.419
2.370404,-0.3198,-0.0979,-0.0563,0.339
2.375125,-0.2914,-0.0726,0.0186,0.301
2.380150,-0.2635,-0.0425,0.1170,0.291
2.385114,-0.2312,-0.0124,0.2200,0.319
2.390111,-0.1419,0.0272,0.3517,0.380
2.395125,-0.0527,0.0763,0.4356,0.445
2.400133,0.0317,0.0535,0.4910,0.495
2.405268,0.1210,-0.0028,0.4986,0.513
2.410391,0.1961,-0.0352,0.4827,0.522
2.414951,0.1852,-0.0915,0.4815,0.524
2.419973,0.1891,-0.1143,0.4854,0.533
2.425025,0.2363,-0.1419,0.4563,0.533
2.429901,0.2120,-0.1743,0.4419,0.520
2.434803,0.1686,-0.1638,0.4235,0.484
2.440026,0.0918,-0.2204,0.3820,0.450
2.444891,0.0246,-0.2293,0.3270,0.400
2.449834,-0.0380,-0.1858,0.2825,0.340
2.455112,-0.1105,-0.1377,0.2196,0.282
2.460013,-0.1067,-0.1136,0.1813,0.239
2.464776,-0.0982,-0.1041,0.1485,0.206
2.469884,0.1746,-0.1763,0.2272,0.336
2.474716,0.9384,-0.3494,0.8068,1.286
2.479710,0.7652,-0.1113,1.0056,1.269
2.484595,0.1611,0.2269,0.6689,0.724
2.489785,0.1797,0.1913,0.4382,0.511
2.495067,0.2896,0.0792,0.1934,0.357
2.499953,0.2756,0.1015,-0.0852,0.306
2.504675,0.2523,0.0714,-0.3364,0.426
2.509828,0.2244,0.0705,-0.5320,0.582
2.514549,0.1007,0.0797,-0.6581,0.671
2.519802,0.0437,0.0271,-0.7144,0.716
2.524620,-0.0326,-0.0011,-0.6622,0.663
2.529551,-0.0613,-0.0100,-0.5442,0.548
2.534526,0.0197,-0.0571,-0.4126,0.417
2.539539,0.0286,-0.1471,-0.2526,0.294
2.545598,-0.0155,-0.1941,-0.2070,0.284
2.549575,-0.1221,-0.2507,-0.1845,0.334
2.555334,-0.2483,-0.2453,-0.2186,0.412
2.559951,-0.2794,-0.2784,-0.2615,0.473
2.564593,-0.3784,-0.3164,-0.3322,0.595
2.570091,-0.4447,-0.3402,-0.4165,0.698
2.574432,-0.4497,-0.3546,-0.4475,0.727
2.579334,-0.4892,-0.2829,-0.5404,0.782
2.584255,-0.5774,-0.2065,-0.6476,0.892
2.589498,-0.3980,-0.1541,-0.7553,0.867
2.597627,-0.1565,-0.2068,-0.7821,0.824
2.599309,-0.0204,-0.2019,-0.7906,0.816
2.605088,0.0013,-0.1728,-0.6853,0.707
2.609303,0.0233,-0.1819,-0.4804,0.514
2.614382,0.0841,-0.2675,-0.3045,0.414
2.619770,0.0546,-0.2955,-0.1388,0.331
2.624154,0.0351,-0.2851,-0.0260,0.288
2.629213,0.0111,-0.2890,0.0434,0.292
2.634097,-0.0747,-0.3311,0.0837,0.350
2.639157,-0.1220,-0.3540,0.0137,0.375
2.644837,-0.1692,-0.3242,-0.0231,0.366
2.649200,-0.2546,-0.2943,-0.1128,0.405
2.654509,-0.2615,-0.2198,-0.2346,0.414
2.658992,-0.2734,-0.1648,-0.2370,0.398
2.663959,-0.2471,-0.1197,-0.2112,0.346
2.669956,-0.2639,-0.1035,-0.2141,0.355
2.673949,-0.3236,-0.1017,-0.1313,0.364
2.679647,-0.3453,-0.0810,-0.0156,0.355
2.684021,-0.3056,-0.0321,0.1140,0.328
2.689540,-0.3379,-0.0028,0.1957,0.391
2.694958,-0.2848,0.0070,0.2490,0.378
2.699024,-0.1992,-0.0166,0.2550,0.324
2.703847,-0.2095,-0.0069,0.2664,0.339
2.708994,-0.2153,-0.0164,0.2495,0.330
2.713932,-0.1354,0.0075,0.2663,0.299
2.718895,0.0868,0.0026,0.2545,0.269
2.723841,0.0033,0.0879,0.2622,0.277
2.728830,0.0204,0.0965,0.3555,0.369
2.733740,0.0614,0.0575,0.3817,0.391
2.739385,0.0360,0.0378,0.3984,0.402
2.743713,0.0112,0.0514,0.4060,0.409
2.748908,-0.0606,0.0173,0.4140,0.419
2.754136,-0.1793,0.0404,0.4273,0.465
2.758600,-0.2735,0.0584,0.3744,0.467
2.763590,-0.2818,0.0477,0.2557,0.383
2.768693,-0.2999,0.0086,0.1665,0.343
2.773609,-0.3370,-0.0161,0.1020,0.353
2.778640,-0.3315,-0.0595,0.0811,0.346
2.783463,-0.3692,-0.0552,0.1316,0.396
2.788675,-0.4073,-0.0509,0.1298,0.430
2.793510,-0.3269,-0.0087,0.1471,0.359
2.799123,-0.2667,0.0046,0.0927,0.282
2.803371,-0.1835,-0.0012,0.0102,0.184
2.808498,-0.0771,-0.0686,-0.0339,0.109
2.813568,-0.0377,-0.1258,-0.0590,0.144
2.818611,-0.0459,-0.1065,-0.0889,0.146
2.823397,-0.0682,-0.1348,-0.1047,0.184
2.828360,-0.0808,-0.1247,-0.1162,0.189
2.833405,-0.0980,-0.1098,-0.0853,0.170
2.838537,-0.0629,-0.1330,-0.0644,0.161
2.843370,-0.0515,-0.1465,-0.0437,0.161
2.848360,-0.0734,-0.1694,-0.0613,0.195
2.853848,-0.0618,-0.2063,-0.0883,0.233
2.858848,-0.0740,-0.2050,-0.0673,0.228
2.863169,-0.0955,-0.1847,-0.0177,0.209
2.868344,-0.0742,-0.1362,0.0606,0.167
2.873244,-0.0435,-0.0882,0.0579,0.114
2.880508,-0.0512,-0.0977,0.0365,0.116
2.883294,-0.0637,-0.1356,-0.0037,0.150
2.889173,-0.0621,-0.1019,0.0326,0.124
2.893215,-0.0940,-0.0639,0.0641,0.130
2.898293,-0.0881,-0.0024,0.0812,0.120
2.903257,-0.0681,0.0300,0.1268,0.147
2.908288,-0.0435,0.0004,0.1246,0.132
2.913104,0.0378,-0.0005,0.1367,0.142
2.918824,0.0712,0.0129,0.1298,0.149
2.923124,0.0904,0.0689,0.0941,0.148
2.928059,0.1572,0.1104,0.0300,0.194
2.933043,0.1668,0.1516,-0.0390,0.229
2.938149,0.1768,0.1499,-0.0798,0.245
2.942892,0.2015,0.1389,-0.0925,0.262
2.948027,0.1981,0.1804,-0.0772,0.279
2.953413,0.1905,0.1742,-0.0768,0.269
2.957935,0.1452,0.1729,-0.0628,0.234
2.962887,0.1340,0.1384,0.0030,0.193
2.967868,0.0947,0.1280,-0.0266,0.161
2.972964,0.0368,0.1081,0.0154,0.115
2.978579,-0.0681,0.0930,0.0575,0.129
2.982709,-0.1201,0.0542,0.1002,0.166
2.987826,-0.1671,0.0012,0.1957,0.257
2.992970,-0.2191,-0.0088,0.2249,0.314
2.998084,-0.2236,-0.0143,0.2123,0.309
3.003111,-0.2334,-0.0341,0.2291,0.329
3.007786,-0.2151,-0.0349,0.2323,0.318
3.012770,-0.2069,-0.0026,0.1934,0.283
3.017720,-0.1851,0.0151,0.1697,0.252
3.022671,-0.2827,0.0467,0.1325,0.316
3.031465,-0.2472,0.0543,0.1054,0.274
3.032620,-0.1312,0.0570,0.0689,0.159
3.038492,-0.0350,0.0503,-0.0150,0.063
3.042506,0.0466,0.0438,-0.0227,0.068
3.047944,0.1471,0.0850,-0.1026,0.198
3.053283,0.2049,0.1071,-0.1496,0.275
3.057688,0.2059,0.0676,-0.2260,0.313
3.062513,0.1841,0.0476,-0.2936,0.350
3.067773,0.1157,-0.0432,-0.3190,0.342
3.073219,0.0674,-0.0332,-0.2502,0.261
3.078485,0.0057,-0.0470,-0.1541,0.161
3.082817,-0.0458,-0.0701,-0.0019,0.084
3.087687,-0.0780,-0.1359,0.1160,0.195
3.092440,-0.1194,-0.1917,0.2430,0.332
3.098073,-0.1513,-0.1759,0.3033,0.382
3.103473,-0.2214,-0.1938,0.2927,0.415
3.107956,-0.2391,-0.2211,0.3257,0.461
3.112452,-0.2476,-0.2293,0.2543,0.423
3.117448,-0.2664,-0.2042,0.1506,0.368
3.122344,-0.2380,-0.1699,0.1287,0.320
3.128468,-0.2246,-0.1644,0.0832,0.290
3.132493,-0.1830,-0.1304,0.0570,0.232
3.137351,-0.1182,-0.0777,0.0307,0.145
3.142227,-0.0300,-0.0443,-0.0482,0.072
3.147442,0.0580,-0.0109,-0.1225,0.136
3.152185,0.0935,-0.0490,-0.1971,0.224
3.157581,0.1248,-0.0342,-0.2579,0.289
3.163951,0.1471,-0.0241,-0.2671,0.306
3.167036,0.1367,-0.0091,-0.2391,0.276
3.172189,0.0934,0.0201,-0.1408,0.170
3.177283,0.0271,0.0017,-0.0054,0.028
3.182182,-0.0150,-0.0167,0.0436,0.049
3.187179,0.0145,-0.0397,0.1735,0.179
3.192053,0.0057,-0.0866,0.2796,0.293
3.197235,-0.0082,-0.0572,0.3670,0.372
3.202050,-0.0652,-0.0854,0.3981,0.412
3.207364,-0.0794,-0.0804,0.3493,0.367
3.211975,-0.1226,-0.0899,0.3259,0.360
3.217242,-0.1137,-0.1042,0.2654,0.307
3.222549,-0.0719,-0.1042,0.1013,0.162
3.226915,-0.0400,-0.0993,-0.4188,0.432
3.232488,0.0776,-0.0940,-0.9033,0.912
3.237072,0.0949,-0.0408,-0.8776,0.884
3.241783,0.1266,-0.0021,-0.5828,0.596
3.246868,0.1584,-0.0299,-0.3484,0.384
3.251670,0.1332,-0.0764,-0.2926,0.330
3.256813,0.1040,-0.0796,-0.3189,0.345
3.261623,0.0326,-0.0921,-0.3312,0.345
3.266718,-0.0525,-0.1092,-0.2536,0.281
3.271796,-0.1369,-0.1071,-0.1817,0.251
3.276729,-0.1688,-0.0812,-0.1152,0.220
3.281762,-0.1246,-0.0841,-0.0160,0.151
3.289763,-0.0714,-0.0347,0.1352,0.157
3.296464,-0.0094,-0.0288,0.3192,0.321
3.297001,0.0187,0.0054,0.5933,0.594
3.301818,0.0559,0.0389,0.8197,0.823
3.306562,0.0784,0.1430,0.8845,0.899
3.311512,0.0623,0.2270,0.7365,0.773
3.316587,-0.0397,0.1960,0.5428,0.579
3.321585,-0.1794,0.1082,0.3083,0.373
3.326491,-0.2853,0.0878,0.0088,0.299
3.331948,-0.2908,0.1485,-0.3937,0.511
3.336694,-0.1729,0.2043,-0.6950,0.745
3.341511,-0.0320,0.2125,-0.8058,0.834
