0.001805,0.1205,0.0247,-0.6681,0.679
0.004883,0.1250,0.0717,-0.6817,0.697
0.007461,0.1822,0.0952,-0.6594,0.691
0.012663,0.2252,0.0619,-0.5441,0.592
0.017486,0.2640,-0.0279,-0.4169,0.494
0.022608,0.2939,-0.0693,-0.2727,0.407
0.027586,0.3530,-0.1198,-0.0918,0.384
0.032630,0.3506,-0.1463,0.0880,0.390
0.037648,0.4015,-0.1822,0.2576,0.511
0.042450,0.4480,-0.1754,0.4509,0.659
0.047327,0.3858,-0.2021,0.6819,0.809
0.052411,0.4628,-0.1862,0.7366,0.890
0.057362,0.3923,-0.1897,0.7442,0.862
0.062671,0.3417,-0.1505,0.7386,0.828
0.067253,0.3003,-0.1352,0.7030,0.776
0.072472,0.2164,-0.1108,0.7162,0.756
0.078848,0.1239,-0.0204,0.7162,0.727
0.082468,0.0698,-0.0118,0.6505,0.654
0.087765,-0.0459,-0.0747,0.6150,0.621
0.092350,-0.0899,-0.0851,0.6233,0.635
0.097343,-0.1534,-0.0575,0.5469,0.571
0.102297,-0.2173,-0.0921,0.4337,0.494
0.107533,-0.2626,-0.0837,0.3794,0.469
0.112843,-0.2848,-0.1136,0.3403,0.458
0.117830,-0.3031,-0.0958,0.2451,0.401
0.122458,-0.3317,-0.0639,0.1747,0.380
0.127171,-0.3374,-0.0893,0.1050,0.365
0.132277,-0.3299,-0.0764,0.0547,0.343
0.137289,-0.3282,-0.0873,0.0192,0.340
0.142794,-0.3419,-0.1313,0.0410,0.369
0.147419,-0.3377,-0.1416,0.1482,0.395
0.152176,-0.2965,-0.1520,0.2218,0.400
0.157197,-0.2328,-0.2052,0.3574,0.473
0.163814,-0.1132,-0.2867,0.5499,0.630
0.166949,-0.0521,-0.3159,0.7433,0.809
0.172080,-0.0204,-0.2980,0.9234,0.971
0.177350,0.0060,-0.2761,1.0240,1.061
0.182044,-0.0204,-0.3264,1.0314,1.082
0.187473,-0.0375,-0.3388,0.9270,0.988
0.192257,-0.1163,-0.3513,0.7817,0.865
0.197002,-0.2332,-0.3260,0.5967,0.719
0.202003,-0.3213,-0.3201,0.4046,0.608
0.206942,-0.3905,-0.2429,0.2903,0.544
0.211997,-0.4504,-0.2280,0.2056,0.545
0.217667,-0.4916,-0.2131,0.1073,0.546
0.222181,-0.5663,-0.1837,0.0182,0.596
0.226854,-0.6036,-0.1450,-0.0697,0.625
0.231989,-0.6608,-0.1444,-0.1000,0.684
0.237625,-0.6620,-0.1627,-0.0443,0.683
0.242545,-0.6219,-0.1190,0.0067,0.633
0.247038,-0.5742,-0.1043,0.0727,0.588
0.251907,-0.5369,-0.1134,0.0910,0.556
0.256976,-0.4921,-0.0942,0.0688,0.506
0.263729,-0.4630,-0.1086,0.0438,0.478
0.267066,-0.4540,-0.0944,0.0632,0.468
0.271794,-0.4507,-0.0378,0.0273,0.453
0.276585,-0.4337,0.0184,-0.0783,0.441
0.281599,-0.3929,0.0553,-0.2687,0.479
0.287036,-0.3297,0.0348,-0.4229,0.537
0.291928,-0.3240,0.0196,-0.6138,0.694
0.297064,-0.2992,0.0238,-0.6849,0.748
0.301626,-0.2457,0.0902,-0.7373,0.782
0.306656,-0.1730,0.1088,-0.7667,0.793
0.311599,-0.1089,0.1562,-0.7930,0.816
0.317225,-0.1069,0.1702,-0.7858,0.811
0.321688,-0.1089,0.1368,-0.7418,0.762
0.326746,-0.1155,0.1093,-0.7357,0.753
0.331574,-0.1122,0.1012,-0.7067,0.723
0.336836,-0.1182,0.1268,-0.6598,0.682
0.342425,-0.1136,0.1384,-0.6339,0.659
0.346540,-0.0235,0.1596,-0.6369,0.657
0.351498,-0.0192,0.1714,-0.6170,0.641
0.357134,0.0237,0.1548,-0.6218,0.641
0.361845,0.0762,0.1527,-0.6179,0.641
0.372007,0.0956,0.1985,-0.5621,0.604
0.372421,0.1209,0.2634,-0.5077,0.585
0.376284,0.1223,0.2707,-0.4532,0.542
0.381299,0.1483,0.2924,-0.4469,0.554
0.386796,0.1555,0.3667,-0.4458,0.598
0.391806,0.1632,0.4216,-0.4405,0.631
0.396193,0.2192,0.4001,-0.4073,0.612
0.401299,0.2473,0.4552,-0.3468,0.623
0.406080,0.3041,0.4671,-0.2627,0.616
0.411368,0.3661,0.5029,-0.2128,0.657
0.417480,0.4042,0.5291,-0.1493,0.682
0.421292,0.4284,0.5267,-0.1008,0.686
0.426101,0.4957,0.5769,-0.0675,0.764
0.431062,0.5633,0.5983,0.0124,0.822
0.436045,0.6115,0.6531,0.1112,0.902
0.442006,0.6502,0.6744,0.2381,0.967
0.446068,0.8037,0.6621,0.3551,1.100
0.451020,0.9240,0.6737,0.4147,1.216
0.455820,0.9779,0.6851,0.5464,1.313
0.461385,1.0089,0.6916,0.6638,1.392
0.465940,1.0835,0.7361,0.7246,1.497
0.471063,1.1683,0.8042,0.7378,1.599
0.479457,1.2730,0.8290,0.6695,1.660
0.480794,1.3452,0.8489,0.6293,1.711
0.485907,1.4520,0.8686,0.5783,1.788
0.492082,1.5028,0.8978,0.5446,1.833
0.501235,1.5551,0.9173,0.5382,1.884
0.507505,1.5661,0.9080,0.5681,1.897
0.508049,1.6028,0.9511,0.6344,1.969
0.510712,1.6511,0.9414,0.7277,2.035
0.515684,1.6443,0.9028,0.7959,2.038
0.520744,1.6062,0.8784,0.9061,2.043
0.525861,1.5367,0.8634,0.9486,2.002
0.530738,1.5751,0.8482,1.0387,2.069
0.536257,1.6062,0.8374,1.0522,2.095
0.540543,1.6639,0.8503,0.9892,2.114
0.545570,1.6525,0.7864,0.8736,2.028
0.550714,1.6154,0.7128,0.7147,1.905
0.555539,1.5998,0.6728,0.5838,1.831
0.560553,1.6024,0.6756,0.4283,1.791
0.565600,1.5748,0.6352,0.2381,1.715
0.570585,1.5553,0.6043,0.0705,1.670
0.579468,1.5342,0.5736,-0.1616,1.646
0.580603,1.5739,0.5573,-0.4584,1.731
0.585363,1.6110,0.4887,-0.7008,1.824
0.590358,1.5477,0.4204,-0.9516,1.865
0.595951,1.3782,0.4051,-1.1246,1.824
0.600352,1.2700,0.4380,-1.2632,1.844
0.605552,1.2132,0.4329,-1.4198,1.917
0.610419,1.1984,0.3519,-1.5126,1.962
0.615462,1.1908,0.2526,-1.5978,2.009
0.620291,1.1125,0.1397,-1.6476,1.993
0.625367,0.9426,0.0421,-1.5891,1.848
0.630391,0.7576,-0.0784,-1.5844,1.758
0.635198,0.5618,-0.1740,-1.6281,1.731
0.640162,0.4504,-0.3735,-1.6721,1.772
0.645324,0.3489,-0.5763,-1.7825,1.906
0.650455,0.2275,-0.6915,-1.7844,1.927
0.655896,0.2277,-0.7862,-1.8397,2.014
0.660135,0.2535,-0.9080,-2.0107,2.221
0.665140,0.2664,-1.0951,-2.1158,2.397
0.670189,0.2715,-1.2612,-2.0689,2.438
0.677158,0.2282,-1.3923,-1.9024,2.369
0.680162,0.1650,-1.4784,-1.7428,2.291
0.685290,0.0462,-1.5488,-1.6598,2.271
0.690004,-0.1805,-1.6702,-1.5614,2.294
0.695189,-0.4534,-1.8188,-1.4521,2.371
0.700425,-0.7107,-1.9468,-1.4413,2.524
0.705134,-1.1086,-1.9114,-1.4800,2.659
0.709994,-1.4657,-2.0420,-1.6655,3.015
0.715328,-1.7518,-2.2814,-1.8626,3.427
0.719905,-2.0447,-2.4526,-2.0571,3.798
0.725284,-2.4364,-2.5751,-2.3498,4.253
0.729968,-2.8943,-2.7067,-2.6071,4.744
0.734937,-3.3111,-2.8241,-2.7620,5.154
0.739955,-3.6601,-2.9364,-2.8016,5.465
0.744853,-3.9590,-2.9203,-2.7492,5.636
0.750284,-4.3094,-2.9344,-2.5420,5.800
0.754850,-4.8130,-3.0175,-2.2797,6.121
0.760196,-5.6204,-3.1657,-2.0856,6.779
0.765060,-6.8266,-3.2035,-1.8299,7.760
0.769738,-8.2916,-3.2755,-1.5608,9.051
0.775770,-9.7184,-3.4067,-1.2824,10.378
0.779657,-11.0828,-3.5738,-1.0943,11.696
0.784516,-12.4176,-3.8634,-0.7981,13.029
0.789569,-13.5641,-4.2373,-0.2663,14.213
0.794853,-14.5497,-4.8230,0.2186,15.330
0.799975,-15.2219,-5.6396,0.5596,16.243
0.804517,-15.2844,-6.7406,0.8066,16.724
0.809564,-14.9642,-8.0021,1.0013,16.999
0.814411,-14.5054,-9.3621,1.0841,17.298
0.819516,-13.7766,-10.8529,1.0425,17.569
0.825034,-12.9813,-12.2051,0.7781,17.835
0.829467,-12.0797,-13.2320,0.1425,17.917
0.834479,-10.8859,-13.9753,-0.8166,17.733
0.839437,-9.4240,-14.2392,-2.2205,17.219
0.844209,-7.5705,-14.1221,-3.9736,16.509
0.850144,-5.2277,-13.6575,-5.9779,15.798
0.854427,-2.4746,-12.6329,-8.3260,15.331
0.859251,0.1533,-10.8661,-10.7265,15.269
0.864240,2.6732,-8.5805,-12.9712,15.780
0.870243,5.5849,-6.3220,-14.7137,16.960
0.878753,8.8963,-4.0819,-16.0659,18.813
0.879373,12.5031,-1.7524,-16.9815,21.161
0.884197,16.6150,0.8312,-17.7165,24.303
0.889166,21.0298,3.3450,-18.2824,28.066
0.894170,25.4773,5.3574,-18.5364,31.959
0.899439,29.1115,6.7473,-18.2352,35.008
0.904252,31.2952,7.5750,-16.9117,36.370
0.909419,32.4985,7.6376,-14.9315,36.571
0.914126,31.0387,8.0056,-12.5749,34.433
0.919265,29.1408,7.1100,-10.1575,31.669
0.928342,26.0084,6.0269,-8.6048,28.050
0.929301,22.3333,5.3081,-6.5492,23.871
0.938275,19.2337,4.8664,-4.8305,20.419
0.939131,16.4468,4.0777,-3.8835,17.384
0.943960,14.2664,2.8954,-3.3690,14.942
0.949538,12.4526,1.7545,-2.8389,12.892
0.954239,10.6244,0.8640,-2.1190,10.868
0.960481,8.9186,0.0734,-1.5616,9.055
0.964104,7.3805,-0.9119,-1.3521,7.559
0.970091,5.8580,-2.0085,-1.4623,6.363
0.974006,4.3066,-3.1358,-1.9582,5.676
0.978968,2.5066,-4.1318,-2.8099,5.590
0.983803,0.7426,-4.9352,-3.7835,6.263
0.988952,-0.7656,-5.7613,-4.8602,7.576
0.993983,-2.1046,-6.7487,-6.0116,9.280
0.998943,-3.4614,-7.5914,-6.9261,10.843
1.004012,-4.8549,-8.1182,-7.5032,12.074
1.008933,-6.0924,-8.4570,-7.7889,13.012
1.013899,-7.1586,-8.8055,-8.0220,13.897
1.019254,-8.3847,-9.1901,-8.0200,14.801
1.023683,-10.5115,-9.0976,-7.9604,16.020
1.029068,-13.7605,-8.5188,-8.2473,18.164
1.033705,-16.8233,-8.3861,-8.5800,20.663
1.038774,-18.8433,-8.6680,-8.4540,22.398
1.044314,-21.1480,-8.4689,-7.8338,24.090
1.048895,-23.1732,-8.5913,-6.4942,25.553
1.055222,-23.9837,-9.6809,-4.9589,26.335
1.058721,-24.4368,-11.0325,-3.6087,27.054
1.063581,-24.2591,-12.4181,-2.6664,27.383
1.068552,-23.4632,-13.9971,-2.4938,27.435
1.073771,-22.2197,-15.7191,-3.1965,27.405
1.078646,-20.4421,-17.2706,-4.5955,27.153
1.083551,-18.2050,-18.3628,-6.3816,26.633
1.088518,-15.7556,-18.9046,-8.4356,26.015
1.094982,-13.1630,-18.7599,-10.5265,25.219
1.098613,-10.4852,-18.1083,-12.3494,24.297
1.103548,-7.8385,-16.9605,-13.9374,23.310
1.109774,-4.9510,-15.5777,-14.9006,22.118
1.113372,-1.9350,-14.0162,-15.3302,20.862
1.118353,1.0342,-12.3046,-15.1774,19.566
1.123744,3.7752,-10.4324,-14.5131,18.268
1.128447,6.2437,-8.2643,-13.5859,17.084
1.137794,8.7844,-5.7523,-12.9519,16.674
1.138335,12.0588,-3.1532,-12.9637,17.984
1.143310,15.8921,-0.7203,-13.3266,20.753
1.148299,21.2123,1.0671,-14.0110,25.444
1.153667,26.3862,2.8325,-14.5556,30.267
1.161791,30.7512,4.8824,-14.1964,34.220
1.163198,34.1677,6.6975,-13.0358,37.178
1.168202,36.0141,7.7860,-11.0991,38.482
1.173330,35.9590,8.2826,-8.4241,37.850
1.178731,34.2596,8.5592,-5.3153,35.710
1.186448,31.4404,8.7275,-2.5676,32.730
1.188003,28.0902,8.4564,-0.4225,29.338
1.193146,24.4074,7.8904,1.2447,25.681
1.198358,20.5094,7.2605,2.1872,21.866
1.204507,16.7589,6.5958,2.3463,18.162
1.211516,13.3387,5.8233,2.0378,14.696
1.213004,10.3080,4.9348,1.3782,11.511
1.217976,7.6975,3.8929,0.6125,8.648
1.223042,5.4715,2.8128,-0.1206,6.153
1.228184,3.6458,1.7344,-0.7967,4.115
1.233449,2.1168,0.7161,-1.3771,2.625
1.238098,0.8675,-0.3080,-1.7841,2.008
1.242957,-0.1335,-1.2493,-2.1325,2.475
1.248030,-0.8980,-2.1546,-2.4677,3.397
1.253158,-1.6015,-3.0118,-2.9247,4.493
1.258445,-2.1465,-3.8784,-3.1110,5.416
1.262962,-2.7848,-4.5917,-3.1851,6.244
1.267881,-3.4910,-5.0950,-3.2139,6.962
1.272822,-4.0627,-5.5560,-3.1185,7.556
1.277983,-4.5072,-5.8862,-3.1342,8.049
1.286464,-4.9904,-6.0861,-3.2830,8.528
1.287980,-5.4434,-6.2147,-3.4268,8.944
1.292593,-5.8974,-6.2160,-3.5330,9.268
1.297844,-6.2296,-6.1206,-3.5016,9.409
1.302753,-6.4165,-5.8634,-3.2885,9.293
1.308190,-6.5709,-5.4649,-2.9070,9.027
1.312630,-6.3854,-5.0844,-2.3706,8.500
1.317748,-6.0028,-4.7420,-1.9040,7.883
1.322529,-5.4218,-4.4432,-1.4687,7.162
1.327830,-4.7894,-4.2456,-1.1318,6.500
1.333487,-4.1248,-4.1068,-0.9024,5.890
1.337620,-3.6095,-3.8541,-0.7297,5.331
1.342498,-3.2437,-3.5504,-0.7243,4.863
1.347560,-2.7867,-3.2960,-0.8588,4.401
1.352570,-2.2855,-3.0814,-1.0866,3.987
1.358452,-1.8779,-2.9349,-1.3756,3.746
1.362495,-1.5926,-2.7897,-1.6069,3.592
1.367529,-1.3835,-2.6021,-1.7728,3.439
1.372373,-1.2081,-2.3343,-1.8598,3.220
1.377768,-0.8936,-2.0531,-1.8022,2.874
1.382580,-0.4726,-1.9400,-1.7340,2.645
1.388158,-0.1404,-1.8415,-1.6167,2.455
1.392265,0.0462,-1.7528,-1.4495,2.275
1.397507,0.1514,-1.6973,-1.0655,2.010
1.402457,0.2325,-1.6034,-0.5832,1.722
1.407391,0.3523,-1.3946,-0.1594,1.447
1.412304,0.4345,-1.1619,0.1883,1.255
1.417344,0.4653,-1.0250,0.5616,1.258
1.422292,0.4972,-0.9456,0.8227,1.348
1.427310,0.5696,-0.8800,0.8991,1.381
1.432264,0.6105,-0.7807,0.8776,1.324
1.437559,0.6006,-0.6668,0.7678,1.181
1.442171,0.5978,-0.6051,0.6369,1.063
1.447251,0.5061,-0.5574,0.4894,0.898
1.452197,0.4352,-0.5045,0.3061,0.733
1.457296,0.4299,-0.4317,0.1245,0.622
1.462169,0.4367,-0.3772,-0.1079,0.587
1.468954,0.4221,-0.3841,-0.3437,0.666
1.472167,0.3431,-0.4330,-0.6313,0.839
1.479875,0.1950,-0.4950,-0.9134,1.057
1.482040,0.0100,-0.5418,-1.1043,1.230
1.487513,-0.1190,-0.5966,-1.3193,1.453
1.492000,-0.3421,-0.5882,-1.5917,1.731
1.497453,-0.5113,-0.6315,-1.8549,2.025
1.502083,-0.7179,-0.7646,-2.1571,2.399
1.506993,-0.8999,-0.9111,-2.4604,2.774
1.512194,-1.0782,-1.1095,-2.6929,3.106
1.517146,-1.3756,-1.3067,-2.7552,3.345
1.521924,-1.7463,-1.4413,-2.7528,3.564
1.527185,-2.1239,-1.5854,-2.7434,3.815
1.531996,-2.3992,-1.7297,-2.6887,3.997
1.537009,-2.6351,-1.8554,-2.6171,4.152
1.541819,-2.8906,-1.9826,-2.5374,4.327
1.547280,-3.1894,-2.2496,-2.5273,4.650
1.551789,-3.7346,-2.5714,-2.6339,5.244
1.557213,-4.6711,-2.8577,-2.8333,6.166
1.561782,-5.8197,-3.1435,-3.0260,7.274
1.568977,-6.9729,-3.5972,-3.1808,8.466
1.571880,-8.1396,-4.0623,-3.2933,9.675
1.577762,-9.3492,-4.6123,-3.2122,10.909
1.581609,-10.8267,-5.3350,-2.7069,12.370
1.587247,-12.4871,-6.1695,-1.9057,14.058
1.591571,-14.1933,-7.0076,-0.9726,15.859
1.596652,-15.9374,-7.7498,0.4088,17.726
1.601541,-17.4438,-8.5866,2.1138,19.557
1.606579,-18.2748,-9.7103,3.6366,21.011
1.611567,-18.5466,-11.3355,5.4912,22.419
1.617103,-18.2274,-13.2790,6.8231,23.561
1.621478,-17.3437,-15.2504,6.9459,24.117
1.626793,-16.6368,-17.0389,5.8969,24.533
1.631391,-16.5504,-18.5746,3.4093,25.111
1.636968,-16.5849,-19.8757,-0.9352,25.903
1.644640,-16.1725,-20.9574,-6.5208,27.263
1.646523,-14.9644,-21.6821,-12.4720,29.148
1.655153,-12.6314,-21.5069,-17.9395,30.723
1.656397,-8.9756,-20.2790,-22.1610,31.351
1.662327,-4.1301,-18.2479,-25.2388,31.417
1.668085,2.0702,-15.5468,-26.8654,31.109
1.671471,9.6217,-12.3567,-27.7435,31.859
1.677249,17.4616,-8.7381,-27.6799,33.874
1.681468,25.1366,-4.6794,-26.6458,36.929
1.687735,32.0133,-0.0956,-25.0504,40.650
1.693747,37.9477,4.3758,-23.7064,44.957
1.696179,42.7513,7.6452,-22.6706,48.991
1.701259,45.5130,9.1038,-21.7208,51.246
1.706452,44.9775,8.7640,-20.0042,50.000
1.711123,41.0259,7.2935,-16.9854,44.998
1.716399,35.3957,5.4165,-13.2063,38.165
1.721027,29.4346,3.9165,-9.3838,31.141
1.727594,23.1404,2.8127,-6.2995,24.147
1.731521,16.9245,1.9449,-4.5474,17.632
1.737112,11.7869,1.1352,-3.8045,12.438
1.741574,8.2621,0.4359,-3.2602,8.893
1.746095,5.7167,-0.1319,-2.3940,6.199
1.750860,3.6719,-0.5702,-1.2745,3.928
1.755985,1.9526,-0.8508,-0.1519,2.135
1.760896,0.4348,-1.0395,0.6862,1.319
1.769632,-1.1648,-1.2047,1.1365,2.025
1.771056,-2.8477,-1.4147,1.4767,3.506
1.779605,-4.4670,-1.6084,1.6090,5.013
1.780768,-5.9136,-1.7339,1.5178,6.347
1.786042,-6.9111,-1.8710,1.1502,7.252
1.791448,-7.5153,-2.1304,0.6954,7.842
1.796411,-7.8049,-2.4992,0.2206,8.198
1.800783,-7.7955,-2.8542,-0.1297,8.303
1.805832,-7.6178,-3.1731,-0.3437,8.259
1.810773,-7.2230,-3.4810,-0.5279,8.035
1.816432,-6.9832,-3.7698,-0.6764,7.965
1.820614,-6.6993,-4.0310,-0.7748,7.857
1.825670,-6.3276,-4.1939,-0.7757,7.631
1.830580,-5.8907,-4.1879,-0.7221,7.264
1.835733,-5.4787,-4.1143,-0.7002,6.887
1.841763,-5.1544,-4.0601,-0.6667,6.595
1.845727,-4.8516,-3.8820,-0.5174,6.235
1.850502,-4.5136,-3.7002,-0.4291,5.852
1.856285,-4.1637,-3.4816,-0.4352,5.445
1.860465,-3.7771,-3.2694,-0.5170,5.022
1.865672,-3.4295,-3.1162,-0.6799,4.683
1.870581,-3.0869,-2.9501,-0.8623,4.356
1.878691,-2.8480,-2.7949,-0.9455,4.101
1.880496,-2.6263,-2.5981,-1.0880,3.851
1.885592,-2.4019,-2.4359,-1.2374,3.638
1.890270,-2.1932,-2.2940,-1.3177,3.436
1.895513,-2.0283,-2.0574,-1.4160,3.217
1.900361,-1.9016,-1.8312,-1.5282,3.050
1.905451,-1.8272,-1.6680,-1.5972,2.945
1.910390,-1.7471,-1.4718,-1.6527,2.820
1.916426,-1.6655,-1.2808,-1.8007,2.767
1.920296,-1.5627,-1.1235,-1.9511,2.741
1.925514,-1.4006,-1.0140,-2.0041,2.647
1.930309,-1.2551,-0.9139,-1.9894,2.524
1.935252,-1.1119,-0.8948,-1.8832,2.363
1.940236,-0.9418,-0.8419,-1.6858,2.107
1.945289,-0.7920,-0.7741,-1.4495,1.824
1.950120,-0.6768,-0.7203,-1.2268,1.575
1.955173,-0.5527,-0.6327,-0.9883,1.297
1.960392,-0.4433,-0.5353,-0.6952,0.983
1.965550,-0.2868,-0.5285,-0.3809,0.712
1.970660,-0.0489,-0.5166,-0.0830,0.525
1.978378,0.2087,-0.4518,0.1515,0.520
1.980026,0.4483,-0.4346,0.3661,0.724
1.985102,0.6512,-0.3790,0.5950,0.960
1.989900,0.7945,-0.3473,0.8342,1.203
1.995108,0.8778,-0.2581,0.9640,1.329
2.000048,0.9736,-0.1548,1.0330,1.428
2.005126,0.9957,-0.0946,1.0411,1.444
2.010001,0.9680,-0.0680,0.9594,1.365
2.014943,0.9429,-0.0509,0.8404,1.264
2.019957,0.8245,-0.0434,0.7033,1.085
2.025041,0.6795,-0.0597,0.5711,0.890
2.029915,0.5652,-0.0184,0.3958,0.690
2.035449,0.4669,0.0231,0.2346,0.523
2.039939,0.3891,0.0553,0.0822,0.402
2.045165,0.3033,0.1068,-0.0808,0.332
2.049921,0.2186,0.1156,-0.2161,0.328
2.054894,0.2165,0.1105,-0.2716,0.365
2.059708,0.2105,0.0866,-0.3097,0.384
2.064805,0.1430,0.0968,-0.2870,0.335
2.069771,0.0665,0.1263,-0.1651,0.218
2.080088,0.0381,0.1321,0.0038,0.138
2.080444,0.0240,0.1045,0.1487,0.183
2.084940,0.0436,0.0914,0.2647,0.283
2.089572,0.1014,0.0592,0.2661,0.291
2.095051,0.1258,-0.0304,0.2966,0.324
2.099711,0.1215,-0.1438,0.3326,0.382
2.104906,0.0930,-0.1662,0.3696,0.416
2.109550,0.0304,-0.1219,0.4748,0.491
2.114688,-0.0761,-0.0876,0.5810,0.593
2.119514,-0.1647,-0.1446,0.7176,0.750
2.124638,-0.2166,-0.1734,0.7845,0.832
2.129534,-0.2606,-0.1837,0.8344,0.893
2.134797,-0.2635,-0.1898,0.9157,0.972
2.139533,-0.2205,-0.1728,0.8990,0.942
2.144529,-0.2321,-0.1660,0.8029,0.852
2.150096,-0.1831,-0.1597,0.7470,0.786
2.154854,-0.0493,-0.1346,0.6782,0.693
2.159335,0.0691,-0.0908,0.5962,0.607
2.164500,0.1580,-0.0424,0.5485,0.572
2.169368,0.2706,0.0057,0.5061,0.574
2.178729,0.3832,-0.0132,0.4113,0.562
2.179330,0.4819,-0.0415,0.3978,0.626
2.184267,0.5430,-0.0458,0.3555,0.651
2.189418,0.5522,-0.0404,0.3128,0.636
2.194334,0.5094,-0.0204,0.3607,0.624
2.199675,0.4479,-0.0147,0.3794,0.587
2.204441,0.4252,-0.0186,0.4268,0.603
2.209210,0.4221,-0.0463,0.3641,0.559
2.214221,0.3955,-0.0453,0.3398,0.523
2.219215,0.3693,-0.0346,0.2771,0.463
2.224751,0.3868,-0.0143,0.2188,0.445
2.229268,0.3664,-0.0130,0.1699,0.404
2.234190,0.2936,-0.0211,0.1351,0.324
2.239079,0.2259,-0.0627,0.1290,0.268
2.244184,0.1630,-0.0900,0.1373,0.231
2.249871,0.0853,-0.0789,0.1840,0.218
2.254215,-0.0268,-0.0585,0.2118,0.221
2.259045,-0.0773,-0.0622,0.2401,0.260
2.264315,-0.0471,-0.1187,0.3027,0.329
2.269116,0.6834,-0.3145,0.7031,1.030
2.278046,1.7186,-0.4345,1.5959,2.385
2.278935,0.9590,0.0096,1.5480,1.821
2.283928,-0.0317,0.3378,0.8309,0.897
2.288762,0.3322,0.0435,0.5412,0.637
2.294012,0.7350,-0.1932,0.4066,0.862
2.299699,0.5828,-0.1234,0.2437,0.644
2.303900,0.3396,0.0087,0.0798,0.349
2.308781,0.3403,0.0215,-0.0950,0.354
2.314080,0.4370,0.0154,-0.2089,0.485
2.319045,0.4671,0.0289,-0.3191,0.566
2.324816,0.5269,0.0618,-0.3586,0.640
2.328787,0.4678,0.1238,-0.4186,0.640
2.333968,0.3757,0.1621,-0.4415,0.602
2.338685,0.3172,0.1289,-0.4610,0.574
2.343743,0.2397,0.1439,-0.5631,0.629
2.348649,0.1524,0.1305,-0.7240,0.751
2.354116,0.0553,0.0936,-0.8384,0.845
2.358905,-0.0373,0.0236,-0.7770,0.778
2.364229,-0.1353,-0.0175,-0.6111,0.626
2.368831,-0.2438,-0.0683,-0.3641,0.443
2.373993,-0.3295,-0.1813,-0.0833,0.385
2.380257,-0.3686,-0.2756,0.1796,0.494
2.389512,-0.4761,-0.3512,0.4201,0.726
2.389826,-0.5325,-0.4081,0.5716,0.881
2.393564,-0.5714,-0.4274,0.6054,0.936
2.398521,-0.5544,-0.4280,0.5598,0.897
2.403580,-0.5483,-0.4291,0.4679,0.839
2.408426,-0.5339,-0.3779,0.3820,0.758
2.413607,-0.4297,-0.3702,0.2876,0.636
2.418417,-0.3886,-0.3577,0.1840,0.559
2.423523,-0.2855,-0.3022,0.0614,0.420
2.428383,-0.1347,-0.2180,-0.0182,0.257
2.433456,0.0642,-0.1098,-0.0649,0.143
2.438371,0.2063,-0.0110,-0.1221,0.240
2.443566,0.3233,0.0495,-0.1364,0.354
2.448327,0.3982,0.1335,-0.1614,0.450
2.453481,0.4455,0.2221,-0.1972,0.535
2.458294,0.4748,0.2629,-0.1770,0.571
2.463308,0.4674,0.3322,-0.1728,0.599
2.469278,0.4470,0.3396,-0.2175,0.602
2.473774,0.3804,0.3378,-0.1964,0.545
2.478399,0.3531,0.3172,-0.1287,0.492
2.483240,0.2602,0.2921,-0.0715,0.398
2.488034,0.1589,0.2958,0.0425,0.338
2.493512,0.0346,0.2089,0.2179,0.304
2.497976,-0.0510,0.0893,0.3408,0.356
2.503278,-0.1317,0.0322,0.3970,0.420
2.508078,-0.2361,0.0085,0.3303,0.406
2.513187,-0.3023,-0.0295,0.2460,0.391
2.518036,-0.3356,-0.0579,0.1822,0.386
2.522970,-0.5314,-0.1719,0.2148,0.598
2.527854,-0.6132,-0.2330,0.1724,0.678
2.533022,-0.5294,-0.1847,0.1695,0.586
2.537933,-0.4995,-0.1751,0.1536,0.551
2.542967,-0.4188,-0.2038,0.1525,0.490
2.547773,-0.3110,-0.1232,0.1283,0.358
2.552959,-0.2712,-0.0765,0.0521,0.287
2.557820,-0.1987,-0.0540,-0.0237,0.207
2.562864,-0.1556,-0.0315,-0.0942,0.185
2.567842,-0.1510,-0.0567,-0.1074,0.194
2.573135,-0.1750,-0.0436,-0.1256,0.220
2.577750,-0.1512,-0.0876,-0.0679,0.187
2.583754,-0.1609,-0.1216,0.0036,0.202
2.588024,-0.2180,-0.1649,0.0603,0.280
2.592880,-0.2654,-0.1509,0.0790,0.315
2.597749,-0.3079,-0.1133,0.0643,0.334
2.602902,-0.2599,-0.1519,0.0877,0.314
2.607675,-0.2265,-0.1619,0.1397,0.311
2.612757,-0.2171,-0.1099,0.1534,0.288
2.617857,-0.1316,-0.0823,0.1959,0.250
2.622528,-0.1372,-0.0501,0.2763,0.313
2.627522,-0.1143,0.0102,0.3134,0.334
2.632695,-0.0916,0.0748,0.2885,0.312
2.637612,-0.0165,0.1484,0.2068,0.255
2.642625,0.0869,0.1740,0.1396,0.239
2.647517,0.2566,0.2566,0.1340,0.387
2.652531,0.3786,0.4148,0.0849,0.568
2.657836,0.5200,0.4913,-0.0177,0.716
2.662414,0.7242,0.5440,-0.1787,0.923
2.667338,0.8247,0.5684,-0.3364,1.057
2.672366,0.6699,0.5078,-0.4481,0.953
2.677600,0.4561,0.4055,-0.3899,0.724
2.687037,0.2827,0.2617,-0.2340,0.451
2.687718,0.1062,0.0716,-0.0465,0.136
2.692383,-0.0736,-0.1076,0.2353,0.269
2.697464,-0.1525,-0.2001,0.4403,0.507
2.702409,-0.1266,-0.2923,0.6029,0.682
2.707854,-0.1440,-0.3178,0.6763,0.761
2.712260,-0.1664,-0.2486,0.6563,0.721
2.717218,-0.1224,-0.2897,0.6003,0.678
2.722302,-0.1505,-0.2833,0.4843,0.581
2.727465,-0.1503,-0.2439,0.3560,0.457
2.732791,-0.2553,-0.1479,0.2339,0.377
2.737387,-0.1224,-0.1810,0.1222,0.250
2.742693,-0.0623,-0.1805,0.0254,0.193
2.747435,-0.0314,-0.1182,-0.0471,0.131
2.752578,0.0038,-0.0515,-0.0908,0.104
2.757672,-0.0140,-0.0472,-0.0870,0.100
2.762388,-0.0272,-0.1092,-0.2357,0.261
2.769151,0.0306,-0.1516,-0.3413,0.375
2.772297,0.0879,-0.1460,-0.4227,0.456
2.778490,0.0782,-0.1498,-0.4040,0.438
2.782632,0.0447,-0.1251,-0.4093,0.430
2.787502,0.0445,-0.1623,-0.4337,0.465
2.792172,0.0013,-0.1755,-0.4150,0.451
2.797203,0.0249,-0.1934,-0.3154,0.371
2.802121,0.0526,-0.2160,-0.2113,0.307
2.807044,0.0560,-0.2528,-0.1313,0.290
2.812562,0.0734,-0.2372,0.0342,0.251
2.817301,0.0092,-0.2552,0.0850,0.269
2.822020,0.1020,-0.2969,0.1503,0.348
2.827142,0.1176,-0.2720,0.1921,0.353
2.832090,0.0469,-0.3235,0.2680,0.423
2.836968,0.0045,-0.3369,0.3350,0.475
2.842054,0.0327,-0.2933,0.2552,0.390
2.846863,-0.0110,-0.3025,0.1337,0.331
2.851918,-0.2071,-0.3450,0.0230,0.403
2.856852,-0.2501,-0.3681,-0.0438,0.447
2.862024,0.1159,-0.2865,-0.1002,0.325
2.869409,0.1612,-0.2150,-0.1377,0.302
2.871916,0.1073,-0.2008,-0.1805,0.291
2.879952,-0.3216,-0.2437,-0.1569,0.433
2.881762,-0.2531,-0.1909,-0.2246,0.389
2.887770,-0.1328,-0.1431,-0.4261,0.469
2.891611,-0.1791,-0.1477,-0.3227,0.398
2.896812,-0.0769,-0.1046,-0.3069,0.333
2.903023,0.0015,-0.0188,-0.2874,0.288
2.906708,0.0042,0.0570,-0.2356,0.242
2.911650,0.0411,0.0376,-0.6328,0.635
2.916536,0.1074,0.1424,-0.8776,0.895
2.921670,0.2310,0.2232,-0.6480,0.723
2.926554,0.2785,0.2658,-0.2133,0.440
2.931509,0.2835,0.2797,0.0458,0.401
2.936951,0.2890,0.2461,0.2025,0.430
2.941567,0.2902,0.2031,0.3918,0.528
2.946421,0.2729,0.2030,0.6046,0.694
2.951476,0.1939,0.2215,0.7319,0.789
2.956313,0.1059,0.2870,0.7985,0.855
2.961467,0.0276,0.2991,0.7571,0.815
2.968945,-0.0747,0.2729,0.6130,0.675
2.971539,-0.1245,0.1992,0.4901,0.543
2.979590,-0.1316,0.1734,0.3688,0.428
2.981789,-0.0912,0.2049,0.2057,0.304
2.986614,-0.0513,0.3075,0.0008,0.312
2.992186,-0.0452,0.3572,-0.0799,0.369
