0.000724,0.0540,0.2368,-0.6325,0.678
0.008328,0.0881,0.2788,-0.6367,0.701
0.008676,0.1560,0.2973,-0.5105,0.611
0.012645,0.3336,0.2019,-0.2869,0.484
0.017461,0.5209,0.0506,-0.1522,0.545
0.022792,0.7090,0.0147,-0.0813,0.714
0.027679,0.4836,0.1643,0.1413,0.530
0.032588,0.4274,0.1984,0.2532,0.535
0.037328,0.4010,0.1276,0.2932,0.513
0.042435,0.3325,0.0097,0.2621,0.423
0.048378,0.2652,-0.0692,0.1742,0.325
0.052406,0.2368,-0.0525,0.1346,0.277
0.057505,0.1470,-0.0311,0.1906,0.243
0.062410,0.0719,-0.0385,0.2226,0.237
0.067343,0.0778,-0.0316,0.2642,0.277
0.072366,0.0640,-0.0487,0.2775,0.289
0.077329,0.0312,-0.1321,0.3147,0.343
0.082787,-0.0780,-0.1533,0.3809,0.418
0.087332,-0.1254,-0.1650,0.4331,0.480
0.092427,-0.1497,-0.1435,0.4909,0.533
0.097174,-0.1798,-0.1558,0.4877,0.543
0.102322,-0.1682,-0.1826,0.4479,0.512
0.107453,-0.1575,-0.2142,0.4096,0.488
0.112573,-0.1671,-0.2173,0.3681,0.459
0.117137,-0.2060,-0.1875,0.3661,0.460
0.122583,-0.2125,-0.1819,0.3131,0.420
0.127362,-0.1722,-0.1528,0.2945,0.374
0.132426,-0.1283,-0.1573,0.1720,0.266
0.137151,-0.1328,-0.1380,0.0650,0.202
0.142371,-0.0996,-0.1520,-0.0414,0.186
0.146989,-0.0955,-0.1135,-0.1095,0.184
0.152081,-0.0583,-0.1511,-0.1492,0.220
0.157228,-0.0164,-0.1692,-0.1608,0.234
0.166728,-0.0127,-0.1916,-0.1351,0.235
0.167080,-0.0468,-0.1804,-0.1436,0.235
0.172102,-0.0613,-0.2120,-0.1194,0.251
0.177185,-0.0754,-0.2288,-0.1007,0.261
0.182111,-0.1224,-0.2549,-0.0825,0.295
0.186771,-0.1309,-0.2713,-0.0218,0.302
0.192019,-0.1676,-0.2923,0.0860,0.348
0.196869,-0.2229,-0.2990,0.0887,0.383
0.202377,-0.2683,-0.2772,0.1013,0.399
0.206918,-0.3135,-0.2795,0.0999,0.432
0.212863,-0.3681,-0.3342,0.1371,0.516
0.216933,-0.4037,-0.2745,0.1554,0.512
0.222012,-0.4822,-0.2440,0.1409,0.559
0.226806,-0.5419,-0.2375,0.1080,0.601
0.231943,-0.6018,-0.2217,0.0948,0.648
0.236761,-0.6240,-0.1871,0.0962,0.659
0.241697,-0.6565,-0.2050,0.0978,0.695
0.246631,-0.7040,-0.1753,0.0760,0.729
0.251691,-0.7327,-0.1649,0.1020,0.758
0.256732,-0.7148,-0.1356,0.1470,0.742
0.262530,-0.7077,-0.0781,0.2064,0.741
0.266649,-0.6397,-0.0686,0.2086,0.676
0.271657,-0.5728,-0.0737,0.2353,0.624
0.276606,-0.5117,-0.0361,0.2909,0.590
0.283525,-0.4514,-0.0560,0.3325,0.563
0.286880,-0.3782,-0.0286,0.4466,0.586
0.291917,-0.3105,0.0267,0.5230,0.609
0.296493,-0.2579,0.1049,0.4864,0.560
0.301423,-0.2344,0.1344,0.4802,0.551
0.306519,-0.1542,0.1822,0.4378,0.499
0.311813,-0.1460,0.2009,0.3921,0.464
0.316274,-0.1099,0.2761,0.3340,0.447
0.322124,-0.0505,0.3173,0.1820,0.369
0.326403,0.0128,0.3581,0.0790,0.367
0.331740,0.0613,0.3939,-0.0329,0.400
0.337780,0.0856,0.4439,-0.0396,0.454
0.341630,0.1480,0.4510,-0.0378,0.476
0.346306,0.1811,0.4866,-0.0123,0.519
0.351572,0.1711,0.5220,0.0223,0.550
0.356414,0.1799,0.5287,0.1328,0.574
0.362115,0.1740,0.5400,0.2286,0.612
0.366458,0.1772,0.5891,0.3006,0.685
0.371239,0.1895,0.5998,0.3865,0.738
0.376520,0.1958,0.5673,0.4685,0.761
0.382129,0.1916,0.5968,0.5796,0.854
0.387042,0.1531,0.6210,0.7007,0.949
0.391538,0.2090,0.6400,0.8178,1.059
0.396141,0.2732,0.6252,0.9076,1.135
0.401118,0.3033,0.5532,0.9982,1.181
0.406306,0.3465,0.4812,1.1055,1.255
0.411940,0.3650,0.4711,1.1481,1.294
0.415998,0.3732,0.4940,1.1737,1.327
0.420928,0.3569,0.5211,1.1492,1.311
0.425957,0.3733,0.5239,1.1699,1.335
0.431403,0.3659,0.5077,1.1820,1.337
0.436884,0.3337,0.4865,1.2019,1.339
0.441926,0.2490,0.4700,1.1857,1.300
0.446018,0.1355,0.4583,1.2240,1.314
0.450980,0.0598,0.4230,1.2878,1.357
0.455995,0.0073,0.4638,1.4203,1.494
0.461039,-0.0361,0.4711,1.4963,1.569
0.466200,-0.0861,0.3784,1.5524,1.600
0.471023,-0.0947,0.2626,1.5732,1.598
0.475947,-0.1235,0.1477,1.5974,1.609
0.481070,-0.1674,0.0529,1.5772,1.587
0.486440,-0.0882,0.0064,1.5653,1.568
0.491542,0.0101,-0.0395,1.5218,1.522
0.496902,0.0834,-0.0993,1.4266,1.433
0.501908,0.0949,-0.1112,1.4406,1.448
0.505883,0.1118,-0.1418,1.5059,1.517
0.511355,0.1007,-0.1532,1.5991,1.610
0.515869,0.0952,-0.0884,1.6685,1.674
0.522755,0.0203,0.0142,1.7168,1.717
0.525713,0.0033,0.0210,1.7583,1.758
0.530656,0.1302,-0.0098,1.7621,1.767
0.535660,0.3958,-0.0636,1.6327,1.681
0.540830,0.6952,-0.1021,1.4082,1.574
0.545605,0.9000,-0.1251,1.1824,1.491
0.550812,1.0544,-0.0951,0.8740,1.373
0.555513,1.2586,-0.0546,0.4574,1.340
0.561867,1.6370,0.0298,0.0229,1.637
0.565457,2.1227,0.1053,-0.4564,2.174
0.570673,2.6399,0.1474,-1.0209,2.834
0.575439,3.1132,0.2228,-1.5578,3.488
0.580452,3.4622,0.3116,-1.9318,3.977
0.585583,3.6929,0.4086,-2.2413,4.339
0.590468,3.8636,0.5230,-2.4114,4.584
0.595415,3.8699,0.5924,-2.5185,4.655
0.600904,3.6982,0.5597,-2.5707,4.539
0.605700,3.5110,0.5255,-2.5961,4.398
0.610753,3.2589,0.3948,-2.6748,4.235
0.615369,2.9918,0.3013,-2.7585,4.081
0.620896,2.8225,0.2359,-2.8176,3.995
0.625505,2.6503,0.0985,-2.8514,3.894
0.630353,2.4372,-0.0438,-2.8879,3.779
0.635303,2.3216,-0.1857,-2.9120,3.729
0.640411,2.2341,-0.2935,-2.8930,3.667
0.647599,2.1786,-0.4153,-2.7992,3.571
0.650375,2.1631,-0.5982,-2.8103,3.596
0.656607,2.1256,-0.7846,-2.8775,3.663
0.660242,2.0038,-0.9550,-3.0143,3.743
0.665063,1.8643,-1.1331,-3.0385,3.741
0.670504,1.7519,-1.2612,-2.9720,3.673
0.675051,1.6579,-1.3825,-2.9849,3.684
0.681104,1.4980,-1.5396,-3.1939,3.849
0.684942,1.2055,-1.7561,-3.4544,4.058
0.690189,0.8712,-2.0077,-3.5413,4.163
0.694887,0.5327,-2.2224,-3.5353,4.210
0.699928,0.1518,-2.3957,-3.6777,4.392
0.704800,-0.3420,-2.5180,-3.8747,4.634
0.710191,-0.9338,-2.6516,-4.1146,4.983
0.714741,-1.4860,-2.8204,-4.3926,5.428
0.720049,-2.1437,-2.9480,-4.7091,5.955
0.725013,-2.7939,-3.0684,-5.0595,6.544
0.729884,-3.3363,-3.2205,-5.3908,7.111
0.734727,-4.0106,-3.3941,-5.6775,7.736
0.740464,-4.7782,-3.5664,-5.8480,8.352
0.745117,-5.5415,-3.7572,-5.9513,8.958
0.749971,-6.4328,-3.8574,-5.9072,9.548
0.754702,-7.3742,-3.9498,-5.6209,10.078
0.759776,-8.2648,-4.0504,-5.0439,10.495
0.765663,-8.9516,-4.1928,-4.3066,10.782
0.774205,-9.8023,-4.3452,-3.5875,11.306
0.774964,-10.7049,-4.6135,-2.7995,11.988
0.779701,-11.7816,-4.8983,-1.7819,12.883
0.784447,-12.7631,-5.1715,-0.7704,13.793
0.789959,-13.4770,-5.6238,-0.3345,14.607
0.795029,-14.2374,-6.2073,-0.0392,15.532
0.800173,-14.8750,-6.8430,-0.2109,16.375
0.804442,-15.2564,-7.6144,-0.6591,17.064
0.809640,-15.4524,-8.5558,-1.3079,17.711
0.814511,-15.4606,-9.5100,-1.9664,18.258
0.820220,-15.0599,-10.5339,-2.5949,18.561
0.824548,-14.3398,-11.6473,-3.2172,18.752
0.829531,-13.2339,-12.5241,-3.9578,18.645
0.834368,-11.7437,-13.1025,-4.9206,18.270
0.839572,-9.9602,-13.4174,-6.0928,17.786
0.845122,-7.8495,-13.5431,-7.2438,17.248
0.849604,-5.4868,-13.3614,-8.4925,16.756
0.854355,-2.7395,-12.7744,-9.7430,16.298
0.859703,0.6447,-11.5688,-11.0145,15.987
0.864576,4.8791,-9.6053,-12.5808,16.563
0.871365,10.1433,-7.2885,-14.5419,19.170
0.874480,16.0018,-4.7719,-16.3765,23.388
0.880826,21.7095,-2.0457,-17.5856,28.013
0.884337,26.7378,0.9207,-18.0256,32.260
0.889360,30.6057,3.6197,-17.7798,35.580
0.895111,33.0724,5.7387,-16.9271,37.593
0.899354,34.1170,7.0143,-15.2820,38.036
0.904218,33.5847,7.5285,-12.9298,36.767
0.909300,31.4575,7.4984,-10.0319,33.859
0.914128,28.3893,7.1382,-6.9536,30.088
0.920113,25.0519,6.4894,-4.0523,26.194
0.924233,21.9832,5.7578,-1.6425,22.784
0.929115,19.1674,5.0033,0.1063,19.810
0.934240,16.6160,4.2120,0.9262,17.166
0.939965,14.2513,3.5241,1.1690,14.727
0.944062,12.2338,2.7877,0.9075,12.580
0.949246,10.2567,2.0555,0.4606,10.471
0.953892,8.3131,1.3244,0.2746,8.422
0.959032,6.3824,0.6770,0.3426,6.427
0.964008,4.5963,0.0045,0.4817,4.621
0.969013,3.1046,-0.7812,0.6627,3.269
0.974134,1.7468,-1.6213,0.7788,2.507
0.979021,0.3470,-2.4272,0.6653,2.541
0.983845,-1.0170,-3.1180,0.3098,3.294
0.988849,-2.3115,-3.8278,-0.1528,4.474
0.993856,-3.6555,-4.5953,-0.7850,5.924
0.998920,-4.9925,-5.1860,-1.4945,7.352
1.005980,-6.2587,-5.7219,-2.1584,8.750
1.008916,-7.5795,-6.1989,-2.7524,10.171
1.013806,-9.3581,-6.5134,-3.3112,11.873
1.018711,-12.1727,-6.5385,-4.1515,14.428
1.023753,-15.3999,-6.7695,-5.0468,17.563
1.028715,-17.6135,-7.2895,-5.5084,19.842
1.033775,-19.4847,-7.4650,-5.4664,21.570
1.038778,-21.1847,-7.3662,-4.6952,22.915
1.043690,-22.0950,-7.6695,-3.7148,23.681
1.048869,-22.3273,-8.5750,-2.9375,24.097
1.056521,-22.2167,-9.6935,-2.1753,24.337
1.058594,-21.9151,-10.8742,-1.6577,24.521
1.063768,-21.4926,-11.9949,-1.7290,24.674
1.068853,-20.9970,-13.1560,-2.4816,24.902
1.076393,-20.0285,-14.3422,-3.7884,24.924
1.083152,-18.6263,-15.3853,-5.3524,24.745
1.083639,-16.8148,-16.2326,-7.1806,24.450
1.088523,-14.8600,-16.8146,-9.1743,24.243
1.093301,-12.6471,-17.0794,-11.1100,23.981
1.098483,-10.0650,-16.9084,-12.7638,23.454
1.104565,-7.1359,-16.3139,-14.1080,22.718
1.108487,-3.8447,-15.3294,-14.8708,21.701
1.113173,-0.4745,-13.7989,-15.0475,20.422
1.118452,2.8435,-11.7866,-14.8666,19.184
1.123302,6.0772,-9.5468,-14.3219,18.254
1.128302,9.3554,-7.1958,-13.4960,17.929
1.133166,12.7764,-4.9176,-12.3790,18.457
1.138231,16.1742,-2.5419,-11.1043,19.783
1.143167,19.6074,-0.1137,-9.6954,21.874
1.148484,22.9202,2.1722,-8.4219,24.515
1.153569,25.8669,4.1629,-7.2830,27.193
1.158224,28.2273,5.7292,-6.1253,29.447
1.163568,29.9733,6.8758,-4.7620,31.118
1.168256,30.8251,7.6098,-3.2005,31.911
1.173371,30.3761,7.9595,-1.6505,31.445
1.179384,28.7519,8.0655,-0.3364,29.864
1.186344,26.4504,7.8489,0.5767,27.596
1.194983,23.7664,7.3840,1.2663,24.919
1.196315,20.8976,6.7198,1.8067,22.026
1.198194,17.9207,6.0432,2.1519,19.034
1.207936,15.0025,5.4348,2.2548,16.115
1.208918,12.3538,4.7764,1.9608,13.389
1.216267,9.9866,4.0601,1.3365,10.863
1.218059,7.9152,3.3005,0.5888,8.596
1.223018,6.1376,2.4849,-0.0985,6.622
1.228631,4.6326,1.7534,-0.7479,5.009
1.232846,3.4515,1.0924,-1.3197,3.853
1.237937,2.3876,0.4712,-1.8856,3.079
1.242796,1.5958,-0.1908,-2.3790,2.871
1.248203,1.0083,-0.7758,-2.8345,3.107
1.254057,0.5322,-1.4700,-3.2999,3.651
1.257862,0.1174,-2.2152,-3.7280,4.338
1.262725,-0.3537,-2.9106,-4.2117,5.132
1.267820,-0.9755,-3.5258,-4.5886,5.868
1.273397,-1.5877,-4.0590,-4.8460,6.518
1.278161,-2.0355,-4.4851,-4.9791,7.004
1.282746,-2.3883,-4.8238,-5.0465,7.378
1.287722,-2.6820,-5.1524,-4.9340,7.621
1.292609,-2.9372,-5.4477,-4.6889,7.765
1.297982,-3.1015,-5.5715,-4.2660,7.672
1.303347,-3.2296,-5.5163,-3.8925,7.484
1.307690,-3.2354,-5.4313,-3.4993,7.226
1.312908,-3.1910,-5.3173,-3.0713,6.920
1.317687,-3.0868,-5.1370,-2.7706,6.602
1.322977,-3.0081,-4.9391,-2.4625,6.286
1.328464,-2.9232,-4.6338,-2.1801,5.897
1.332507,-2.8504,-4.3457,-1.9631,5.556
1.337571,-2.6863,-4.1281,-1.8835,5.273
1.342366,-2.6223,-3.7996,-1.9328,5.005
1.347643,-2.4282,-3.5663,-2.0408,4.773
1.352535,-2.0513,-3.5478,-2.3098,4.704
1.357448,-1.8944,-3.3664,-2.4110,4.553
1.362702,-1.6663,-3.1657,-2.3171,4.262
1.367448,-1.3492,-2.8742,-2.2437,3.888
1.372784,-1.1388,-2.6597,-2.1670,3.615
1.377414,-1.0344,-2.5555,-2.0490,3.435
1.382456,-0.9400,-2.4371,-1.9237,3.244
1.388355,-0.8275,-2.2714,-1.6855,2.947
1.392270,-0.7131,-2.1155,-1.4163,2.644
1.397451,-0.5210,-1.8594,-1.0722,2.209
1.402407,-0.3082,-1.5560,-0.8202,1.786
1.407629,-0.1695,-1.4539,-0.6784,1.613
1.412791,-0.1046,-1.4140,-0.5460,1.519
1.417526,-0.1047,-1.3456,-0.4176,1.413
1.422282,-0.1819,-1.2053,-0.2365,1.242
1.427339,-0.2465,-1.0365,-0.0926,1.069
1.432325,-0.2216,-0.9064,-0.0621,0.935
1.437221,-0.2171,-0.8099,-0.0731,0.842
1.442188,-0.1126,-0.7707,-0.1112,0.787
1.447238,0.0436,-0.7266,-0.0755,0.732
1.452143,0.0864,-0.6625,-0.0192,0.668
1.457170,0.0776,-0.5740,0.0343,0.580
1.462174,0.0604,-0.5089,0.0516,0.515
1.467202,0.1163,-0.4717,-0.0869,0.494
1.472106,0.1687,-0.4432,-0.2713,0.546
1.476990,0.1545,-0.4859,-0.5684,0.764
1.481949,0.0275,-0.5847,-0.9408,1.108
1.488036,-0.1559,-0.6633,-1.1592,1.345
1.491942,-0.2381,-0.6310,-1.2718,1.440
1.497284,-0.3389,-0.5885,-1.4368,1.589
1.502168,-0.4250,-0.6696,-1.6399,1.822
1.507176,-0.5023,-0.8124,-1.7901,2.029
1.512448,-0.6794,-1.0114,-1.9595,2.307
1.516829,-0.8999,-1.2431,-2.0957,2.598
1.522072,-1.1596,-1.5077,-2.1987,2.907
1.526780,-1.5073,-1.7290,-2.2927,3.243
1.532482,-1.9152,-1.9652,-2.3346,3.603
1.536773,-2.3809,-2.1790,-2.3389,3.986
1.541759,-3.0482,-2.3902,-2.4486,4.583
1.548080,-4.0207,-2.6436,-2.6061,5.472
1.558185,-5.0378,-2.9501,-2.7459,6.452
1.563068,-6.1879,-3.2629,-2.8275,7.545
1.563442,-7.5596,-3.5644,-2.8476,8.830
1.566583,-9.3186,-3.8562,-2.8454,10.479
1.571577,-11.2005,-4.3551,-3.0331,12.394
1.576999,-13.0955,-5.1578,-3.3268,14.462
1.582029,-15.0317,-6.1596,-3.4244,16.602
1.587586,-16.8851,-7.3580,-3.2438,18.702
1.591595,-18.4738,-8.7859,-2.8023,20.648
1.596498,-19.6832,-10.6090,-2.0996,22.459
1.601524,-20.4688,-12.7716,-1.3775,24.166
1.606589,-20.6204,-15.1343,-0.8107,25.591
1.611805,-21.2442,-16.9334,-0.2723,27.169
1.616467,-21.2666,-18.7304,-0.1234,28.339
1.621400,-20.3011,-20.6525,-1.0327,28.978
1.626574,-19.2579,-21.9961,-2.7056,29.360
1.631860,-17.7822,-22.9107,-4.9921,29.428
1.636690,-15.5760,-23.4655,-7.5597,29.161
1.641852,-12.9210,-23.4747,-10.0935,28.634
1.646499,-9.5441,-23.0409,-12.0715,27.707
1.651411,-5.3340,-22.1850,-13.3550,26.438
1.656490,-0.6999,-20.7303,-14.1299,25.098
1.665794,4.2970,-18.6279,-14.6688,24.096
1.666471,9.7539,-15.8760,-15.6304,24.321
1.674938,15.6285,-12.4183,-17.2616,26.390
1.676334,21.5906,-8.3288,-19.3648,30.175
1.681660,27.4716,-3.9910,-21.5169,35.123
1.686614,32.7610,0.2983,-23.0522,40.060
1.691250,37.4629,3.7064,-23.3619,44.306
1.698101,41.1475,5.6372,-23.3658,47.654
1.701917,41.6937,6.8099,-22.0841,47.670
1.708953,39.5802,7.3915,-19.2812,44.643
1.711775,36.0089,7.2953,-15.6458,39.933
1.716137,31.9636,6.4073,-11.9410,34.718
1.722767,27.5737,5.1775,-8.6222,29.351
1.726290,22.8740,4.2071,-5.7958,23.969
1.732548,18.3205,3.6367,-3.8202,19.065
1.740049,14.3182,3.3660,-2.6764,14.950
1.741058,11.2190,3.0376,-2.1334,11.817
1.746909,8.9081,2.5435,-1.8146,9.440
1.750984,6.9802,2.0761,-1.3868,7.413
1.756092,5.1221,1.8029,-0.7468,5.481
1.761810,3.4910,1.4675,-0.0690,3.788
1.766362,1.9470,1.0231,0.7422,2.321
1.770935,0.4646,0.5435,1.4443,1.612
1.775957,-0.9556,0.0383,1.9856,2.204
1.781138,-2.2457,-0.5310,2.2462,3.220
1.786823,-3.2526,-1.0928,2.1860,4.068
1.790861,-4.2329,-1.6419,1.8187,4.891
1.795972,-5.0540,-2.1280,1.3475,5.647
1.800770,-5.5505,-2.6082,0.8722,6.195
1.805979,-5.9225,-3.0834,0.3805,6.688
1.814948,-6.5604,-3.4156,-0.1250,7.397
1.816064,-7.0977,-3.6586,-0.5697,8.005
1.821145,-7.0394,-3.8043,-0.8144,8.043
1.825769,-6.7542,-3.8784,-0.9324,7.844
1.830742,-6.3436,-3.8870,-0.9509,7.500
1.835769,-5.8301,-3.8264,-0.9316,7.036
1.840751,-5.2647,-3.6977,-0.8981,6.496
1.845922,-4.6648,-3.5924,-0.8834,5.954
1.850626,-4.1782,-3.4872,-0.9737,5.529
1.855779,-3.8158,-3.3535,-1.1608,5.211
1.860619,-3.4863,-3.2394,-1.4411,4.972
1.865676,-3.1117,-3.1016,-1.8064,4.750
1.870600,-2.7917,-2.9449,-2.1582,4.596
1.875589,-2.5106,-2.7406,-2.4361,4.444
1.881056,-2.2871,-2.5460,-2.6800,4.347
1.885575,-2.0333,-2.2894,-2.8767,4.201
1.890452,-1.6768,-2.0662,-3.0613,4.056
1.895634,-1.3079,-1.9339,-3.1779,3.943
1.900462,-1.0263,-1.9063,-3.2850,3.934
1.906107,-0.8266,-1.8399,-3.2205,3.800
1.911137,-0.7471,-1.7299,-2.9893,3.534
1.915551,-0.7392,-1.5429,-2.6353,3.142
1.920320,-0.7507,-1.4417,-2.2627,2.786
1.925437,-0.6958,-1.3641,-1.7702,2.341
1.930531,-0.6369,-1.3148,-1.2383,1.915
1.935451,-0.6413,-1.2463,-0.7660,1.597
1.940964,-0.6328,-1.1203,-0.2468,1.310
1.948402,-0.5965,-0.9945,0.2191,1.180
1.950326,-0.4995,-0.9311,0.6234,1.227
1.955293,-0.3367,-0.8776,0.9526,1.338
1.960361,-0.2080,-0.8197,1.1643,1.439
1.966158,-0.0268,-0.7288,1.3261,1.513
1.970314,0.0924,-0.6240,1.4334,1.566
1.975313,0.1790,-0.5245,1.3514,1.461
1.980404,0.2474,-0.4110,1.2232,1.314
1.985239,0.3363,-0.3359,1.0048,1.112
1.990255,0.4699,-0.2560,0.6712,0.858
1.995199,0.5335,-0.2427,0.3651,0.691
2.000649,0.5417,-0.2195,0.0954,0.592
2.005112,0.5811,-0.1764,-0.1099,0.617
2.009977,0.5650,-0.1232,-0.1744,0.604
2.015102,0.5173,-0.1173,-0.2274,0.577
2.020012,0.4761,-0.1298,-0.1964,0.531
2.025119,0.3597,-0.1465,-0.1721,0.425
2.030481,0.2199,-0.1772,-0.1200,0.307
2.035021,0.0671,-0.1833,-0.0454,0.200
2.040252,-0.1049,-0.1749,0.0818,0.220
2.045111,-0.3443,-0.1568,0.1902,0.423
2.049973,-0.5321,-0.1722,0.3042,0.637
2.054939,-0.6644,-0.1305,0.4197,0.797
2.060496,-0.8091,-0.0749,0.5997,1.010
2.065015,-0.9375,-0.0773,0.8054,1.238
2.073598,-1.0359,-0.1091,0.9515,1.411
2.074905,-1.0522,-0.1178,1.1102,1.534
2.079751,-1.0635,-0.1848,1.2529,1.654
2.085167,-1.0359,-0.2623,1.2986,1.682
2.089809,-0.9361,-0.3073,1.3433,1.666
2.095154,-0.7826,-0.3005,1.3915,1.624
2.099770,-0.5895,-0.2805,1.3713,1.519
2.104755,-0.3369,-0.2660,1.2200,1.293
2.109928,-0.1438,-0.3095,1.0570,1.111
2.114686,-0.0045,-0.3438,0.8672,0.933
2.119996,0.1103,-0.3113,0.6836,0.759
2.124606,0.2487,-0.2743,0.5250,0.642
2.129626,0.3154,-0.2182,0.3477,0.518
2.134736,0.3683,-0.1573,0.1944,0.445
2.139658,0.4124,-0.1155,0.0263,0.429
2.145118,0.4141,-0.1069,-0.1281,0.446
2.149757,0.3785,-0.0549,-0.2358,0.449
2.154550,0.3483,-0.1271,-0.2969,0.475
2.160011,0.2995,-0.0984,-0.3302,0.457
2.164521,0.2176,-0.1126,-0.2401,0.343
2.174112,0.1356,-0.1315,-0.1602,0.248
2.174920,0.0389,-0.1407,-0.0567,0.157
2.179604,-0.0538,-0.1740,0.0422,0.187
2.184431,-0.1570,-0.2313,0.1417,0.313
2.189366,-0.1370,-0.2506,0.2085,0.354
2.195102,-0.0896,-0.2510,0.2044,0.336
2.199363,0.0429,-0.2611,0.1388,0.299
2.204471,0.1268,-0.2522,0.0404,0.285
2.209387,0.1433,-0.2720,-0.0243,0.308
2.214499,0.1115,-0.2440,-0.0313,0.270
2.219243,0.1416,-0.1299,-0.0530,0.199
2.224398,0.2292,-0.0781,-0.1422,0.281
2.229172,0.3219,-0.0021,-0.2225,0.391
2.234165,0.4394,0.0214,-0.2847,0.524
2.239364,0.5443,0.0212,-0.2712,0.608
2.245128,0.8289,-0.0076,-0.0709,0.832
2.249603,1.1743,-0.0318,0.5088,1.280
2.254159,1.0627,0.1209,0.7588,1.311
2.259120,0.5743,0.2733,0.5207,0.822
2.264134,0.3453,0.2869,0.1723,0.481
2.271518,0.3374,0.1621,-0.0570,0.379
2.274157,0.3301,0.1285,-0.1767,0.396
2.278991,0.2656,0.0952,-0.1682,0.328
2.284071,0.2011,0.1148,-0.1178,0.260
2.288990,0.1413,0.1394,-0.0777,0.213
2.295303,0.1721,0.1400,-0.0619,0.230
2.299077,0.2030,0.1407,-0.0465,0.251
2.303992,0.2147,0.1319,-0.0265,0.253
2.309285,0.2551,0.0848,0.0077,0.269
2.313905,0.2238,0.1239,-0.0012,0.256
2.318850,0.1447,0.1534,-0.0103,0.211
2.323805,0.0512,0.2021,-0.1390,0.251
2.328730,-0.0377,0.1694,-0.2775,0.327
2.334053,-0.0403,0.0891,-0.3831,0.395
2.339361,-0.0042,0.0762,-0.4704,0.476
2.343942,0.0896,0.1209,-0.4867,0.509
2.348824,0.1120,0.1036,-0.4371,0.463
2.353777,0.1688,0.0483,-0.3547,0.396
2.358728,0.1735,0.0266,-0.2202,0.282
2.363735,0.1117,0.0194,0.0191,0.115
2.368717,0.1075,-0.0261,0.2297,0.255
2.373941,0.1035,-0.0956,0.3642,0.390
2.384461,0.0231,-0.1747,0.5139,0.543
2.384801,-0.0287,-0.1584,0.5931,0.615
2.388511,-0.0617,-0.1665,0.6499,0.674
2.393766,-0.0614,-0.1796,0.6409,0.668
2.398801,-0.1285,-0.1834,0.5900,0.631
2.403566,-0.2487,-0.1299,0.4776,0.554
2.408534,-0.2977,-0.0862,0.3991,0.505
2.413325,-0.2611,-0.0474,0.2632,0.374
2.418424,-0.2586,0.0106,0.1510,0.300
2.423342,-0.2564,0.0686,0.0192,0.266
2.428233,-0.2050,0.0784,-0.0649,0.229
2.433387,-0.1397,0.0788,-0.1064,0.192
2.438613,-0.1079,0.0509,-0.1627,0.202
2.443519,-0.1378,0.0899,-0.1718,0.238
2.448408,-0.1388,0.0954,-0.1859,0.251
2.453593,-0.1488,0.0250,-0.1907,0.243
2.458387,-0.2157,-0.0449,-0.1572,0.271
2.463599,-0.2247,-0.1048,-0.0618,0.255
2.468152,-0.2432,-0.1310,-0.0141,0.277
2.473330,-0.2760,-0.0860,0.0438,0.292
2.478288,-0.2802,-0.1273,0.1356,0.336
2.483261,-0.2133,-0.1161,0.2230,0.330
2.488255,-0.1469,-0.1340,0.2543,0.323
2.493696,-0.1809,-0.0902,0.2675,0.335
2.498515,-0.1815,-0.0042,0.2910,0.343
2.506795,0.0414,0.0762,0.1912,0.210
2.508118,-0.0081,0.1466,0.0395,0.152
2.513022,0.2003,0.1739,-0.0358,0.268
2.518461,0.1704,0.2726,-0.1310,0.347
2.523817,0.1127,0.3473,-0.2129,0.423
2.528215,0.1131,0.2934,-0.2293,0.389
2.532999,0.0664,0.3212,-0.2617,0.420
2.537993,-0.0558,0.2969,-0.2715,0.406
2.543036,-0.4292,0.1685,-0.1158,0.475
2.547934,0.0752,-0.1723,-0.1194,0.223
2.553353,-0.0986,-0.1110,-0.1902,0.241
2.558229,-0.2375,-0.0360,-0.0226,0.241
2.563103,-0.0804,-0.1708,0.0686,0.201
2.567886,-0.0669,-0.2525,0.1364,0.295
2.572990,-0.0390,-0.2958,0.2145,0.367
2.578478,-0.0111,-0.3249,0.3317,0.464
2.582887,0.0022,-0.2925,0.4358,0.525
2.587757,0.0010,-0.2275,0.5076,0.556
2.592801,0.0136,-0.1634,0.5041,0.530
2.597829,-0.0218,-0.0478,0.4206,0.424
2.607108,-0.1004,-0.0047,0.3339,0.349
2.607770,-0.2026,-0.0666,0.3051,0.372
2.612694,0.1427,-0.1135,0.0715,0.196
2.617547,-0.1945,0.1205,0.0007,0.229
2.622783,-0.1775,0.1388,0.0776,0.238
2.628092,-0.1326,0.0809,0.0251,0.157
2.632648,-0.1741,0.0807,-0.0466,0.197
2.637674,-0.2250,0.0332,-0.1091,0.252
2.642733,-0.2090,-0.0423,-0.1435,0.257
2.647613,-0.3837,-0.0172,-0.1019,0.397
2.653147,-0.3293,-0.1207,0.0391,0.353
2.657606,0.1528,-0.2895,-0.1975,0.382
2.663001,-0.2240,-0.0625,-0.3090,0.387
2.667673,-0.0413,-0.1176,-0.2293,0.261
2.672828,-0.0072,-0.1486,-0.2214,0.267
2.678603,-0.0591,-0.1461,-0.1850,0.243
2.682650,-0.1252,-0.1626,-0.1107,0.233
2.687536,-0.1676,-0.1460,-0.0555,0.229
2.692470,-0.1630,-0.0822,0.0425,0.187
2.697405,-0.1497,-0.0002,0.1738,0.229
2.703266,-0.1184,0.0238,0.2336,0.263
2.707370,-0.0880,-0.0001,0.2416,0.257
2.713040,-0.0300,0.0851,0.2313,0.248
2.717355,-0.2728,0.2026,0.2361,0.414
2.722682,-0.0726,0.0577,0.2887,0.303
2.727315,0.2733,-0.0288,0.0026,0.275
2.732420,-0.0776,0.1848,-0.0487,0.206
2.742660,0.0921,0.1497,0.0237,0.177
2.743044,0.0748,0.1196,-0.0759,0.160
2.747180,-0.0565,0.0424,-0.0135,0.072
2.753004,-0.0780,-0.0580,0.0199,0.099
2.757184,-0.0568,-0.1386,0.0248,0.152
2.762241,-0.1264,-0.1664,0.0679,0.220
2.767174,-0.1532,-0.1941,0.0445,0.251
2.772218,-0.2752,-0.1886,0.0886,0.345
2.777051,-0.1830,-0.2640,0.0663,0.328
2.782497,0.0941,-0.3483,-0.1362,0.386
2.787043,0.0176,-0.2658,-0.1368,0.299
2.792007,0.0845,-0.2363,-0.0322,0.253
2.796878,0.1225,-0.1978,-0.0133,0.233
2.802024,0.1176,-0.1786,0.0294,0.216
2.806925,0.2366,-0.1500,0.0338,0.282
2.812253,0.1599,-0.0266,-0.0713,0.177
2.816795,-0.0925,0.0673,-0.0570,0.128
2.823893,0.1897,-0.1388,-0.0148,0.236
2.827157,-0.1722,-0.2005,-0.1019,0.283
2.831902,-0.0276,-0.1094,-0.3649,0.382
2.836836,0.0732,-0.0663,-0.4417,0.453
2.842062,0.0451,-0.0278,-0.2629,0.268
2.846827,-0.0068,0.0200,-0.0534,0.057
2.851826,-0.0154,-0.0370,0.0969,0.105
2.856688,-0.0667,-0.0792,0.1223,0.160
2.861972,-0.0508,-0.0734,0.0616,0.108
2.866885,-0.0730,-0.0771,0.0107,0.107
2.871636,-0.0852,-0.0761,0.0365,0.120
2.876898,-0.0685,-0.0989,0.0101,0.121
2.881766,-0.0184,-0.0503,-0.0158,0.056
2.886626,-0.0065,0.0122,0.0346,0.037
2.891763,0.0484,-0.0019,0.0753,0.089
2.896521,0.0605,0.0031,0.1016,0.118
2.901993,0.0968,0.0509,0.0804,0.136
2.906638,0.0288,0.0412,0.0833,0.097
2.911989,-0.0337,0.0886,-0.0185,0.097
2.916413,-0.0146,0.1263,-0.0629,0.142
2.921600,-0.0003,0.1354,-0.0743,0.154
2.926475,0.0192,0.1873,-0.1195,0.223
