0.002202,0.0167,0.1331,-0.5874,0.603
0.002445,0.0132,0.1565,-0.6138,0.634
0.006463,0.0336,0.1849,-0.5899,0.619
0.011275,0.1113,0.1564,-0.5109,0.546
0.016086,0.1981,0.1380,-0.3820,0.452
0.021027,0.2088,0.1723,-0.2313,0.356
0.026037,0.1485,0.1114,-0.1160,0.219
0.031030,0.1080,0.0987,-0.0496,0.154
0.036444,0.1206,0.1240,0.1684,0.241
0.040847,0.1335,0.1013,0.3478,0.386
0.045818,0.1088,0.1072,0.4886,0.512
0.050875,0.1321,0.1696,0.5631,0.603
0.055951,0.0602,0.1979,0.6340,0.667
0.061328,-0.0687,0.2065,0.6444,0.680
0.065930,-0.1018,0.1625,0.5802,0.611
0.070703,-0.0685,0.1708,0.5178,0.549
0.075792,-0.1072,0.2073,0.4378,0.496
0.081903,-0.1510,0.2102,0.3543,0.439
0.086284,-0.1475,0.2652,0.2862,0.417
0.090773,-0.1400,0.2675,0.2902,0.419
0.099693,-0.1141,0.2982,0.2517,0.407
0.100761,-0.0127,0.3002,0.2229,0.374
0.105729,0.1114,0.2926,0.2040,0.374
0.111103,0.1824,0.3183,0.2139,0.425
0.115649,0.2624,0.2868,0.2144,0.444
0.120595,0.2850,0.2886,0.2153,0.459
0.125617,0.2887,0.2904,0.2403,0.475
0.130593,0.3021,0.2683,0.2653,0.483
0.136307,0.3012,0.2463,0.3002,0.491
0.140505,0.2764,0.1910,0.3069,0.455
0.145524,0.2660,0.1599,0.2810,0.419
0.150385,0.2746,0.1193,0.2652,0.400
0.155561,0.2686,0.0648,0.2502,0.373
0.161356,0.2485,0.0295,0.2408,0.347
0.165573,0.2236,-0.0008,0.2655,0.347
0.170340,0.2222,-0.0407,0.2576,0.343
0.175381,0.2207,-0.0423,0.2173,0.313
0.180961,0.2287,-0.0678,0.1352,0.274
0.186384,0.2272,-0.0979,-0.0029,0.247
0.190564,0.2402,-0.1420,-0.1019,0.297
0.195457,0.2246,-0.1809,-0.1670,0.333
0.200332,0.1952,-0.1957,-0.2652,0.383
0.207607,0.1663,-0.2054,-0.3727,0.457
0.210305,0.1143,-0.2434,-0.4372,0.513
0.215458,0.0821,-0.2904,-0.5118,0.594
0.222530,0.0506,-0.3034,-0.6110,0.684
0.225383,-0.0183,-0.3494,-0.5676,0.667
0.230358,-0.0817,-0.3425,-0.5544,0.657
0.236368,-0.1587,-0.3021,-0.6041,0.694
0.240434,-0.2067,-0.2477,-0.5780,0.662
0.245141,-0.2068,-0.2411,-0.5577,0.642
0.250141,-0.2496,-0.2391,-0.5382,0.640
0.255318,-0.3112,-0.2513,-0.5147,0.652
0.262039,-0.3680,-0.2774,-0.5015,0.681
0.265432,-0.4105,-0.2320,-0.4793,0.672
0.270032,-0.3484,-0.3009,-0.4104,0.617
0.275028,0.1558,-0.5637,-0.5331,0.791
0.280062,-0.0896,-0.3301,-0.6703,0.752
0.285150,-0.8565,0.1678,-0.3936,0.957
0.290206,-1.0204,0.2721,-0.1809,1.071
0.294947,-0.8475,0.0907,-0.1746,0.870
0.300243,-0.6153,-0.1129,-0.2212,0.663
0.305494,-0.4520,-0.1959,-0.1917,0.529
0.309971,-0.3664,-0.1878,-0.1485,0.438
0.315288,-0.3007,-0.1274,-0.1488,0.359
0.323822,-0.3164,-0.0675,-0.0685,0.331
0.324932,-0.3179,-0.0128,-0.0507,0.322
0.329918,-0.3199,0.0319,-0.0187,0.322
0.335263,-0.3606,0.0431,0.0273,0.364
0.339820,-0.3776,0.0636,0.0685,0.389
0.344644,-0.3858,0.0839,0.1241,0.414
0.349717,-0.3949,0.0802,0.1609,0.434
0.354814,-0.3810,0.0812,0.2554,0.466
0.360223,-0.3680,0.0867,0.3170,0.493
0.364884,-0.3083,0.0681,0.3841,0.497
0.369613,-0.2209,0.0779,0.4142,0.476
0.374716,-0.1682,0.1016,0.4077,0.453
0.379767,-0.1162,0.1437,0.4172,0.456
0.384723,-0.0937,0.1425,0.3996,0.434
0.389988,-0.0669,0.1743,0.2979,0.352
0.394674,-0.0457,0.1914,0.2217,0.296
0.399615,-0.0630,0.2369,0.1609,0.293
0.404685,-0.0429,0.2677,0.1057,0.291
0.409564,-0.0235,0.3174,0.0273,0.319
0.414498,-0.0095,0.3572,0.0065,0.357
0.419773,0.0851,0.3730,0.0095,0.383
0.424458,0.1696,0.3602,0.0458,0.401
0.429632,0.2731,0.3903,0.0723,0.482
0.435415,0.3333,0.4248,0.1178,0.553
0.439455,0.3699,0.4685,0.1060,0.606
0.445079,0.4307,0.4691,0.1086,0.646
0.449435,0.5012,0.4743,0.1447,0.705
0.454624,0.5290,0.5032,0.2092,0.759
0.459297,0.5528,0.5507,0.2592,0.822
0.464444,0.5816,0.6215,0.3378,0.916
0.470130,0.6441,0.6963,0.3590,1.014
0.474251,0.6495,0.7135,0.3850,1.039
0.479725,0.6603,0.7353,0.4440,1.083
0.484191,0.7429,0.7567,0.4789,1.164
0.490059,0.8356,0.7684,0.4470,1.220
0.494553,0.9572,0.7989,0.4966,1.342
0.499429,1.0225,0.7765,0.5605,1.401
0.504281,1.0937,0.8111,0.5816,1.481
0.509279,1.1140,0.8213,0.5651,1.495
0.514153,1.1026,0.8312,0.5443,1.484
0.519387,1.1262,0.8503,0.5048,1.499
0.524390,1.0374,0.8833,0.5371,1.465
0.529353,0.9181,0.8640,0.5534,1.377
0.534448,0.8479,0.8926,0.5646,1.354
0.539573,0.8456,0.8732,0.5613,1.339
0.544451,0.9158,0.8539,0.5914,1.385
0.548948,1.0012,0.8058,0.6883,1.458
0.553999,1.0496,0.7719,0.8194,1.539
0.558839,1.0993,0.8045,0.9610,1.667
0.564064,1.1792,0.8367,1.0178,1.768
0.569702,1.2561,0.8588,1.0426,1.845
0.573969,1.3634,0.8133,1.1268,1.947
0.578957,1.3526,0.8297,1.1311,1.949
0.584175,1.3200,0.8217,1.0369,1.869
0.589156,1.2845,0.8086,0.9345,1.782
0.596756,1.2700,0.7761,0.8093,1.694
0.599319,1.2285,0.7198,0.6991,1.586
0.604149,1.2223,0.7112,0.6085,1.540
0.608806,1.2367,0.6741,0.5416,1.509
0.613806,1.1958,0.7183,0.4605,1.469
0.618997,1.1425,0.7289,0.3841,1.409
0.623719,1.1245,0.7205,0.3600,1.383
0.628641,1.1798,0.6501,0.3450,1.391
0.634180,1.2369,0.6086,0.3346,1.419
0.638505,1.2956,0.5387,0.2997,1.435
0.644220,1.3138,0.5310,0.2939,1.447
0.648491,1.3438,0.4803,0.3073,1.460
0.653500,1.3235,0.4346,0.3350,1.433
0.659037,1.2962,0.3940,0.3150,1.391
0.663432,1.3238,0.3152,0.3048,1.394
0.669266,1.3482,0.2704,0.2514,1.398
0.673510,1.3804,0.1971,0.1650,1.404
0.678447,1.4488,0.0621,0.0790,1.452
0.683406,1.5105,-0.0246,0.0219,1.511
0.688460,1.4699,-0.1012,-0.0970,1.477
0.694507,1.3987,-0.0911,-0.2399,1.422
0.698568,1.2914,-0.0901,-0.4120,1.358
0.703490,1.2594,-0.1506,-0.5702,1.391
0.708462,1.2252,-0.2055,-0.7153,1.434
0.713953,1.1600,-0.2785,-0.8813,1.483
0.724209,1.1304,-0.3840,-1.0635,1.599
0.724634,1.0548,-0.4787,-1.2288,1.689
0.728328,0.9844,-0.5769,-1.3823,1.792
0.734070,1.0459,-0.7265,-1.5336,1.993
0.738302,1.1044,-0.8317,-1.6729,2.170
0.743319,1.0119,-0.9355,-1.5654,2.086
0.748505,0.8687,-0.9807,-1.5603,2.037
0.753382,0.7991,-0.9865,-1.7484,2.161
0.758317,0.6678,-1.0008,-1.8612,2.216
0.763359,0.4579,-1.0234,-1.9848,2.280
0.768228,0.2349,-1.0544,-1.9950,2.269
0.773280,0.0464,-1.1080,-1.9783,2.268
0.778838,-0.0650,-1.1892,-2.0680,2.386
0.783124,-0.1280,-1.2930,-2.1540,2.515
0.788131,-0.1196,-1.4385,-2.0972,2.546
0.793428,-0.1045,-1.6447,-2.0844,2.657
0.798365,-0.1461,-1.7488,-2.1866,2.804
0.803338,-0.3263,-1.8660,-2.3892,3.049
0.808210,-0.6404,-2.0394,-2.5394,3.319
0.813117,-0.9310,-2.2066,-2.7859,3.674
0.818076,-1.2620,-2.4064,-3.0816,4.108
0.823171,-1.5403,-2.6189,-3.3745,4.541
0.827994,-1.8874,-2.8254,-3.6888,5.015
0.833205,-2.3471,-3.0165,-4.0201,5.547
0.838366,-2.7666,-3.2020,-4.3501,6.069
0.842876,-3.1278,-3.5063,-4.5837,6.564
0.847932,-3.5806,-3.8104,-4.6966,7.028
0.855220,-4.0807,-4.1952,-4.8378,7.593
0.857940,-4.6586,-4.5083,-4.8434,8.092
0.863338,-5.2192,-4.8746,-4.6509,8.523
0.867816,-5.7061,-5.3041,-4.1780,8.840
0.872917,-6.2740,-5.5777,-3.4715,9.084
0.877943,-7.0830,-5.7973,-2.7209,9.549
0.882775,-8.1491,-6.0309,-1.9493,10.324
0.887897,-9.4814,-6.1370,-1.3130,11.370
0.892838,-11.0700,-6.2129,-1.0130,12.735
0.898364,-12.6807,-6.4226,-1.0691,14.255
0.902812,-14.1131,-6.7477,-1.1940,15.689
0.907762,-15.6578,-7.1787,-1.1942,17.266
0.912660,-17.1698,-7.7309,-1.1053,18.862
0.917585,-18.2400,-8.3980,-1.1427,20.113
0.922830,-18.7562,-9.3735,-1.3577,21.012
0.927701,-18.9531,-10.7491,-1.5137,21.842
0.932575,-18.7861,-12.2756,-1.5121,22.492
0.939430,-18.0554,-13.9941,-1.4003,22.887
0.942565,-17.5855,-15.0242,-1.1453,23.158
0.949734,-16.6549,-15.8429,-0.8617,23.003
0.956902,-14.4975,-17.1610,-0.7527,22.478
0.958360,-11.4459,-18.3883,-0.9287,21.679
0.963158,-8.1045,-18.9227,-1.4076,20.633
0.967601,-4.8983,-18.3383,-2.1382,19.101
0.972309,-1.9384,-16.8975,-3.3627,17.338
0.977680,1.5832,-15.4980,-5.1815,16.418
0.982417,6.5782,-14.4990,-7.7382,17.702
0.987300,11.8262,-12.1876,-10.5075,19.970
0.992650,16.9897,-8.8272,-13.1201,23.210
0.997534,21.8843,-5.5011,-15.2927,27.259
1.004407,26.1120,-2.0499,-16.8671,31.153
1.007188,29.7336,1.3696,-17.3884,34.472
1.012128,33.8821,3.7097,-17.6297,38.374
1.017375,36.7219,5.7296,-17.3258,41.006
1.022196,37.9376,7.6267,-16.2702,41.978
1.028864,37.3778,9.4063,-14.8082,41.290
1.032151,36.4490,9.5937,-13.2272,39.944
1.037468,34.3583,9.5246,-12.0518,37.636
1.042138,31.6253,9.5258,-10.3677,34.618
1.047072,28.4593,9.3512,-8.7385,31.205
1.052373,25.4085,8.4338,-7.4135,27.779
1.057146,22.9002,6.9441,-6.3733,24.764
1.063105,20.8487,5.3575,-5.2384,22.154
1.067048,18.7436,3.9334,-4.0777,19.581
1.074363,16.4066,2.6852,-3.2297,16.936
1.084288,14.2917,1.4012,-2.6437,14.602
1.085434,12.5419,-0.0494,-2.2116,12.735
1.086849,10.7469,-1.6188,-2.1861,11.086
1.091777,8.6963,-3.0779,-2.4540,9.546
1.097274,6.3905,-4.3743,-2.9712,8.295
1.104863,4.0180,-5.4387,-3.8931,7.803
1.106828,1.5221,-6.2929,-4.7915,8.055
1.112912,-0.5555,-7.2035,-5.6502,9.172
1.116766,-2.2558,-8.2070,-6.4989,10.709
1.121811,-3.9916,-9.1707,-7.2109,12.330
1.127335,-5.6891,-9.8785,-7.7586,13.789
1.131927,-7.3140,-10.6425,-8.2168,15.306
1.136766,-9.0442,-11.2627,-8.4203,16.720
1.141722,-11.0105,-11.5789,-8.4870,18.092
1.146645,-13.7278,-11.4510,-8.5915,19.834
1.152722,-16.8788,-11.1701,-8.7670,22.057
1.156662,-19.5804,-11.0419,-8.8923,24.174
1.161669,-21.4899,-10.8930,-8.7950,25.648
1.166647,-22.6758,-10.9716,-8.4505,26.570
1.172494,-24.8239,-10.6786,-7.5839,28.067
1.176947,-26.7090,-10.4772,-6.3390,29.382
1.182766,-27.4626,-10.9623,-4.9598,29.983
1.186543,-28.1365,-11.5553,-3.4416,30.611
1.191481,-28.5312,-12.3230,-2.0750,31.148
1.197905,-28.2821,-13.3636,-1.2587,31.306
1.206383,-27.9132,-14.8259,-0.9074,31.619
1.206874,-26.9891,-16.5551,-1.0521,31.680
1.212480,-25.4750,-18.1479,-1.6270,31.320
1.216444,-23.7206,-19.2666,-2.6189,30.671
1.221542,-21.7665,-20.1723,-3.9686,29.941
1.226571,-19.4719,-20.7391,-5.4715,28.969
1.231435,-17.1474,-20.7511,-6.9364,27.799
1.238696,-14.6875,-20.5741,-8.4116,26.642
1.241482,-11.7625,-20.3524,-9.8793,25.499
1.246337,-8.2211,-19.8568,-11.0994,24.188
1.251395,-3.6497,-19.0375,-11.9595,22.777
1.256274,1.7131,-17.8386,-12.5778,21.894
1.262981,7.1476,-16.0152,-13.1014,21.891
1.266217,12.9152,-13.6292,-13.5088,23.131
1.271262,18.9418,-10.8798,-13.9818,25.936
1.276218,24.4334,-7.7410,-14.7072,29.550
1.281524,28.3136,-3.9430,-15.3002,32.424
1.289830,31.7885,-0.8642,-15.1245,35.214
1.291179,35.1181,0.9617,-15.3265,38.329
1.296172,36.3411,2.9750,-14.8312,39.364
1.301383,36.8213,4.6318,-13.3260,39.431
1.306145,36.6349,5.6830,-12.1013,38.998
1.313813,35.5771,6.0975,-10.6302,37.629
1.316266,33.5130,6.2731,-9.0996,35.288
1.321082,30.2522,6.3751,-7.6601,31.851
1.325946,26.5549,6.1444,-6.6246,28.050
1.331189,23.2156,5.4463,-5.8289,24.548
1.335972,20.2273,4.5462,-5.1295,21.357
1.341060,17.3150,3.7554,-4.3854,18.252
1.347611,14.5388,3.1072,-3.4555,15.263
1.351072,11.9922,2.4573,-2.4187,12.478
1.356135,9.7957,1.7728,-1.5719,10.078
1.360896,7.9022,1.0050,-0.8834,8.015
1.365891,6.2841,0.2009,-0.3680,6.298
1.371779,4.8248,-0.6187,0.0241,4.864
1.376395,3.5511,-1.5100,0.2992,3.870
1.381006,2.3128,-2.1946,0.5114,3.229
1.385957,1.2538,-2.8524,0.5443,3.163
1.390817,0.0847,-3.2179,0.6249,3.279
1.395857,-1.0172,-3.5861,0.7509,3.802
1.400845,-1.8585,-3.9424,0.5679,4.395
1.405936,-2.5803,-4.2679,0.1809,4.991
1.411115,-3.1421,-4.5530,-0.1623,5.534
1.415786,-3.6970,-4.7640,-0.2800,6.037
1.420766,-4.1748,-4.8409,-0.3376,6.401
1.425698,-4.4501,-4.8078,-0.4158,6.564
1.430766,-4.5575,-4.7086,-0.5241,6.574
1.436155,-4.5981,-4.6544,-0.6339,6.573
1.440758,-4.5482,-4.5647,-0.7597,6.488
1.445545,-4.4140,-4.4258,-0.8588,6.309
1.450882,-4.3075,-4.3012,-0.9373,6.159
1.455579,-4.2488,-4.1387,-0.9518,6.007
1.460942,-4.1227,-3.9392,-0.9793,5.786
1.465554,-4.0003,-3.7461,-0.9771,5.567
1.470888,-3.8669,-3.5458,-0.9835,5.338
1.475897,-3.8098,-3.2427,-1.0274,5.107
1.480829,-3.7213,-3.0290,-1.0813,4.919
1.490868,-3.7028,-2.8712,-1.1363,4.821
1.491357,-3.6681,-2.6691,-1.2026,4.693
1.495466,-3.5549,-2.4516,-1.1468,4.468
1.500700,-3.4349,-2.2190,-1.0843,4.231
1.505470,-3.3086,-1.9142,-0.9580,3.941
1.510713,-3.0784,-1.6952,-0.7683,3.597
1.515285,-2.7445,-1.5192,-0.6206,3.198
1.520292,-2.4354,-1.4290,-0.5293,2.873
1.525435,-2.1265,-1.3053,-0.4417,2.534
1.530352,-1.8267,-1.2532,-0.2621,2.231
1.536254,-1.5551,-1.1389,-0.0384,1.928
1.540538,-1.3869,-1.0390,0.0908,1.735
1.545252,-1.3078,-0.9439,0.1494,1.620
1.550244,-1.2509,-0.8728,0.1514,1.533
1.555209,-1.2069,-0.8209,0.0915,1.462
1.561112,-1.1709,-0.8361,-0.0068,1.439
1.565127,-1.1385,-0.7842,-0.1535,1.391
1.570103,-1.0516,-0.7420,-0.2583,1.313
1.575103,-0.8955,-0.6664,-0.3454,1.169
1.580238,-0.7418,-0.6339,-0.3574,1.039
1.585256,-0.6568,-0.5632,-0.2606,0.904
1.590108,-0.4914,-0.5020,-0.0455,0.704
1.595024,-0.2498,-0.4265,0.2933,0.575
1.600090,-0.0602,-0.3174,0.5606,0.647
1.605060,0.0825,-0.2132,0.7523,0.786
1.609998,0.1546,-0.1472,0.9264,0.951
1.614973,0.2139,-0.1385,0.9923,1.024
1.620133,0.2128,-0.1678,1.0024,1.038
1.624933,0.1844,-0.1490,0.9806,1.009
1.630068,0.1720,-0.0917,0.9365,0.957
1.635351,0.1223,-0.0582,0.8604,0.871
1.639889,0.0113,-0.0962,0.7472,0.753
1.644801,-0.0176,-0.1818,0.6877,0.712
1.649885,0.0257,-0.2813,0.6911,0.747
1.654871,0.0405,-0.3565,0.6903,0.778
1.659945,0.0796,-0.4122,0.6572,0.780
1.664782,0.0855,-0.4055,0.6062,0.734
1.669732,0.1059,-0.3841,0.5275,0.661
1.674771,0.0881,-0.3770,0.4160,0.568
1.680741,0.0371,-0.3743,0.3098,0.487
1.684862,-0.0140,-0.3906,0.1127,0.407
1.689780,-0.1220,-0.3682,-0.1179,0.405
1.694651,-0.1867,-0.3455,-0.2293,0.455
1.699750,-0.1936,-0.3417,-0.2985,0.493
1.704591,-0.2574,-0.3328,-0.3159,0.526
1.709624,-0.3064,-0.2996,-0.2430,0.493
1.714548,-0.2591,-0.3617,-0.1227,0.462
1.719617,-0.2102,-0.4423,-0.0548,0.493
1.724629,-0.1842,-0.4743,0.0089,0.509
1.729577,-0.1712,-0.5584,0.0304,0.585
1.735229,-0.1476,-0.6132,0.0434,0.632
1.740065,-0.1759,-0.6625,-0.0044,0.685
1.744722,-0.2613,-0.7162,-0.0989,0.769
1.749868,-0.2981,-0.8075,-0.2016,0.884
1.754461,-0.3875,-0.8553,-0.3033,0.987
1.759414,-0.4914,-0.9267,-0.4472,1.140
1.764396,-0.4998,-0.9833,-0.6047,1.258
1.770832,-0.4848,-1.0395,-0.8188,1.409
1.774526,-0.4708,-1.1386,-1.0900,1.645
1.779307,-0.4329,-1.2803,-1.3606,1.918
1.784537,-0.3380,-1.4502,-1.6742,2.241
1.789803,-0.2051,-1.5812,-1.9018,2.482
1.794834,-0.1486,-1.7355,-1.9906,2.645
1.799978,-0.1108,-1.8985,-2.0840,2.821
1.804218,-0.1013,-2.0561,-2.2872,3.077
1.809424,-0.2004,-2.1551,-2.5472,3.343
1.814237,-0.3464,-2.2724,-2.8788,3.684
1.821891,-0.5587,-2.5086,-3.3258,4.203
1.824231,-0.9424,-2.6626,-3.8505,4.775
1.829890,-1.4312,-2.8783,-4.5304,5.555
1.834454,-1.9159,-3.1561,-5.4007,6.542
1.839202,-2.5501,-3.5728,-6.2712,7.655
1.844674,-3.4968,-4.0185,-7.1630,8.927
1.849386,-4.5026,-4.4982,-7.8814,10.130
1.854031,-5.5211,-5.1274,-8.2602,11.180
1.859641,-7.1240,-5.7249,-8.3620,12.387
1.863957,-9.2949,-6.0675,-7.8564,13.599
1.869386,-11.6262,-6.2674,-6.9691,14.934
1.873978,-13.8790,-6.4941,-6.1026,16.494
1.879061,-15.7849,-6.7924,-5.0859,17.921
1.884052,-17.3545,-7.1253,-4.0818,19.199
1.889054,-18.6806,-7.3986,-3.2185,20.349
1.897323,-19.8155,-7.8135,-2.4259,21.438
1.900375,-20.3025,-8.6476,-1.9185,22.151
1.909398,-20.7441,-9.6115,-1.5159,22.913
1.915512,-22.0037,-10.0149,-0.4265,24.179
1.916087,-21.4796,-11.7253,0.0880,24.472
1.919351,-19.9077,-14.0985,0.4806,24.399
1.923851,-18.3119,-16.2749,0.4956,24.504
1.928782,-17.2585,-17.8882,-0.0001,24.856
1.934144,-16.1115,-19.2900,-1.1109,25.158
1.938857,-14.6088,-20.5925,-3.0006,25.426
1.951027,-12.8575,-21.4583,-5.3384,25.579
1.951509,-10.7498,-21.6671,-7.6721,25.375
1.956819,-8.3982,-21.5997,-9.7483,25.142
1.958638,-5.3277,-21.3516,-11.2181,24.701
1.963592,-1.3579,-20.5442,-12.1251,23.894
1.971528,3.6495,-19.1185,-12.8063,23.299
1.973614,9.8808,-17.1628,-13.7263,24.096
1.979279,16.5282,-14.5766,-15.0042,26.661
1.983503,23.1387,-11.3482,-16.3432,30.517
1.988624,29.2745,-7.8589,-17.5007,35.001
1.994111,33.1904,-3.8379,-18.0600,37.980
1.998569,37.2021,-0.8872,-17.8868,41.288
2.003514,40.2097,1.3850,-17.9345,44.050
2.008580,41.4655,3.2245,-16.9419,44.909
2.014169,41.4889,4.5943,-15.2187,44.430
2.020738,40.2954,5.4888,-13.2103,42.759
2.023401,38.8890,4.9228,-11.5598,40.868
2.028365,35.7005,4.4435,-10.7663,37.552
2.034022,31.3226,4.4287,-9.5822,33.054
2.038852,26.6121,4.2610,-8.7122,28.324
2.043155,22.0467,3.6234,-8.2921,23.832
2.048370,18.1225,2.8575,-8.1918,20.092
2.053356,14.8209,2.2623,-8.0130,17.000
2.058369,11.8830,1.7144,-7.4843,14.148
2.063959,9.2431,1.1475,-6.8778,11.578
2.068244,6.8511,0.5217,-6.0837,9.177
2.073343,4.6462,-0.0645,-5.1749,6.955
2.078682,2.5243,-0.5897,-4.2436,4.973
2.083172,0.6794,-1.3093,-3.5155,3.812
2.088375,-1.4210,-1.9274,-2.8599,3.730
2.093123,-3.6898,-2.4175,-2.4037,5.024
2.099000,-5.8126,-2.8749,-2.1180,6.822
2.103048,-7.4648,-3.2762,-1.9267,8.377
2.108108,-8.5793,-3.6991,-1.6097,9.480
2.113085,-9.3249,-4.0586,-1.1805,10.238
2.118089,-9.7629,-4.3288,-0.6561,10.700
2.122981,-9.8590,-4.5399,-0.1021,10.855
2.127960,-9.7385,-4.6751,0.4761,10.813
2.133104,-9.4828,-4.6501,0.9975,10.609
2.138809,-8.9284,-4.5820,1.5005,10.147
2.143020,-8.1029,-4.5201,1.8944,9.470
2.148926,-7.2511,-4.3512,2.0582,8.703
2.154388,-6.4433,-4.1671,2.0345,7.939
2.158550,-5.6913,-3.9206,1.7883,7.139
2.162873,-5.0312,-3.7556,1.3752,6.427
2.167882,-4.4757,-3.5812,0.9029,5.803
2.172793,-3.9994,-3.4260,0.4464,5.285
2.178019,-3.5336,-3.2374,-0.0159,4.792
2.182722,-3.1634,-3.0440,-0.3896,4.407
2.187795,-2.8787,-2.9080,-0.6611,4.145
2.192766,-2.6935,-2.6618,-0.8265,3.876
2.197862,-2.6076,-2.4682,-0.9534,3.715
2.202735,-2.4920,-2.3031,-1.0327,3.547
2.207674,-2.3508,-2.0708,-1.1032,3.321
2.212554,-2.1986,-1.8815,-1.0883,3.092
2.218247,-2.0019,-1.6250,-1.0070,2.768
2.222619,-1.8230,-1.3876,-0.9025,2.462
2.227567,-1.5468,-1.1980,-0.7939,2.111
2.232514,-1.2688,-1.0228,-0.6906,1.770
2.237567,-1.0217,-0.8522,-0.6123,1.465
2.242405,-0.7235,-0.6816,-0.5066,1.116
2.247541,-0.3828,-0.4917,-0.4649,0.777
2.252404,-0.0132,-0.3449,-0.4298,0.551
2.257487,0.3818,-0.2315,-0.4110,0.607
2.262374,0.7650,-0.1708,-0.3705,0.867
2.267367,1.0414,-0.1100,-0.3707,1.111
2.272399,1.1971,-0.0012,-0.3834,1.257
2.277658,1.2610,0.0551,-0.4615,1.344
2.282310,1.2620,0.0113,-0.5336,1.370
2.287646,1.2145,-0.0079,-0.5955,1.353
2.292390,1.1754,-0.0647,-0.6468,1.343
2.297479,1.1257,-0.1063,-0.6596,1.309
2.303119,0.9883,-0.2282,-0.6287,1.193
2.307371,0.8540,-0.3108,-0.5393,1.057
2.312536,0.7557,-0.3636,-0.4246,0.940
2.317278,0.6307,-0.4585,-0.2888,0.832
2.322319,0.5119,-0.5479,-0.1160,0.759
2.330238,0.3420,-0.5838,0.0988,0.684
2.332227,0.2110,-0.6096,0.2992,0.711
2.337515,0.0946,-0.6495,0.4813,0.814
2.342085,-0.0367,-0.6126,0.5838,0.847
2.347255,-0.1209,-0.6046,0.6598,0.903
2.352550,-0.2067,-0.5776,0.7048,0.934
2.357089,-0.2696,-0.5794,0.6702,0.926
2.362075,-0.3486,-0.5909,0.5852,0.902
2.367173,-0.4053,-0.5881,0.5546,0.904
2.372125,-0.4731,-0.5614,0.5162,0.897
2.377734,-0.5043,-0.5540,0.4839,0.892
2.387793,-0.5039,-0.5132,0.5203,0.888
2.394676,-0.5097,-0.4678,0.5578,0.889
2.395317,-0.5553,-0.4848,0.6492,0.982
2.397519,-0.5932,-0.4781,0.7327,1.057
2.402807,-0.6619,-0.4671,0.8228,1.155
2.407085,-0.7618,-0.4422,0.9531,1.298
2.411967,-0.7785,-0.4324,1.1340,1.442
2.417056,-0.7691,-0.4283,1.2647,1.541
2.422170,-0.7532,-0.4633,1.3362,1.602
2.427976,-0.7643,-0.4755,1.4061,1.670
2.431859,-0.7210,-0.4552,1.3980,1.637
2.436855,-0.6809,-0.4168,1.3545,1.572
2.441756,-0.6054,-0.4033,1.2613,1.456
2.447061,-0.4701,-0.4097,1.2135,1.364
2.454577,-0.3559,-0.4121,1.1248,1.250
2.459070,-0.2528,-0.3959,1.0285,1.131
2.468822,-0.1657,-0.3469,0.9436,1.019
2.469413,-0.0990,-0.3318,0.8982,0.963
2.474303,-0.0236,-0.3123,0.8779,0.932
2.476630,0.0994,-0.2501,0.8300,0.873
2.481831,0.1889,-0.1930,0.7686,0.815
2.486606,0.2979,-0.1506,0.6840,0.761
2.491534,0.3789,-0.1227,0.5808,0.704
2.496921,0.4993,-0.0901,0.4779,0.697
2.501635,0.5539,-0.0433,0.4762,0.732
2.506642,0.6915,-0.0304,0.5852,0.906
2.511540,0.7254,0.0063,0.6563,0.978
2.516628,0.7995,0.0045,0.6273,1.016
2.521583,1.0966,-0.1267,0.5797,1.247
2.526899,1.1424,-0.0568,0.4559,1.231
2.531619,0.8741,0.1709,0.4568,1.001
2.536439,0.7554,0.2642,0.4674,0.927
2.541854,0.7577,0.2476,0.2095,0.824
2.546494,0.6942,0.2313,-0.0493,0.733
2.551355,0.6608,0.2156,-0.2229,0.730
2.556528,0.6576,0.2099,-0.3787,0.787
2.562665,0.6127,0.2574,-0.4352,0.794
2.566468,0.4441,0.2766,-0.3971,0.657
2.571329,0.5014,0.1716,-0.3649,0.643
2.576575,0.5501,0.1628,-0.3526,0.673
2.581386,0.2157,0.3118,-0.1630,0.413
2.586284,-0.0477,0.2929,0.1324,0.325
2.591212,-0.0485,0.0490,0.2941,0.302
2.596373,-0.1559,-0.0657,0.2887,0.335
2.601407,-0.2980,-0.0990,0.1307,0.340
2.606324,-0.4799,-0.0703,-0.0456,0.487
2.611321,-0.5959,-0.0371,-0.1591,0.618
2.616353,-0.6464,-0.0183,-0.2577,0.696
2.621315,-0.6408,0.0003,-0.3416,0.726
2.626212,-0.5741,0.0189,-0.4493,0.729
2.631208,-0.5372,0.0518,-0.5187,0.749
2.636928,-0.4484,-0.0063,-0.5402,0.702
2.641159,-0.4180,-0.0165,-0.4703,0.629
2.646603,-0.4508,-0.0270,-0.3761,0.588
2.651251,-0.4506,-0.0520,-0.3148,0.552
2.656087,-0.3745,-0.0582,-0.2575,0.458
2.661026,-0.3472,-0.0454,-0.2378,0.423
2.665985,-0.3780,-0.0424,-0.2464,0.453
2.670948,-0.3618,-0.0347,-0.2883,0.464
2.675927,-0.3030,-0.0653,-0.3157,0.442
2.680870,-0.2926,-0.0864,-0.3047,0.431
2.686191,-0.3399,-0.0788,-0.2646,0.438
2.690861,-0.3683,-0.0330,-0.2005,0.421
2.695972,-0.3876,0.0271,-0.1700,0.424
2.700731,-0.3928,0.0441,-0.1922,0.440
2.705956,-0.3549,0.0420,-0.2624,0.443
2.713020,-0.2593,0.0064,-0.2658,0.371
2.715839,-0.1678,-0.0050,-0.2218,0.278
2.720791,-0.2147,0.0172,-0.1732,0.276
2.725994,-0.1747,0.0634,-0.1297,0.227
2.730756,-0.0816,0.0810,-0.0964,0.150
2.735935,-0.0211,0.1323,-0.1356,0.191
2.740666,0.0403,0.1361,-0.1709,0.222
2.745809,0.1123,0.1497,-0.1880,0.265
2.750732,0.1234,0.1252,-0.1771,0.250
2.755680,0.1642,0.0867,-0.1238,0.223
2.761220,0.1390,0.1154,-0.1142,0.214
2.765640,0.1339,0.1108,-0.0957,0.198
2.770591,0.1198,0.0824,-0.0345,0.149
2.775678,0.0679,0.0636,0.0024,0.093
2.780941,0.0931,0.0593,0.0730,0.132
2.786040,0.1520,0.0261,0.1726,0.231
2.790449,0.2067,-0.0073,0.2201,0.302
2.795504,0.1851,-0.0504,0.1821,0.265
2.800550,0.1306,-0.1176,0.1641,0.240
2.805948,0.0858,-0.1419,0.1614,0.231
2.811195,0.0265,-0.1664,0.1689,0.239
2.815679,-0.0091,-0.1707,0.0851,0.191
2.820859,-0.0780,-0.1607,0.0167,0.179
2.825789,-0.1615,-0.1745,-0.0703,0.248
2.830424,-0.2024,-0.2167,-0.1425,0.329
2.840457,-0.2913,-0.2253,-0.1953,0.417
2.841623,-0.3187,-0.2099,-0.2337,0.447
2.849603,-0.3234,-0.2041,-0.2673,0.467
2.850239,-0.2435,-0.2600,-0.3107,0.473
2.855341,-0.1744,-0.2963,-0.3400,0.484
2.860800,-0.1301,-0.3227,-0.2552,0.431
2.865596,-0.0914,-0.3156,-0.1426,0.358
2.870198,-0.0583,-0.2850,-0.0782,0.301
2.875425,0.0311,-0.2499,-0.0665,0.260
2.880186,0.1723,-0.2768,-0.0691,0.333
2.886400,0.2507,-0.2703,-0.0621,0.374
2.890263,0.2909,-0.2781,-0.0552,0.406
2.895173,0.3028,-0.2478,-0.0674,0.397
2.900203,0.3530,-0.1986,-0.0797,0.413
2.905272,0.3606,-0.2068,-0.1063,0.429
2.910353,0.3544,-0.2242,-0.1285,0.439
2.915262,0.3249,-0.2224,-0.1271,0.414
2.920006,0.3340,-0.2395,-0.1023,0.424
2.925097,0.2960,-0.2325,-0.0641,0.382
2.930372,0.2915,-0.2112,-0.0170,0.360
2.935480,0.2824,-0.1710,0.0057,0.330
2.942409,0.2639,-0.2070,0.0850,0.346
2.949577,0.2217,-0.2143,0.1067,0.326
2.949909,0.1702,-0.2690,0.1186,0.340
2.954811,0.0999,-0.2568,0.1211,0.301
2.959688,-0.0084,-0.2733,0.1522,0.313
2.964850,-0.1021,-0.2517,0.1548,0.313
2.969723,-0.1578,-0.2446,0.1909,0.348
2.974743,-0.1662,-0.2615,0.2177,0.379
2.979665,-0.1751,-0.2358,0.2305,0.373
2.984746,-0.2034,-0.2104,0.2914,0.413
2.989740,-0.1986,-0.2330,0.3001,0.429
2.994890,-0.1895,-0.2365,0.3140,0.436
3.000104,-0.2520,-0.2212,0.3569,0.490
3.004754,-0.3428,-0.2015,0.3906,0.557
3.009714,-0.3429,-0.1632,0.3771,0.535
3.014914,-0.3721,-0.1110,0.2974,0.489
3.019586,-0.3776,-0.0877,0.1565,0.418
3.024652,-0.3070,-0.0218,0.0403,0.310
3.029632,-0.2369,0.0248,-0.0138,0.239
3.034979,-0.2051,0.0474,-0.0775,0.224
3.039590,-0.2022,0.1318,-0.0843,0.256
3.044553,-0.1516,0.1872,-0.0869,0.256
3.049576,-0.1058,0.2375,-0.0995,0.278
3.054578,-0.0885,0.2447,-0.0599,0.267
3.060051,-0.0523,0.3185,-0.0780,0.332
3.064554,-0.0588,0.3586,-0.1201,0.383
3.071983,-0.0413,0.3889,-0.1146,0.407
3.074458,-0.0143,0.4190,-0.0903,0.429
3.082396,0.0415,0.4346,-0.0901,0.446
3.084445,0.0449,0.4360,-0.0950,0.448
3.089464,0.0199,0.4421,-0.0761,0.449
3.094650,-0.0430,0.4339,-0.0194,0.437
3.099452,-0.1153,0.4447,0.0326,0.461
3.104637,-0.1306,0.4363,0.0701,0.461
3.109458,-0.1416,0.4135,0.0459,0.440
3.114499,-0.1104,0.3955,0.0653,0.416
3.119742,-0.0275,0.3775,0.0660,0.384
3.124297,0.0402,0.2977,0.0672,0.308
3.129288,0.0832,0.2990,0.1454,0.343
3.135102,0.1209,0.2715,0.2479,0.387
3.139307,0.1201,0.2105,0.2603,0.356
3.144540,0.1237,0.1831,0.2404,0.326
3.149168,0.1366,0.1698,0.2168,0.307
3.154091,0.1779,0.1612,0.1513,0.284
3.159158,0.1905,0.1668,0.0250,0.254
3.164173,0.2507,0.1249,-0.0337,0.282
3.169876,0.2347,0.1451,-0.0969,0.293
3.174277,0.2717,0.1511,-0.1790,0.359
3.179523,0.2900,0.1336,-0.2280,0.392
3.184088,0.3565,0.1403,-0.2824,0.476
3.189324,0.4522,0.1330,-0.3183,0.569
3.194568,0.4677,0.0691,-0.2790,0.549
3.199050,0.4225,0.0868,-0.2171,0.483
3.203985,0.3596,0.0428,-0.1327,0.386
3.209299,0.2265,0.0041,-0.0209,0.227
3.214330,0.1233,-0.0629,0.0995,0.170
3.227187,0.0541,-0.1340,0.1999,0.247
3.227522,-0.0290,-0.1286,0.2523,0.285
3.229664,-0.1165,-0.1186,0.2665,0.314
3.234413,-0.1994,-0.1611,0.2999,0.394
3.240042,-0.2582,-0.1748,0.2572,0.404
3.244667,-0.2839,-0.1931,0.2864,0.447
3.249044,-0.3052,-0.1971,0.2442,0.438
3.253895,-0.3649,-0.1963,0.2306,0.474
3.258727,-0.3060,-0.2003,0.1175,0.384
3.263854,-0.2810,-0.1852,0.0763,0.345
3.270322,-0.2946,-0.2128,0.0446,0.366
3.274051,-0.2894,-0.1926,0.0889,0.359
3.278626,-0.2891,-0.2105,0.1183,0.377
3.283706,-0.3035,-0.1807,0.1329,0.377
3.288739,-0.2513,-0.1749,0.0950,0.321
3.294390,-0.2281,-0.2070,0.1046,0.325
3.299163,-0.1957,-0.2008,0.1044,0.299
3.303553,-0.1682,-0.1803,0.0947,0.264
3.308525,-0.1600,-0.1696,0.1042,0.255
3.314144,-0.1472,-0.1685,0.0854,0.240
3.319483,-0.1252,-0.1771,0.0717,0.228
3.323601,-0.1082,-0.1523,0.0536,0.194
3.328490,-0.0867,-0.1516,-0.0069,0.175
3.334370,-0.0511,-0.0940,-0.0287,0.111
3.338438,-0.0157,-0.0701,-0.0834,0.110
3.345250,0.0145,-0.0560,-0.1470,0.158
3.348405,0.0494,-0.0515,-0.1339,0.152
3.353597,0.0414,-0.0329,-0.1301,0.140
3.358922,0.0477,-0.0050,-0.1500,0.158
3.364112,0.0065,-0.0201,-0.1744,0.176
3.368447,-0.0297,-0.0446,-0.1698,0.178
3.373602,-0.0325,-0.0642,-0.1321,0.150
3.378241,-0.0640,-0.0456,-0.1040,0.130
3.383378,-0.0336,-0.0511,-0.0854,0.105
3.388246,-0.0129,-0.0755,-0.1238,0.146
3.394506,0.0222,-0.0807,-0.1477,0.170
3.398241,0.0428,-0.0716,-0.1573,0.178
3.403418,0.0636,-0.0719,-0.1576,0.185
3.408152,0.0607,-0.1149,-0.1582,0.205
3.413475,0.0629,-0.1052,-0.1401,0.186
3.419350,0.0415,-0.0908,-0.1129,0.151
3.423188,0.0776,-0.1334,-0.0956,0.182
3.428137,0.0661,-0.1139,-0.0642,0.147
3.433690,0.0357,-0.1278,-0.0428,0.139
3.438992,0.0055,-0.1368,-0.0167,0.138
3.443219,-0.0198,-0.1125,0.0044,0.114
3.449854,-0.0357,-0.1217,0.0161,0.128
3.453208,-0.0328,-0.0692,0.0707,0.104
3.458016,-0.0063,-0.0504,0.0683,0.085
3.463107,0.0104,-0.0794,0.0660,0.104
3.467922,0.0650,-0.0750,0.0831,0.129
3.473101,0.0429,-0.0469,0.0858,0.107
3.478426,0.0258,-0.0285,0.0745,0.084
3.483132,0.0469,-0.0104,0.0775,0.091
3.487927,0.0250,-0.0113,0.0472,0.055
3.492897,0.0222,0.0401,0.0122,0.047
3.497810,0.0195,0.0625,-0.0085,0.066
3.502884,-0.0071,0.0754,-0.0150,0.077
3.507919,0.0141,0.0598,-0.0123,0.063
3.513073,0.0304,0.1014,-0.0195,0.108
3.517779,0.0750,0.0810,-0.0031,0.110
3.523147,0.0910,0.1083,-0.0154,0.142
3.527993,0.0738,0.1401,0.0149,0.159
3.532875,0.0804,0.1433,0.0116,0.165
3.538401,0.0872,0.1749,0.0273,0.197
3.542686,0.1034,0.2015,0.0190,0.227
3.547874,0.0673,0.1853,0.0058,0.197
3.553749,0.0171,0.2071,0.0164,0.208
3.557985,0.0196,0.1908,0.0270,0.194
3.562810,-0.0017,0.1746,0.0043,0.175
3.567580,0.0057,0.1632,0.0437,0.169
3.572938,-0.0298,0.1377,0.0449,0.148
3.579402,-0.0841,0.1550,0.0701,0.190
3.582559,-0.1288,0.1911,0.0907,0.248
3.587381,-0.1071,0.1222,0.1164,0.200
3.592509,-0.1001,0.1298,0.1235,0.205
3.597755,-0.1173,0.0943,0.1311,0.200
3.602723,-0.1299,0.0686,0.1059,0.181
3.607377,-0.1522,0.0239,0.0433,0.160
3.612504,-0.1414,0.0318,0.0242,0.147
3.617339,-0.0976,0.0206,-0.0516,0.112
3.622504,-0.0495,0.0476,-0.0984,0.120
3.627808,-0.0301,0.0363,-0.1118,0.121
3.632419,-0.0011,0.0158,-0.1586,0.159
3.637358,0.0087,0.0097,-0.1624,0.163
3.642238,0.0043,0.0228,-0.1761,0.178
3.647285,-0.0048,-0.0068,-0.1664,0.167
3.652699,0.0386,-0.0551,-0.1238,0.141
3.657283,0.0630,-0.0555,-0.0913,0.124
3.662548,0.0208,-0.0938,-0.0877,0.130
3.667388,0.0170,-0.1175,-0.0130,0.119
3.672268,0.0322,-0.0840,-0.0006,0.090
3.682043,0.0377,-0.0935,0.0212,0.103
3.682822,0.0338,-0.1362,0.0380,0.145
3.689856,0.0397,-0.1498,-0.2883,0.327
3.692178,0.0415,-0.2103,-0.8418,0.869
3.697162,0.0243,-0.1795,-0.7940,0.814
3.702420,0.0165,-0.1439,-0.3770,0.404
3.706999,0.0323,-0.2179,-0.0584,0.228
3.712179,0.0242,-0.3295,0.0300,0.332
3.717009,0.0494,-0.3975,-0.0053,0.401
3.722305,0.0317,-0.4222,-0.0544,0.427
3.727724,-0.0098,-0.4039,-0.1079,0.418
3.732013,0.0010,-0.3526,-0.1515,0.384
3.736832,0.0209,-0.3348,-0.1710,0.377
3.741878,0.0452,-0.3362,-0.1572,0.374
3.746809,0.1074,-0.3092,-0.0721,0.335
3.752751,0.1549,-0.3443,0.1270,0.398
3.756773,0.1403,-0.3034,0.3683,0.497
3.761879,0.1545,-0.2823,0.5001,0.595
3.766753,0.1116,-0.3141,0.5470,0.641
3.771977,0.0165,-0.3176,0.5000,0.593
3.777778,-0.0543,-0.2214,0.2069,0.308
3.781869,-0.1532,-0.1449,-0.1601,0.265
3.789572,-0.1566,-0.1209,-0.4304,0.474
3.791843,-0.1031,-0.1061,-0.5579,0.577
