0.002775,0.1887,0.0336,-0.8397,0.861
0.003163,0.2363,0.0484,-0.8583,0.892
0.008241,0.3227,0.0682,-0.8078,0.873
0.016083,0.3050,0.0693,-0.7316,0.796
0.017977,0.3220,0.0611,-0.6387,0.718
0.023129,0.4740,-0.0087,-0.5383,0.717
0.029042,0.5555,0.0221,-0.4971,0.746
0.033008,0.4473,0.1243,-0.3853,0.603
0.037860,0.3690,0.1450,-0.2123,0.450
0.043123,0.3255,0.0943,-0.1028,0.354
0.048195,0.2734,0.0391,-0.0319,0.278
0.053599,0.2076,0.0223,0.0625,0.218
0.057838,0.1327,0.0198,0.1666,0.214
0.062996,0.0630,0.0459,0.2137,0.227
0.067925,0.0121,0.0526,0.2711,0.276
0.073041,-0.0146,0.0212,0.3189,0.320
0.078913,-0.0654,0.0088,0.3531,0.359
0.083200,-0.0830,0.0060,0.3544,0.364
0.087787,-0.1107,-0.0017,0.3327,0.351
0.092789,-0.1817,-0.0048,0.3548,0.399
0.097974,-0.2246,-0.0032,0.4398,0.494
0.103972,-0.2441,0.0079,0.4439,0.507
0.107994,-0.2835,0.0187,0.4347,0.519
0.112704,-0.3521,0.0054,0.3691,0.510
0.117765,-0.3781,0.0208,0.3713,0.530
0.125645,-0.4003,0.0264,0.3502,0.533
0.128530,-0.4235,0.0699,0.3872,0.578
0.132895,-0.4139,0.0941,0.3675,0.561
0.138986,-0.3719,0.0942,0.3246,0.503
0.142668,-0.3498,0.0704,0.2585,0.441
0.148193,-0.3282,0.0896,0.2454,0.420
0.152547,-0.3166,0.0991,0.1992,0.387
0.157556,-0.3522,0.1034,0.1716,0.405
0.162511,-0.3642,0.0887,0.0965,0.387
0.167450,-0.3432,0.0600,0.0122,0.349
0.172502,-0.3228,-0.0064,0.0423,0.326
0.177382,-0.2933,0.0037,0.0673,0.301
0.182559,-0.3166,0.0138,0.1111,0.336
0.187370,-0.3305,0.0190,0.1214,0.353
0.192391,-0.3257,-0.0139,0.1602,0.363
0.197315,-0.3261,-0.0608,0.1941,0.384
0.202480,-0.3553,-0.1311,0.2565,0.457
0.207584,-0.4275,-0.0870,0.2383,0.497
0.216151,-0.4852,-0.0908,0.2636,0.560
0.217265,-0.5383,-0.0662,0.2844,0.612
0.222324,-0.5250,-0.0894,0.2533,0.590
0.227428,-0.5221,-0.0555,0.2704,0.591
0.232254,-0.5245,-0.0553,0.2881,0.601
0.237178,-0.5323,-0.0505,0.2589,0.594
0.242263,-0.5265,-0.0506,0.2832,0.600
0.247131,-0.4879,-0.0319,0.2794,0.563
0.252219,-0.4791,0.0054,0.2529,0.542
0.257036,-0.4617,0.0186,0.1843,0.497
0.262114,-0.4119,-0.0016,0.0644,0.417
0.267206,-0.3633,-0.0312,-0.0165,0.365
0.272134,-0.3299,-0.0320,-0.0397,0.334
0.277304,-0.3254,-0.0138,-0.0960,0.340
0.282411,-0.2837,-0.0290,-0.1230,0.311
0.287184,-0.2189,-0.0250,-0.1308,0.256
0.292013,-0.1930,-0.0544,-0.1525,0.252
0.296887,-0.2103,-0.0503,-0.1930,0.290
0.302009,-0.2421,-0.0224,-0.2568,0.354
0.307750,-0.2692,0.0053,-0.2635,0.377
0.316781,-0.3353,0.0233,-0.3033,0.453
0.317273,-0.3828,0.0079,-0.3000,0.486
0.322070,-0.4452,0.0117,-0.2823,0.527
0.327429,-0.4704,0.0772,-0.2169,0.524
0.332008,-0.4638,0.1231,-0.1658,0.508
0.336884,-0.5156,0.1543,-0.0956,0.547
0.341842,-0.5029,0.1615,-0.0346,0.529
0.347115,-0.4972,0.1637,0.0364,0.525
0.351814,-0.4604,0.1849,0.1366,0.515
0.356985,-0.4024,0.2009,0.3327,0.559
0.361881,-0.3947,0.2262,0.4722,0.656
0.366714,-0.3363,0.2415,0.6410,0.763
0.371692,-0.2719,0.1993,0.7880,0.857
0.376596,-0.2385,0.2190,0.8894,0.947
0.382099,-0.2739,0.2858,0.9219,1.003
0.386837,-0.2635,0.3185,0.9383,1.025
0.391861,-0.2317,0.3128,1.0052,1.078
0.396588,-0.2204,0.3261,0.9979,1.073
0.402055,-0.1889,0.3441,0.9993,1.074
0.406804,-0.0940,0.3856,1.0040,1.080
0.414525,0.0310,0.3130,1.0024,1.051
0.416474,0.0671,0.2649,0.9567,0.995
0.421616,0.1241,0.3220,0.9097,0.973
0.426517,0.2223,0.3460,0.8883,0.979
0.431613,0.4927,0.3703,0.8845,1.078
0.436855,0.7699,0.4520,0.7874,1.190
0.441844,1.0549,0.5479,0.6493,1.354
0.446427,1.2865,0.6532,0.5790,1.555
0.451498,1.5396,0.7521,0.5593,1.802
0.456811,1.8245,0.8414,0.6048,2.098
0.461746,2.0011,0.9546,0.6843,2.320
0.466258,2.1525,1.0007,0.7537,2.491
0.471344,2.3031,1.0370,0.8274,2.658
0.476322,2.4576,1.0445,0.9009,2.818
0.481541,2.6401,1.0326,0.9220,2.981
0.486833,2.8423,1.0490,0.9083,3.163
0.491347,3.0967,1.0743,0.8242,3.380
0.496170,3.3041,1.1085,0.6680,3.549
0.501798,3.4651,1.1466,0.4917,3.683
0.506324,3.6037,1.1934,0.2894,3.807
0.514650,3.8734,1.2153,0.0315,4.060
0.516298,4.1740,1.2122,-0.2551,4.354
0.524058,4.2963,1.1888,-0.5265,4.489
0.526201,4.3171,1.1214,-0.8413,4.539
0.531297,4.1698,1.0721,-1.1192,4.449
0.536472,3.9596,1.0410,-1.3612,4.315
0.541214,3.8054,0.9662,-1.5054,4.205
0.546054,3.6577,0.8863,-1.5188,4.058
0.551115,3.5622,0.7724,-1.5350,3.955
0.556485,3.4597,0.6058,-1.4866,3.814
0.561844,3.3747,0.4394,-1.2915,3.640
0.565943,3.3453,0.2684,-1.0399,3.513
0.571023,3.3476,0.0979,-0.8168,3.447
0.575872,3.3656,-0.1290,-0.6536,3.431
0.581178,3.3083,-0.3218,-0.6513,3.387
0.586851,3.1307,-0.4562,-0.7414,3.249
0.590949,2.8802,-0.5892,-0.8804,3.069
0.595831,2.5185,-0.7493,-0.8672,2.767
0.600924,2.1452,-0.9120,-0.8261,2.473
0.605833,1.9476,-1.1534,-0.8273,2.410
0.611111,1.7690,-1.4591,-0.7330,2.407
0.615964,1.5340,-1.6851,-0.5797,2.351
0.622638,1.2468,-1.8459,-0.5865,2.303
0.625760,0.8540,-2.0083,-0.7241,2.299
0.630856,0.5080,-2.2440,-0.8919,2.468
0.635679,0.2517,-2.5001,-1.1422,2.760
0.640855,-0.0855,-2.6855,-1.4044,3.032
0.645759,-0.4023,-2.8340,-1.6923,3.325
0.650955,-0.7230,-2.9839,-2.1540,3.750
0.656081,-1.0002,-3.1257,-2.7131,4.258
0.660635,-1.4116,-3.2451,-3.1308,4.725
0.665616,-2.0420,-3.2282,-3.4123,5.122
0.670635,-2.3751,-3.4378,-3.6355,5.539
0.675634,-2.5538,-3.5969,-3.9106,5.895
0.681202,-2.9134,-3.6055,-4.1660,6.232
0.685447,-3.3107,-3.6030,-4.4302,6.601
0.690554,-3.7415,-3.5755,-4.7751,7.042
0.695476,-4.2135,-3.6292,-5.0191,7.491
0.700505,-4.6940,-3.6961,-5.2498,7.953
0.705460,-5.2581,-3.8491,-5.5585,8.565
0.710878,-5.8396,-4.0549,-5.8266,9.192
0.715706,-6.3348,-4.2521,-5.8587,9.619
0.724276,-6.7212,-4.3699,-5.6745,9.822
0.725535,-7.0303,-4.4862,-5.3452,9.906
0.730357,-7.2750,-4.5533,-4.8618,9.864
0.735516,-7.5007,-4.5676,-4.2428,9.753
0.741043,-7.7228,-4.5636,-3.6793,9.696
0.745276,-7.8803,-4.6852,-3.2093,9.713
0.750423,-8.1042,-4.7754,-2.7128,9.790
0.755774,-8.4819,-4.8159,-2.1836,9.995
0.760294,-9.0299,-4.8556,-1.7513,10.401
0.765232,-9.6633,-5.0382,-1.3476,10.981
0.770201,-10.5338,-5.1780,-0.9717,11.778
0.775229,-11.6490,-5.3472,-0.6945,12.836
0.780199,-12.6386,-5.7413,-0.5048,13.891
0.785042,-13.4397,-6.3389,-0.3899,14.865
0.790115,-14.0964,-7.0546,-0.1211,15.764
0.795401,-14.5922,-7.8944,0.2937,16.593
0.800669,-14.8550,-8.8311,0.7994,17.300
0.805146,-14.7969,-9.8893,1.1651,17.835
0.810033,-14.3857,-11.1258,1.3220,18.234
0.815178,-13.8718,-12.2756,1.2356,18.565
0.822169,-13.3114,-13.1686,0.7257,18.739
0.825255,-12.5501,-14.1322,0.0614,18.900
0.830016,-11.4072,-15.2318,-0.6645,19.041
0.835119,-10.0690,-16.0170,-1.7678,19.001
0.840060,-8.2628,-16.1971,-3.1663,18.457
0.845044,-5.6825,-16.0309,-5.2032,17.786
0.849877,-2.1451,-15.4105,-8.3796,17.672
0.855459,2.5752,-14.0191,-12.5045,18.961
0.860415,8.5307,-11.7549,-16.9176,22.297
0.865514,15.5124,-8.9896,-20.8432,27.493
0.875729,23.6535,-5.9053,-23.6457,33.963
0.876257,31.5592,-2.0953,-25.4555,40.600
0.879771,37.1201,2.0640,-25.6100,45.145
0.884813,40.9745,6.2949,-24.4839,48.146
0.890207,42.7787,9.4177,-22.6995,49.335
0.897044,41.5380,10.4930,-20.8771,47.659
0.899864,40.8479,9.2369,-19.7476,46.302
0.904568,37.0485,8.7582,-17.0828,41.727
0.909548,32.2431,8.2266,-13.4593,35.895
0.914939,27.5974,6.9699,-10.0976,30.202
0.920992,23.0259,5.4459,-6.9769,24.668
0.924630,19.1495,3.8463,-4.1688,19.972
0.930032,16.1039,2.3260,-1.6182,16.351
0.934778,13.5842,1.1364,0.5753,13.644
0.939660,11.2484,0.1395,2.0481,11.434
0.944762,9.0835,-0.7792,2.5184,9.458
0.949632,7.1472,-1.6956,2.1175,7.645
0.954542,5.2588,-2.6424,1.1568,5.998
0.959623,3.3101,-3.5093,-0.1729,4.827
0.964561,1.3353,-4.2034,-1.6674,4.715
0.970158,-0.4559,-4.8528,-2.9911,5.719
0.974525,-2.0436,-5.5698,-4.1063,7.215
0.979970,-3.5604,-6.3637,-5.0174,8.851
0.984337,-5.0102,-7.1150,-5.7768,10.445
0.989466,-6.5077,-7.8434,-6.5525,12.116
0.995161,-8.0115,-8.5496,-7.2329,13.769
0.999639,-9.3569,-9.1878,-7.6470,15.180
1.004360,-10.9241,-9.5832,-7.8646,16.523
1.009300,-12.4887,-9.7868,-7.7332,17.651
1.014859,-13.7309,-9.7879,-7.4065,18.417
1.023226,-15.2499,-9.5953,-7.1243,19.375
1.024336,-17.0403,-9.3526,-6.5867,20.524
1.030152,-18.4445,-9.3009,-5.7709,21.448
1.034514,-19.2867,-9.2805,-4.7687,21.928
1.039673,-20.0050,-9.1313,-3.5795,22.280
1.047042,-20.4050,-9.1419,-2.3222,22.480
1.049441,-20.3388,-9.4796,-1.1906,22.471
1.054114,-20.1295,-9.9182,-0.3859,22.444
1.059328,-20.1446,-10.5577,-0.1041,22.744
1.064164,-20.0980,-11.2661,-0.2544,23.042
1.069127,-19.6525,-12.1687,-0.8519,23.131
1.074067,-18.7654,-13.1271,-1.8548,22.976
1.080516,-17.5556,-13.9499,-3.0645,22.632
1.084070,-16.2686,-14.4314,-4.3498,22.178
1.088975,-14.8964,-14.7127,-5.5153,21.651
1.094059,-13.2303,-14.8611,-6.4221,20.908
1.099387,-11.1637,-14.7781,-7.0867,19.830
1.104710,-8.7430,-14.4524,-7.6220,18.531
1.109027,-6.1005,-14.0361,-8.1177,17.324
1.113989,-3.1144,-13.3256,-8.5654,16.144
1.118981,0.4412,-12.1001,-8.9000,15.027
1.124156,4.8697,-10.4379,-9.5376,14.954
1.132871,9.6974,-8.3034,-10.6892,16.651
1.133913,14.5696,-5.9453,-11.8633,19.707
1.139123,19.1246,-3.5025,-12.6058,23.172
1.143819,22.8107,-0.9669,-12.7995,26.174
1.148959,25.4184,1.5917,-12.6038,28.416
1.153762,27.6665,3.6396,-12.0277,30.387
1.158843,29.3376,5.1978,-11.3388,31.879
1.164953,29.0246,6.7494,-10.1257,31.472
1.168875,29.3863,6.6271,-8.0310,31.176
1.173971,29.6801,5.5916,-6.6682,30.930
1.181918,27.2971,5.6037,-4.3810,28.209
1.183723,24.3170,5.8407,-2.3642,25.120
1.192956,21.5918,5.5522,-0.8085,22.309
1.201031,18.9912,4.9021,0.2781,19.616
1.208033,16.2705,4.3671,1.0101,16.877
1.208344,13.4795,3.9746,1.4801,14.131
1.208515,11.0120,3.5505,1.7119,11.696
1.213551,8.8787,3.0300,1.7561,9.544
1.218631,6.9283,2.4529,1.6237,7.527
1.223639,5.1407,1.8745,1.4721,5.666
1.229866,3.5476,1.3406,1.3547,4.027
1.233432,2.1435,0.7912,1.2705,2.614
1.238622,1.0025,0.2553,1.1818,1.571
1.243716,0.1175,-0.3292,1.0222,1.080
1.248391,-0.6665,-0.8810,0.7202,1.319
1.253322,-1.3502,-1.4041,0.3632,1.982
1.258332,-1.9337,-1.9195,-0.0813,2.726
1.263346,-2.4947,-2.4455,-0.5413,3.535
1.268548,-3.0503,-2.8484,-0.8938,4.268
1.273274,-3.4743,-3.0761,-1.1689,4.785
1.278350,-3.7648,-3.2394,-1.4687,5.179
1.283160,-4.0321,-3.3916,-1.7703,5.558
1.288298,-4.2715,-3.5148,-1.9228,5.856
1.293160,-4.3336,-3.5379,-1.9889,5.937
1.298329,-4.3335,-3.4619,-1.9880,5.892
1.303218,-4.2996,-3.2974,-1.8917,5.739
1.308146,-4.1502,-3.0741,-1.7001,5.437
1.313021,-3.9528,-2.8594,-1.3989,5.075
1.318063,-3.7223,-2.6157,-1.0791,4.676
1.323044,-3.5219,-2.3958,-0.9080,4.355
1.329171,-3.4321,-2.2096,-0.8280,4.165
1.332998,-3.3516,-2.0525,-0.8015,4.011
1.338027,-3.2415,-1.9532,-0.8103,3.870
1.343107,-3.0593,-1.9116,-0.8408,3.704
1.348633,-2.9030,-1.8704,-0.8073,3.546
1.353195,-2.7204,-1.7961,-0.7150,3.337
1.358017,-2.5589,-1.6936,-0.6694,3.141
1.363162,-2.3797,-1.6492,-0.6178,2.960
1.368013,-2.2395,-1.6435,-0.5460,2.831
1.372966,-2.0998,-1.5665,-0.4923,2.666
1.378716,-1.9978,-1.4087,-0.4376,2.483
1.382830,-1.9046,-1.2469,-0.4062,2.312
1.387897,-1.6524,-1.1526,-0.3462,2.044
1.392988,-1.2262,-1.1161,-0.2915,1.683
1.397953,-0.8693,-1.0463,-0.3188,1.397
1.403489,-0.6147,-1.0340,-0.3087,1.242
1.407920,-0.4136,-1.0265,-0.2705,1.139
1.412695,-0.2034,-0.9856,-0.2619,1.040
1.417881,-0.0266,-0.9398,-0.1683,0.955
1.422971,0.1362,-0.8318,-0.0715,0.846
1.428531,0.2853,-0.6522,0.0288,0.712
1.432627,0.3732,-0.4871,0.1133,0.624
1.437664,0.5158,-0.4081,0.1827,0.683
1.443105,0.7276,-0.3384,0.2463,0.839
1.447879,0.9757,-0.3115,0.2995,1.067
1.453484,1.1171,-0.1598,0.2898,1.165
1.457630,1.1094,-0.0317,0.3323,1.159
1.462414,1.0720,0.1015,0.3068,1.120
1.467607,1.0011,0.1634,0.2280,1.040
1.472543,0.9822,0.1351,0.1291,1.000
1.478384,0.9051,0.1411,-0.0238,0.916
1.482534,0.8510,0.1622,-0.1591,0.881
1.487506,0.9062,0.1459,-0.2579,0.953
1.492423,0.9792,0.0731,-0.2821,1.022
1.497460,1.0285,0.0734,-0.3226,1.080
1.502497,0.9959,0.0844,-0.4127,1.081
1.507527,0.9963,0.0297,-0.4086,1.077
1.514850,0.9912,-0.1240,-0.3341,1.053
1.517511,0.8897,-0.2808,-0.2892,0.977
1.523754,0.7187,-0.3502,-0.2448,0.836
1.527921,0.4656,-0.4131,-0.1669,0.644
1.532243,0.2672,-0.4939,-0.1364,0.578
1.537297,0.0656,-0.5736,-0.0620,0.581
1.542358,-0.1113,-0.6043,0.0470,0.616
1.547464,-0.2161,-0.7059,0.1574,0.755
1.552411,-0.2502,-0.8355,0.3131,0.927
1.557379,-0.3644,-0.8824,0.3377,1.013
1.562109,-0.5172,-0.8570,0.2941,1.043
1.567210,-0.5751,-0.8980,0.1630,1.079
1.572232,-0.6102,-0.9767,0.0110,1.152
1.577230,-0.7134,-1.0214,-0.2151,1.264
1.582224,-0.8289,-1.0518,-0.5016,1.430
1.587231,-0.8492,-1.0720,-0.7815,1.575
1.592144,-0.9288,-1.1016,-1.0697,1.795
1.597159,-0.9674,-1.1456,-1.3949,2.048
1.602091,-1.1520,-1.2326,-1.7192,2.409
1.607185,-1.3102,-1.3151,-2.0001,2.729
1.614269,-1.4337,-1.3933,-2.2244,2.991
1.617122,-1.5834,-1.4240,-2.4348,3.235
1.621966,-1.7220,-1.4793,-2.6843,3.516
1.627420,-1.8881,-1.6026,-2.9346,3.840
1.631884,-2.0246,-1.7747,-3.1191,4.120
1.636953,-2.1316,-1.9956,-3.3528,4.446
1.642411,-2.2527,-2.1653,-3.5308,4.715
1.647050,-2.3778,-2.3313,-3.7392,5.007
1.651923,-2.5318,-2.5422,-3.9830,5.361
1.656967,-2.8777,-2.8028,-4.1383,5.767
1.662018,-3.4107,-3.0846,-4.2676,6.274
1.667070,-4.0784,-3.3641,-4.2809,6.803
1.671875,-4.7430,-3.4695,-4.3227,7.295
1.676829,-5.4057,-3.4163,-4.2750,7.692
1.681849,-6.1589,-3.3010,-4.1868,8.146
1.686812,-6.8895,-3.3253,-4.0439,8.653
1.691811,-7.8246,-3.5567,-3.9460,9.458
1.696725,-8.9804,-4.0961,-3.6730,10.532
1.701835,-10.3014,-4.6421,-3.1194,11.722
1.706914,-11.8420,-4.9915,-2.3205,13.059
1.716742,-13.3047,-5.4131,-1.4520,14.437
1.719209,-14.6330,-5.9029,-0.6392,15.792
1.724818,-16.1065,-6.5903,-0.1686,17.403
1.726644,-17.6725,-7.6128,0.0750,19.243
1.731524,-18.6800,-8.9183,0.3942,20.703
1.738217,-18.4868,-10.8006,0.6471,21.420
1.741666,-18.8412,-12.1765,1.1573,22.463
1.746832,-18.5573,-13.6958,1.4432,23.109
1.751526,-17.5236,-15.4366,1.6051,23.408
1.757381,-15.6820,-17.2515,1.3394,23.352
1.761864,-13.5217,-18.5350,0.5292,22.949
1.766631,-11.3569,-19.0760,-0.9581,22.221
1.773384,-9.1677,-19.0807,-3.3507,21.432
1.776708,-6.6170,-18.8012,-6.6848,21.023
1.781358,-3.5664,-18.0670,-10.4457,21.172
1.786402,0.4251,-16.4630,-13.9357,21.573
1.791335,5.5981,-14.1273,-16.8364,22.680
1.797869,11.4367,-11.4469,-18.9283,24.902
1.801256,17.2781,-8.6690,-20.0033,27.818
1.808501,22.9708,-5.6751,-20.1700,31.092
1.814736,28.5630,-2.4130,-19.8347,34.858
1.816329,32.9407,0.7984,-18.9653,38.019
1.821513,35.7005,3.3998,-17.6712,39.979
1.826177,36.6620,4.8740,-16.2185,40.384
1.831486,35.7992,5.2276,-14.5658,39.001
1.840403,33.0764,4.9848,-12.6673,35.768
1.841365,29.3106,4.3273,-10.5747,31.459
1.847978,25.5245,3.4511,-8.5155,27.128
1.851277,21.9256,2.4765,-6.7042,23.061
1.856371,18.1365,1.6424,-5.3511,18.981
1.861683,14.2127,0.9092,-4.4924,14.934
1.866165,10.7015,0.2867,-3.9252,11.402
1.871060,7.8674,-0.1928,-3.3760,8.563
1.876084,5.7021,-0.5031,-2.8170,6.380
1.881360,4.0436,-0.7038,-2.2658,4.688
1.886869,2.6683,-0.8308,-1.7587,3.302
1.891059,1.2476,-0.9110,-1.3426,2.047
1.895996,-0.1728,-0.9247,-0.9817,1.360
1.901263,-1.5436,-0.9098,-0.6844,1.918
1.905975,-2.7871,-0.9282,-0.5517,2.989
1.914920,-3.9289,-0.9931,-0.5783,4.093
1.916078,-4.9107,-1.1781,-0.7083,5.099
1.923775,-5.5518,-1.4104,-0.9281,5.803
1.925941,-6.0039,-1.6617,-1.1541,6.336
1.930898,-6.3079,-1.9372,-1.2782,6.721
1.936377,-6.3948,-2.2755,-1.3492,6.920
1.941373,-6.3260,-2.6817,-1.2810,6.989
1.945898,-6.3190,-2.9513,-0.9770,7.042
1.950975,-6.1744,-3.0471,-0.5835,6.910
1.956532,-5.7534,-3.0085,-0.1807,6.495
1.960831,-5.1889,-2.9898,0.2952,5.996
1.965727,-4.5754,-2.8724,0.8357,5.467
1.970696,-3.9745,-2.7626,1.2896,5.009
1.975656,-3.3921,-2.5798,1.5265,4.527
1.980717,-2.8756,-2.3726,1.6146,4.063
1.985726,-2.4188,-2.1844,1.5728,3.619
1.990645,-1.9774,-1.9629,1.4341,3.134
1.995643,-1.6314,-1.7180,1.2215,2.666
2.001147,-1.3566,-1.4736,0.9342,2.210
2.005707,-1.1323,-1.2440,0.6130,1.790
2.010512,-0.9249,-1.0099,0.2185,1.387
2.015575,-0.7385,-0.8095,-0.2178,1.117
2.023135,-0.5581,-0.6233,-0.6352,1.050
2.025675,-0.3492,-0.5182,-1.0017,1.181
2.031990,-0.1497,-0.4221,-1.2748,1.351
2.035368,0.0369,-0.3349,-1.4367,1.476
2.040405,0.1194,-0.2614,-1.4535,1.482
2.045411,0.1935,-0.1632,-1.3874,1.410
2.050467,0.2301,-0.1219,-1.2568,1.284
2.056084,0.2671,-0.1372,-1.0661,1.108
2.061793,0.2605,-0.1472,-0.8523,0.903
2.065384,0.1919,-0.1947,-0.5920,0.652
2.070217,0.0843,-0.2226,-0.3126,0.393
2.075312,0.0334,-0.2454,-0.0804,0.260
2.080275,0.0006,-0.2202,0.1390,0.260
2.085629,0.0335,-0.1856,0.3219,0.373
2.090215,0.0264,-0.1847,0.4694,0.505
2.095462,0.0232,-0.1696,0.5518,0.578
2.100336,0.0953,-0.1930,0.5647,0.604
2.105402,0.1518,-0.1735,0.5702,0.615
2.110574,0.1832,-0.1685,0.5151,0.572
2.115318,0.2665,-0.1923,0.4278,0.539
2.122618,0.3541,-0.2448,0.3036,0.527
2.125451,0.3749,-0.2778,0.2417,0.526
2.133973,0.3958,-0.3345,0.2664,0.583
2.135151,0.4262,-0.3575,0.2770,0.621
2.139994,0.4087,-0.3422,0.2643,0.595
2.145055,0.3625,-0.3459,0.2953,0.582
2.150271,0.3205,-0.3689,0.3608,0.607
2.155706,0.2686,-0.4540,0.4316,0.682
2.159936,0.1201,-0.5200,0.5371,0.757
2.165227,-0.0203,-0.5146,0.6827,0.855
2.170113,-0.1915,-0.4811,0.7968,0.950
2.175180,-0.3559,-0.3908,0.9130,1.055
2.180489,-0.4659,-0.3445,0.9407,1.105
2.184937,-0.5356,-0.3563,0.9561,1.152
2.189905,-0.5844,-0.3975,0.9116,1.153
2.195266,-0.6264,-0.3914,0.8932,1.159
2.199901,-0.6761,-0.4244,0.8863,1.193
2.204852,-0.6760,-0.3670,0.8911,1.177
2.209776,-0.5776,-0.3008,0.8161,1.044
2.215061,-0.4525,-0.2733,0.7281,0.900
2.220210,-0.3528,-0.2654,0.6367,0.775
2.224860,-0.2444,-0.3010,0.6039,0.718
2.234976,-0.1706,-0.3081,0.6010,0.697
2.235454,-0.1310,-0.2440,0.5852,0.647
2.240401,-0.0441,-0.2043,0.5563,0.594
2.245035,0.0421,-0.2128,0.5285,0.571
2.249770,0.0944,-0.1930,0.4828,0.528
2.254980,0.1656,-0.1449,0.4910,0.538
2.259672,0.1983,-0.1307,0.5051,0.558
2.264689,0.1975,-0.0690,0.4964,0.539
2.270114,0.1680,-0.0653,0.4841,0.517
2.275388,0.2105,-0.0475,0.4490,0.498
2.279465,0.2484,0.0369,0.3911,0.465
2.284514,0.2867,0.0924,0.3004,0.425
2.289616,0.3067,0.1285,0.2436,0.412
2.295117,0.3373,0.1357,0.1682,0.401
2.299931,0.2972,0.1382,0.0929,0.341
2.304474,0.2436,0.0976,0.0370,0.265
2.315230,0.2577,0.0715,0.0050,0.268
2.323151,0.2342,0.1363,0.0111,0.271
2.323495,0.3169,0.1723,0.1899,0.408
2.324422,0.6313,0.1118,0.7486,0.986
2.332920,0.8947,0.1271,1.3714,1.642
2.334391,0.8147,0.2615,1.2487,1.514
2.339196,0.6640,0.2904,0.9159,1.168
2.344602,0.5384,0.2525,0.5160,0.787
2.349287,0.4041,0.2869,0.1058,0.507
2.354327,0.2610,0.3505,-0.2051,0.483
2.359681,0.1519,0.3621,-0.4076,0.566
2.364184,0.0766,0.3360,-0.5306,0.633
2.370090,0.0207,0.3105,-0.5403,0.624
2.374726,-0.0301,0.2663,-0.5274,0.592
2.379098,-0.0713,0.2128,-0.4770,0.527
2.384152,-0.0836,0.1643,-0.4317,0.469
2.389109,-0.1102,0.1063,-0.3673,0.398
2.394160,-0.2089,0.0675,-0.3651,0.426
2.399315,-0.2793,-0.0191,-0.4106,0.497
2.404057,-0.4077,-0.0100,-0.4464,0.605
2.409161,-0.4940,-0.0391,-0.5446,0.736
2.414072,-0.5478,-0.0919,-0.5761,0.800
2.424162,-0.5551,-0.1255,-0.5411,0.785
2.424683,-0.5108,-0.1589,-0.4488,0.698
2.432707,-0.3623,-0.1636,-0.3280,0.515
2.433955,-0.2049,-0.1684,-0.2119,0.339
2.439001,-0.1005,-0.1830,-0.0953,0.229
2.444078,0.0132,-0.1691,0.0939,0.194
2.449060,0.1606,-0.1509,0.2363,0.323
2.453992,0.2172,-0.0613,0.2552,0.341
2.458987,0.1160,0.0184,0.2127,0.243
2.464007,0.1634,0.0500,0.1947,0.259
2.468871,0.2734,0.0050,0.0956,0.290
2.473901,0.2690,0.0127,-0.0180,0.270
2.478826,0.1405,0.0446,-0.0698,0.163
2.483772,0.1029,0.0527,-0.0936,0.149
2.488766,0.0846,-0.0060,-0.1325,0.157
2.493883,0.0427,-0.0451,-0.1962,0.206
2.498995,-0.0183,-0.0649,-0.2365,0.246
2.504220,-0.0985,-0.0749,-0.2008,0.236
2.508616,-0.1166,-0.1518,-0.1366,0.235
2.514039,-0.1016,-0.1808,-0.0722,0.220
2.518900,-0.1538,-0.2005,0.0120,0.253
2.524109,-0.1872,-0.2062,0.0735,0.288
2.532497,-0.2690,-0.1502,0.1316,0.335
2.533531,-0.3181,-0.2095,0.1627,0.414
2.538507,-0.3540,-0.2455,0.2005,0.475
2.543561,-0.3767,-0.1767,0.1971,0.460
2.548704,-0.4072,-0.1552,0.1129,0.450
2.553500,-0.3480,-0.1580,0.0070,0.382
2.558339,-0.2897,-0.1324,-0.1114,0.337
2.563461,-0.2466,-0.0977,-0.1904,0.327
2.568413,-0.1660,-0.0776,-0.2117,0.280
2.573496,-0.0813,-0.0384,-0.2760,0.290
2.578414,-0.0062,-0.0040,-0.3216,0.322
2.583406,0.0879,0.0398,-0.4009,0.412
2.588349,0.2106,0.0648,-0.4526,0.503
2.593426,0.2860,0.0473,-0.4297,0.518
2.598320,0.3005,0.0495,-0.4182,0.517
2.603554,0.3353,0.0617,-0.3469,0.486
2.608239,0.3380,0.0220,-0.2303,0.410
2.613311,0.2893,-0.0028,-0.0018,0.289
2.618672,0.1941,-0.0462,0.2192,0.296
2.623600,0.1424,-0.0749,0.4240,0.453
2.633021,0.1053,-0.0844,0.5749,0.591
2.633446,0.0730,-0.0986,0.6917,0.702
2.638152,0.0503,-0.1367,0.7844,0.798
2.643309,-0.0011,-0.1891,0.8823,0.902
2.648507,-0.0764,-0.2034,0.9381,0.963
2.653484,-0.1516,-0.1657,0.9520,0.978
2.657965,-0.2127,-0.1999,0.8910,0.938
2.663250,-0.3168,-0.2389,0.7985,0.892
2.668163,-0.3970,-0.2304,0.6364,0.785
2.673222,-0.4583,-0.2126,0.4573,0.681
2.678434,-0.4820,-0.1854,0.2275,0.564
2.683326,-0.4730,-0.1394,0.0135,0.493
2.687923,-0.4217,-0.0649,-0.1952,0.469
2.693074,-0.3236,-0.0239,-0.3470,0.475
2.698174,-0.2546,-0.0301,-0.4853,0.549
2.703433,-0.1240,0.0260,-0.5578,0.572
2.707945,-0.0177,0.1012,-0.5461,0.556
2.712959,-0.0017,0.0810,-0.5122,0.519
2.718207,0.0008,0.0614,-0.4275,0.432
2.723404,0.0083,0.0659,-0.3298,0.336
2.732159,-0.0506,0.0608,-0.1473,0.167
2.732885,-0.1566,0.0222,0.0486,0.165
2.737702,-0.2289,-0.0638,0.1870,0.302
2.742678,-0.3158,-0.1257,0.3165,0.464
2.747852,-0.3839,-0.1639,0.3896,0.571
2.753396,-0.4574,-0.1406,0.4548,0.660
2.757493,-0.4936,-0.1037,0.4312,0.664
2.762536,-0.4883,-0.1008,0.3238,0.594
2.767661,-0.4986,-0.0888,0.1711,0.535
2.772765,-0.4531,-0.1151,0.1158,0.482
2.778360,-0.3522,-0.0987,0.1048,0.380
2.782684,-0.3005,-0.0494,0.0614,0.311
2.788884,-0.2214,-0.0481,-0.0380,0.230
2.798013,-0.0817,-0.0421,-0.1221,0.153
2.803940,0.0758,-0.0265,-0.2534,0.266
2.804454,0.1611,0.0272,-0.3320,0.370
2.807406,0.2510,0.0806,-0.3772,0.460
2.812609,0.3265,0.0578,-0.3660,0.494
2.817663,0.4354,0.0878,-0.3463,0.563
2.822476,0.4730,0.1130,-0.2944,0.569
2.830992,0.5397,0.1049,-0.2053,0.587
2.832562,0.5927,0.1206,-0.1316,0.619
2.837792,0.6275,0.1364,-0.0731,0.646
2.842364,0.6584,0.1426,-0.0678,0.677
2.847303,0.6000,0.1014,-0.0059,0.608
2.853256,0.5334,0.0749,0.0025,0.539
2.857161,0.4824,0.0916,0.0246,0.492
2.862264,0.4183,0.0749,0.0793,0.432
2.867326,0.3796,-0.0029,-0.3674,0.528
2.872271,0.4950,-0.0836,-1.8612,1.928
2.877299,0.4439,0.0844,-1.2183,1.299
2.882206,0.2172,0.0990,0.3216,0.400
2.887202,0.1969,-0.1195,0.7619,0.796
2.892162,0.2915,-0.2558,0.6200,0.731
2.897054,0.2866,-0.2817,0.4559,0.608
2.902210,0.1589,-0.2694,0.4261,0.529
2.907088,0.0134,-0.1621,0.3820,0.415
2.912066,-0.0743,-0.0556,0.2619,0.278
2.917220,-0.0807,-0.0211,0.1992,0.216
2.922229,-0.0777,-0.0201,0.1700,0.188
2.927191,-0.0700,0.0047,0.2359,0.246
2.932076,-0.0574,0.0435,0.3730,0.380
2.936913,-0.0447,0.0961,0.3905,0.405
2.942150,-0.0508,0.1243,0.2754,0.306
2.947164,-0.1519,0.1239,0.0945,0.218
2.952051,-0.2286,0.1807,-0.2379,0.376
2.956839,-0.2144,0.2185,-0.5690,0.646
