0.002312,0.2215,0.0486,-0.3766,0.440
0.004700,0.1440,0.1343,-0.2954,0.355
0.009620,0.1339,0.1624,-0.2682,0.341
0.016002,0.1385,0.0956,-0.2375,0.291
0.019813,0.1245,0.0151,-0.2267,0.259
0.024898,0.1159,0.0019,-0.1787,0.213
0.029635,0.0935,0.0222,-0.1314,0.163
0.034824,0.0382,-0.0575,-0.0656,0.095
0.040648,-0.0215,-0.0510,0.0617,0.083
0.044621,-0.0142,-0.1112,0.1648,0.199
0.049610,-0.1025,-0.1711,0.2108,0.290
0.055169,-0.2809,-0.2542,0.0379,0.381
0.059378,-0.2538,-0.1753,0.1335,0.336
0.064567,-0.1417,-0.1495,0.3054,0.368
0.069416,0.1314,-0.1668,0.3484,0.408
0.074468,0.0607,-0.2079,0.4341,0.485
0.079341,0.1239,-0.1111,0.4580,0.487
0.084380,0.1249,-0.0152,0.4445,0.462
0.089391,0.0502,0.0607,0.4034,0.411
0.094495,0.0428,0.0407,0.3732,0.378
0.099808,0.0166,0.0539,0.3249,0.330
0.104372,-0.0382,0.0860,0.2728,0.289
0.109565,-0.1071,0.1083,0.1927,0.246
0.114349,-0.1902,0.1113,0.0899,0.238
0.119153,-0.2163,0.1334,-0.0075,0.254
0.124224,-0.1999,0.1126,-0.0521,0.235
0.129258,-0.1983,0.1063,-0.0537,0.231
0.134286,-0.1686,0.1429,-0.0698,0.232
0.139208,-0.1443,0.1651,-0.0625,0.228
0.145231,-0.1397,0.1301,-0.0647,0.202
0.149164,-0.0880,0.0954,-0.0385,0.135
0.154711,-0.0750,0.0373,-0.0319,0.090
0.159482,-0.0099,0.0178,-0.0301,0.036
0.164042,0.0640,-0.0063,-0.0095,0.065
0.169501,0.0851,-0.0159,0.0109,0.087
0.174208,0.0775,-0.0302,0.0217,0.086
0.179088,0.0700,-0.0255,0.0611,0.096
0.184151,0.0625,-0.0255,0.0860,0.109
0.189039,0.0932,-0.0209,0.1252,0.158
0.194602,0.0905,-0.0164,0.0885,0.128
0.198928,0.1023,0.0166,0.0379,0.110
0.204017,0.0905,0.0682,0.0307,0.117
0.208903,0.0982,0.0434,-0.0003,0.107
0.213955,0.0632,0.0330,-0.0309,0.078
0.219694,0.0715,0.0939,-0.0469,0.127
0.223878,0.0421,0.1164,-0.0868,0.151
0.228862,0.0084,0.1529,-0.1312,0.202
0.233936,-0.0058,0.1702,-0.1470,0.225
0.238927,0.0040,0.1351,-0.1487,0.201
0.248714,0.0141,0.1051,-0.1699,0.200
0.249061,-0.0092,0.1088,-0.1484,0.184
0.253833,-0.0178,0.1314,-0.1275,0.184
0.258956,0.0117,0.0922,-0.1213,0.153
0.263697,0.0077,0.0344,-0.1157,0.121
0.269355,0.0372,0.0104,-0.0770,0.086
0.273926,0.0190,-0.0372,-0.0200,0.046
0.279105,0.0769,-0.0700,0.0318,0.109
0.283710,0.1108,-0.1312,0.0928,0.195
0.288747,0.1353,-0.1396,0.1108,0.224
0.294274,0.1599,-0.1481,0.0956,0.238
0.298597,0.1563,-0.1612,0.0758,0.237
0.303603,0.1485,-0.1743,0.0184,0.230
0.308606,0.1269,-0.1541,-0.0148,0.200
0.313524,0.0342,-0.1720,-0.0288,0.178
0.319487,-0.0673,-0.1090,-0.0997,0.162
0.323622,-0.1159,-0.0703,-0.1796,0.225
0.328434,-0.1503,-0.0841,-0.2399,0.295
0.333532,-0.2037,-0.1547,-0.2713,0.373
0.338873,-0.2241,-0.1487,-0.2932,0.398
0.343442,-0.2735,-0.1474,-0.2913,0.426
0.349615,-0.2947,-0.1365,-0.2801,0.429
0.353384,-0.2501,-0.1494,-0.2453,0.381
0.358338,-0.2159,-0.1622,-0.1967,0.334
0.363366,-0.2014,-0.1796,-0.1673,0.317
0.368211,-0.1445,-0.1826,-0.1665,0.286
0.373444,-0.1262,-0.1761,-0.1895,0.288
0.378438,-0.1269,-0.1696,-0.1840,0.281
0.383294,-0.1038,-0.1584,-0.2596,0.321
0.388228,-0.1233,-0.1852,-0.2971,0.371
0.393252,-0.0853,-0.1261,-0.3489,0.381
0.398462,-0.1569,-0.0816,-0.3630,0.404
0.403191,-0.2422,-0.0470,-0.3680,0.443
0.408168,-0.2984,-0.0077,-0.3734,0.478
0.413349,-0.3071,0.0599,-0.3603,0.477
0.418370,-0.3304,0.0985,-0.3287,0.476
0.423204,-0.3588,0.1036,-0.2594,0.455
0.428155,-0.3543,0.1229,-0.2000,0.425
0.433144,-0.3551,0.1419,-0.1122,0.399
0.438485,-0.3898,0.1797,-0.0197,0.430
0.443021,-0.3538,0.2124,0.0441,0.415
0.448034,-0.3425,0.2208,0.1177,0.424
0.453002,-0.3275,0.2196,0.1868,0.436
0.457957,-0.3087,0.2467,0.2421,0.463
0.462996,-0.3290,0.3163,0.2881,0.540
0.468227,-0.3454,0.4232,0.3485,0.648
0.473112,-0.3107,0.5053,0.4329,0.734
0.478011,-0.2204,0.5060,0.4982,0.744
0.482972,-0.1174,0.5636,0.5827,0.819
0.487887,-0.0161,0.6538,0.6815,0.945
0.492851,0.0219,0.7147,0.7611,1.044
0.497977,0.0068,0.7656,0.8169,1.120
0.502941,0.1429,0.7494,0.9109,1.188
0.508075,0.3014,0.8188,0.9430,1.285
0.512795,0.4161,0.8636,1.0424,1.416
0.517685,0.4870,0.9173,1.2514,1.626
0.522861,0.5189,0.9941,1.4794,1.856
0.527982,0.6168,1.0175,1.6742,2.054
0.533073,0.7466,1.0498,1.9035,2.298
0.537693,0.8894,1.0620,2.1203,2.533
0.542692,1.0072,1.0970,2.3586,2.789
0.547706,1.1764,1.1165,2.5522,3.024
0.555998,1.3520,1.1555,2.6544,3.195
0.557518,1.5189,1.1554,2.6746,3.286
0.562559,1.7296,1.1542,2.6380,3.359
0.567515,1.8844,1.1186,2.5201,3.340
0.572781,1.9888,1.1015,2.4021,3.307
0.577732,1.9809,1.1027,2.2742,3.211
0.582901,2.1094,1.1273,2.1263,3.200
0.587520,2.0536,1.2041,1.9522,3.079
0.592460,1.9336,1.1894,1.7248,2.851
0.597514,1.7159,1.1173,1.4190,2.491
0.602786,1.5005,1.0693,1.2543,2.229
0.607583,1.3105,1.0216,1.1872,2.042
0.612509,1.1456,0.9695,1.1359,1.882
0.617300,0.9957,0.9611,1.0468,1.735
0.622755,0.8894,0.9193,1.0324,1.644
0.627706,0.9269,0.7920,1.0581,1.614
0.632583,1.0318,0.7418,1.0952,1.678
0.637334,1.1854,0.6873,1.1680,1.800
0.642442,1.4073,0.5853,1.1763,1.925
0.647541,1.5307,0.6321,1.1472,2.015
0.652681,1.6523,0.5548,0.8776,1.951
0.657068,1.8103,0.3969,0.5377,1.930
0.662268,1.8425,0.2447,0.2412,1.874
0.667316,1.7969,0.1748,-0.0370,1.806
0.672446,1.7307,0.1296,-0.3602,1.773
0.677511,1.6484,0.0757,-0.5726,1.747
0.682334,1.5360,0.0465,-0.8065,1.735
0.687151,1.4502,0.0514,-1.0111,1.769
0.692161,1.4964,0.0377,-1.1681,1.899
0.698105,1.6174,-0.0328,-1.4024,2.141
0.702608,1.7846,-0.1362,-1.5516,2.369
0.707075,1.8874,-0.2677,-1.6503,2.521
0.712013,1.9138,-0.3270,-1.6779,2.566
0.717062,1.9730,-0.3142,-1.5970,2.558
0.722470,2.0079,-0.3778,-1.5651,2.574
0.727605,2.0472,-0.4839,-1.6345,2.664
0.732025,2.1051,-0.6134,-1.8147,2.846
0.737122,2.1615,-0.8091,-1.9862,3.045
0.742051,2.2284,-0.9849,-2.1490,3.249
0.747268,2.3047,-1.1214,-2.2888,3.436
0.755868,2.3811,-1.3144,-2.5157,3.705
0.756994,2.3574,-1.6303,-2.7858,3.997
0.761763,2.1426,-2.0306,-2.9460,4.171
0.766816,1.7973,-2.3954,-3.0965,4.308
0.772137,1.3818,-2.6385,-3.1700,4.350
0.777488,0.9181,-2.8127,-3.1939,4.354
0.781834,0.4489,-3.0615,-3.1858,4.441
0.786795,-0.2758,-3.3271,-3.3171,4.706
0.791787,-1.2038,-3.6001,-3.5820,5.219
0.796796,-2.0606,-3.9429,-3.8501,5.884
0.802580,-2.9115,-4.3264,-4.1941,6.692
0.806740,-3.9413,-4.6842,-4.6608,7.694
0.811661,-5.0037,-4.9688,-5.2316,8.780
0.816602,-6.1579,-5.2910,-5.7734,9.962
0.821998,-7.2820,-5.5796,-6.3162,11.138
0.827467,-8.4079,-5.8117,-6.8036,12.278
0.831655,-9.3974,-6.0545,-7.0511,13.217
0.836589,-10.5174,-6.3140,-7.0203,14.134
0.841601,-11.6992,-6.4954,-6.7694,14.996
0.846691,-12.9366,-6.5711,-6.1545,15.761
0.851833,-14.0179,-6.6951,-5.2657,16.403
0.856611,-14.9696,-6.8486,-4.3391,17.024
0.861409,-15.6240,-7.1896,-3.5647,17.564
0.866506,-16.2130,-7.8322,-3.0378,18.260
0.871421,-16.8498,-8.5599,-2.4336,19.055
0.876216,-17.3256,-9.1563,-1.9958,19.698
0.881280,-17.5021,-10.0018,-1.7418,20.233
0.887062,-17.4942,-11.1643,-1.8085,20.832
0.891350,-17.3078,-12.4681,-2.0707,21.431
0.896391,-17.5334,-13.4731,-2.3856,22.240
0.901274,-17.0947,-14.4619,-2.8738,22.575
0.906531,-15.9568,-15.4865,-3.2932,22.479
0.912354,-14.2459,-16.3079,-3.7773,21.981
0.916293,-12.2679,-16.8801,-4.2540,21.296
0.921129,-9.7232,-17.1079,-4.6797,20.227
0.926565,-6.5971,-16.8187,-5.1244,18.779
0.931075,-2.6521,-15.8604,-5.9932,17.161
0.936941,2.1661,-14.5010,-7.7250,16.572
0.941270,7.3310,-12.6052,-10.1353,17.758
0.946086,12.7305,-9.9914,-12.6827,20.561
0.951049,18.5507,-7.0732,-14.6223,24.657
0.955975,24.3252,-4.0410,-15.9351,29.359
0.961126,29.6819,-1.2287,-16.6313,34.046
0.965876,34.8916,1.8774,-16.5772,38.675
0.971018,37.8558,4.9637,-16.0338,41.410
0.975931,38.7510,7.2236,-15.9184,42.511
0.980796,37.9326,9.0118,-14.3669,41.551
0.987310,39.2127,8.3828,-12.4837,41.997
0.990847,38.1264,7.8582,-11.0668,40.470
0.996233,34.9687,8.3726,-8.6554,36.984
1.001316,31.1122,8.7331,-6.0529,32.877
1.005783,27.8789,7.8740,-4.1588,29.266
1.010764,24.6773,6.5884,-3.1036,25.729
1.015832,21.5012,5.5152,-2.4609,22.333
1.020889,18.7078,4.5004,-1.9492,19.340
1.025851,16.1276,3.4275,-1.6568,16.571
1.030837,13.5949,2.4436,-1.5676,13.901
1.038992,11.2892,1.5690,-1.6571,11.518
1.040805,10.0484,-0.2568,-1.9106,10.232
1.045654,8.7975,-2.2920,-1.8731,9.282
1.050852,7.0704,-3.6162,-1.9074,8.167
1.056186,5.0600,-4.6154,-2.3897,7.254
1.064386,3.1265,-5.8093,-3.0215,7.256
1.065605,1.1802,-7.0990,-4.0344,8.250
1.070733,-1.0613,-8.2092,-5.7796,10.096
1.075680,-4.0584,-8.6544,-7.6824,12.263
1.080636,-6.5402,-8.9756,-9.0850,14.348
1.085709,-8.5551,-9.5177,-10.1031,16.305
1.090666,-10.5140,-10.0138,-10.4524,17.891
1.095496,-12.4980,-10.2694,-9.7977,18.912
1.100492,-14.6592,-10.1062,-8.4215,19.696
1.105678,-17.2675,-9.6377,-7.0597,20.997
1.113687,-19.7502,-9.3315,-5.7925,22.599
1.115476,-21.2949,-9.2146,-4.5486,23.645
1.123459,-22.5577,-9.0983,-3.3464,24.553
1.125533,-23.9542,-9.1238,-2.1554,25.723
1.130658,-25.1030,-9.3354,-1.0327,26.803
1.135658,-26.2890,-9.7425,-0.3485,28.038
1.140447,-27.5958,-10.6406,-0.0321,29.576
1.145501,-28.3822,-11.8734,-0.1132,30.766
1.150780,-28.4251,-13.2785,-0.8514,31.385
1.155832,-27.3844,-15.1374,-2.1120,31.361
1.160453,-26.6823,-16.5782,-3.3800,31.594
1.165203,-25.4893,-17.8679,-4.6134,31.468
1.170587,-23.0781,-19.4836,-6.0290,30.799
1.175195,-20.4142,-20.5686,-7.5440,29.945
1.180686,-17.3673,-21.0295,-9.1248,28.760
1.187392,-14.2284,-21.0685,-10.4855,27.501
1.190332,-10.9460,-20.8974,-11.6804,26.324
1.195813,-7.5064,-20.2714,-12.7315,25.087
1.200424,-3.8936,-19.0327,-13.6851,23.763
1.207448,0.0113,-17.3653,-14.6991,22.751
1.214632,4.6204,-15.1880,-15.8473,22.431
1.215054,9.8854,-12.4315,-17.3101,23.493
1.220135,14.9383,-9.0118,-18.8519,25.686
1.225148,21.0326,-6.1958,-19.6460,29.440
1.230169,27.3484,-3.8525,-20.1922,34.213
1.238716,30.0793,0.1276,-20.0744,36.163
1.240691,34.4993,2.3154,-18.9518,39.430
1.245655,37.9848,3.1977,-18.8316,42.517
1.250526,38.6182,4.0483,-17.9174,42.764
1.255374,36.8743,5.0107,-15.7178,40.396
1.260251,33.4865,5.8272,-12.4419,36.195
1.264916,29.9634,6.1645,-8.9616,31.877
1.270747,26.8984,5.6217,-6.1568,28.161
1.275033,23.7367,4.6173,-3.9267,24.498
1.279983,20.2519,3.7621,-1.8227,20.679
1.285358,16.8901,3.3330,0.0284,17.216
1.289963,13.7698,3.0287,1.4856,14.177
1.295593,10.9654,2.6954,2.5027,11.566
1.300591,8.5848,2.4168,3.1035,9.443
1.304823,6.6904,2.0289,3.2359,7.704
1.310202,5.1536,1.5616,3.0877,6.207
1.314922,3.8653,1.0412,2.7339,4.848
1.319803,2.6612,0.4920,2.2896,3.545
1.324949,1.5967,0.0002,1.8597,2.451
1.330057,0.6939,-0.5586,1.3863,1.648
1.334742,-0.0660,-1.1346,0.9279,1.467
1.339727,-0.6996,-1.7450,0.5568,1.961
1.347188,-1.1451,-2.4497,0.1924,2.711
1.349736,-1.5583,-3.1387,-0.2055,3.510
1.355455,-2.0806,-3.8308,-0.6630,4.409
1.360188,-2.6000,-4.3443,-1.0859,5.178
1.364423,-3.1020,-4.6978,-1.3540,5.790
1.369526,-3.6841,-4.7790,-1.4317,6.202
1.374619,-4.1298,-4.7456,-1.4414,6.454
1.379495,-4.4116,-4.6368,-1.3727,6.546
1.384686,-4.4726,-4.4820,-1.2628,6.457
1.390085,-4.3319,-4.3015,-1.0868,6.201
1.394490,-4.1348,-4.1198,-0.9197,5.909
1.399477,-3.9538,-3.9381,-0.7955,5.637
1.404407,-3.7948,-3.7761,-0.6553,5.393
1.409364,-3.6098,-3.6533,-0.4319,5.154
1.414371,-3.4801,-3.4795,-0.3889,4.936
1.419921,-3.4676,-3.2264,-0.7087,4.789
1.424340,-3.4687,-2.9471,-1.1198,4.687
1.429343,-3.3947,-2.6470,-1.4571,4.545
1.434367,-3.2180,-2.4555,-1.7371,4.405
1.439308,-3.0053,-2.3345,-2.0715,4.333
1.446586,-2.8042,-2.2029,-2.3758,4.285
1.449325,-2.4895,-2.1421,-2.6174,4.200
1.454537,-2.2153,-2.1476,-2.7118,4.108
1.459016,-1.9314,-2.1236,-2.7364,3.966
1.464100,-1.7532,-2.0944,-2.6011,3.772
1.469117,-1.6560,-2.0122,-2.4642,3.587
1.474377,-1.6012,-1.8915,-2.2488,3.346
1.479980,-1.5071,-1.7420,-1.9546,3.021
1.484032,-1.4316,-1.5735,-1.6913,2.718
1.489070,-1.3348,-1.4624,-1.4446,2.451
1.493958,-1.1549,-1.4230,-1.0850,2.130
1.499107,-0.9725,-1.3596,-0.7222,1.821
1.504040,-0.7920,-1.2531,-0.3891,1.533
1.509005,-0.5941,-1.1991,-0.1521,1.347
1.513970,-0.4264,-1.1450,0.1237,1.228
1.519005,-0.2442,-1.0714,0.3759,1.161
1.523961,-0.0763,-0.9929,0.6244,1.175
1.528982,0.0394,-0.8806,0.7740,1.173
1.533783,0.0027,-0.8446,0.8445,1.194
1.539605,0.0625,-0.8178,0.8835,1.205
1.546559,0.0695,-0.7715,0.8143,1.124
1.548944,0.0441,-0.7105,0.7228,1.014
1.556377,0.0432,-0.6779,0.5847,0.896
1.558824,-0.0002,-0.6785,0.4621,0.821
1.563673,-0.0577,-0.7073,0.3358,0.785
1.568722,-0.1674,-0.7596,0.1722,0.797
1.573836,-0.2491,-0.7972,0.0858,0.840
1.578826,-0.3974,-0.8439,-0.0481,0.934
1.583563,-0.6082,-0.8569,-0.1912,1.068
1.588604,-0.7716,-0.9318,-0.3199,1.251
1.593693,-0.8497,-0.9585,-0.3958,1.341
1.599251,-0.9576,-0.9995,-0.4716,1.462
1.603740,-1.0145,-1.0692,-0.5616,1.577
1.608661,-1.0291,-1.0907,-0.5987,1.615
1.613544,-1.0784,-1.1266,-0.6449,1.688
1.618895,-1.0908,-1.1863,-0.7149,1.763
1.623496,-1.1236,-1.3033,-0.8086,1.901
1.628449,-1.0284,-1.4489,-0.9307,2.006
1.633336,-0.9590,-1.5513,-1.0623,2.111
1.638557,-0.9622,-1.6248,-1.2749,2.278
1.646200,-1.0145,-1.7126,-1.5495,2.523
1.648586,-1.1591,-1.8147,-1.7956,2.804
1.654596,-1.3337,-1.9074,-2.0042,3.071
1.658835,-1.5383,-1.9427,-2.2141,3.323
1.663446,-1.8071,-2.0119,-2.3825,3.604
1.669731,-2.1013,-2.1532,-2.6295,3.996
1.678805,-2.4410,-2.2757,-2.9315,4.442
1.684742,-2.8359,-2.4515,-3.2364,4.952
1.685359,-3.3681,-2.6566,-3.4588,5.511
1.688262,-4.0673,-2.8389,-3.6569,6.162
1.693960,-4.7912,-2.9654,-3.7981,6.795
1.698293,-5.5079,-3.0843,-3.9357,7.439
1.703268,-6.2763,-3.2965,-3.9785,8.129
1.708312,-7.3720,-3.5597,-3.9424,9.086
1.713267,-8.7501,-3.8409,-3.7651,10.271
1.719175,-10.2658,-4.1364,-3.5659,11.628
1.723333,-11.8853,-4.4706,-3.2583,13.110
1.728172,-13.1867,-4.9061,-2.8987,14.365
1.733067,-14.3211,-5.4615,-2.4547,15.522
1.738403,-15.3098,-6.1273,-1.6460,16.572
1.746997,-16.2608,-7.0123,-0.5139,17.716
1.748253,-17.2397,-8.1241,0.6285,19.068
1.756497,-17.8125,-9.4982,1.6749,20.256
1.758013,-16.8529,-11.7426,2.1602,20.654
1.762869,-18.3168,-11.9865,3.5069,22.169
1.770402,-19.0301,-12.3528,4.2321,23.079
1.772971,-18.3268,-13.7763,3.9058,23.258
1.778908,-16.0161,-16.4579,2.9338,23.151
1.782894,-12.9138,-18.6001,0.6956,22.654
1.788178,-10.5991,-18.9983,-2.7798,21.932
1.796631,-8.7327,-18.3339,-6.9505,21.464
1.798002,-6.1513,-17.4398,-11.3526,21.699
1.804182,-2.2466,-16.0222,-15.4083,22.342
1.807869,3.3669,-13.8628,-18.5808,23.426
1.812850,10.2505,-10.8424,-20.7996,25.598
1.817971,17.4962,-7.2457,-21.7593,28.846
1.822821,25.1225,-4.2818,-21.7509,33.505
1.827721,31.5583,-1.6291,-20.8813,37.876
1.832700,36.1842,1.0892,-18.9916,40.880
1.837931,38.4277,3.6489,-16.6770,42.049
1.842692,38.0773,5.4485,-14.2791,41.030
1.847746,35.7597,6.2881,-12.0504,38.256
1.855224,32.4832,6.3398,-10.0304,34.583
1.857564,29.1810,5.9367,-8.0922,30.859
1.862753,26.0784,5.2309,-6.4061,27.358
1.867546,22.3901,4.5981,-5.1053,23.421
1.872661,18.2161,4.2503,-4.1563,19.162
1.878195,14.3256,4.1346,-3.4305,15.300
1.882555,11.1356,3.9352,-2.6699,12.108
1.887568,8.4824,3.5756,-1.8551,9.390
1.892661,6.2279,3.1307,-0.9467,7.035
1.898024,4.1353,2.6400,-0.1327,4.908
1.902716,1.7758,2.3678,0.7815,3.061
1.907518,-0.8262,2.2533,1.7169,2.951
1.912267,-3.1513,2.0451,2.3646,4.439
1.917379,-4.9951,1.6654,2.6117,5.878
1.922542,-6.3926,1.1821,2.4896,6.961
1.927347,-7.2517,0.5950,2.1528,7.588
1.932380,-7.6609,-0.0731,1.7021,7.848
1.937417,-7.5930,-0.7800,1.2344,7.732
1.942314,-7.1126,-1.4833,0.7265,7.302
1.947410,-6.5770,-2.2042,0.2604,6.941
1.956428,-6.1939,-2.7851,-0.1194,6.792
1.957219,-5.8104,-3.1648,-0.2811,6.622
1.962200,-5.2252,-3.3969,-0.2783,6.238
1.967190,-4.5281,-3.4871,-0.1781,5.718
1.972373,-3.7605,-3.4743,-0.0709,5.120
1.977259,-3.0245,-3.5080,0.0387,4.632
1.982248,-2.2805,-3.4258,0.0267,4.116
1.987236,-1.7278,-3.3766,-0.0827,3.794
1.992071,-1.3124,-3.2504,-0.3087,3.519
1.997203,-1.0526,-3.0718,-0.6280,3.307
2.002159,-0.8764,-2.9461,-0.9835,3.227
2.007096,-0.7832,-2.7825,-1.3476,3.189
2.012025,-0.7781,-2.5573,-1.7497,3.195
2.017002,-0.7748,-2.3137,-2.0852,3.210
2.021932,-0.7065,-2.1140,-2.3840,3.264
2.027370,-0.6066,-1.8434,-2.5649,3.216
2.031948,-0.5564,-1.5974,-2.6997,3.186
2.036947,-0.4930,-1.3189,-2.7174,3.061
2.041898,-0.3490,-1.0841,-2.5551,2.797
2.047026,-0.2055,-0.8930,-2.3844,2.554
2.052974,-0.0571,-0.7740,-2.1710,2.306
2.056718,0.0536,-0.6504,-1.8855,1.995
2.061727,0.1030,-0.5890,-1.5598,1.670
2.066887,0.1396,-0.5131,-1.2182,1.329
2.071952,0.1010,-0.4751,-0.9123,1.034
2.076993,-0.0318,-0.4033,-0.6221,0.742
2.081933,-0.1965,-0.2927,-0.3902,0.526
2.086911,-0.2836,-0.2343,-0.3075,0.479
2.091736,-0.3750,-0.2373,-0.3158,0.545
2.096887,-0.4032,-0.2062,-0.3456,0.570
2.102102,-0.3734,-0.2366,-0.3678,0.575
2.106836,-0.2758,-0.2805,-0.4354,0.587
2.111570,-0.1768,-0.3284,-0.5533,0.667
2.116625,-0.0379,-0.3563,-0.5922,0.692
2.121772,0.1124,-0.3498,-0.5367,0.650
2.127129,0.1653,-0.3568,-0.5322,0.662
2.131483,0.2309,-0.3630,-0.4815,0.646
2.137022,0.3432,-0.3444,-0.3983,0.629
2.141995,0.3734,-0.3728,-0.3537,0.635
2.146559,0.3456,-0.3715,-0.3087,0.594
2.156024,0.3020,-0.3598,-0.2089,0.514
2.156460,0.2435,-0.3854,-0.0940,0.465
2.161389,0.2457,-0.5058,0.0041,0.562
2.166299,0.1883,-0.6059,0.0622,0.638
2.171384,0.0470,-0.6669,0.1334,0.682
2.176713,-0.2076,-0.7222,0.1845,0.774
2.181232,-0.4958,-0.7720,0.2119,0.942
2.186582,-0.6639,-0.7635,0.1993,1.031
2.191189,-0.8333,-0.7736,0.2434,1.163
2.196534,-1.0143,-0.7831,0.2773,1.311
2.201714,-1.1165,-0.7922,0.2911,1.400
2.206273,-1.2025,-0.7340,0.2705,1.435
2.211081,-1.2156,-0.6661,0.2251,1.404
2.216115,-1.1116,-0.6698,0.1825,1.311
2.221104,-1.0200,-0.5968,0.0948,1.186
2.226782,-0.9742,-0.5238,0.0334,1.107
2.231047,-0.9119,-0.4794,0.0267,1.031
2.236177,-0.7995,-0.4732,0.0026,0.929
2.241260,-0.7905,-0.5245,0.0380,0.949
2.246256,-0.7549,-0.5517,0.1179,0.942
2.251142,-0.6980,-0.5694,0.2045,0.924
2.256036,-0.6728,-0.5970,0.2551,0.935
2.261131,-0.7222,-0.5722,0.2983,0.968
2.266104,-0.6931,-0.6003,0.2862,0.961
2.270911,-0.6816,-0.6433,0.2284,0.965
2.276720,-0.6731,-0.6816,0.2010,0.979
2.280977,-0.6485,-0.7251,0.2280,0.999
2.285952,-0.6083,-0.7067,0.2712,0.971
2.290771,-0.5857,-0.6794,0.3687,0.970
2.295949,-0.5666,-0.6526,0.4587,0.978
2.300806,-0.5650,-0.6410,0.5559,1.019
2.305974,-0.5328,-0.5965,0.6407,1.025
2.310725,-0.4126,-0.5097,0.7276,0.980
2.315784,-0.2808,-0.3997,0.8213,0.956
2.320979,-0.1604,-0.3480,0.8550,0.937
2.325771,-0.0320,-0.3496,0.8239,0.896
2.330653,0.0378,-0.3136,0.8286,0.887
2.335850,0.1451,-0.2542,0.8064,0.858
2.340629,0.2138,-0.2097,0.7284,0.788
2.346442,0.2828,-0.1607,0.6228,0.703
2.350845,0.2947,-0.1646,0.4797,0.587
2.356476,0.3214,-0.1589,0.3417,0.495
2.360585,0.2482,-0.1196,0.2660,0.383
2.365659,0.2235,-0.0803,0.1994,0.310
2.370696,0.1945,-0.0791,0.1323,0.248
2.375711,0.1851,-0.0680,0.1315,0.237
2.381136,0.2000,-0.0329,0.1349,0.243
2.385662,0.2012,0.0166,0.1523,0.253
2.390571,0.1933,0.0327,0.2366,0.307
2.395757,0.1715,0.1205,0.2873,0.356
2.400515,0.1837,0.1315,0.3287,0.399
2.405559,0.2059,0.1472,0.2845,0.381
2.410468,0.1284,0.1962,0.2409,0.336
2.415469,0.0176,0.2259,0.2026,0.304
2.420457,-0.0788,0.2697,0.1648,0.326
2.425680,-0.1946,0.2943,0.1513,0.384
2.430672,-0.2390,0.3188,0.1380,0.422
2.435534,-0.2745,0.3098,0.1008,0.426
2.440790,-0.2816,0.2959,0.0445,0.411
2.446044,-0.2652,0.3204,-0.0214,0.416
2.450574,-0.1723,0.2923,-0.0589,0.344
2.456071,-0.0891,0.2452,-0.0297,0.263
2.460245,-0.0151,0.2126,-0.0295,0.215
2.465247,0.0258,0.2472,0.0277,0.250
2.470370,0.1009,0.2771,0.0462,0.298
2.475323,0.2154,0.2545,0.0355,0.335
2.480289,0.2925,0.1842,0.0629,0.351
2.485377,0.3038,0.1188,0.1668,0.366
2.490324,0.3066,0.0725,0.2470,0.400
2.495330,0.2722,0.0166,0.2895,0.398
2.500671,0.2433,-0.0443,0.4766,0.537
2.505414,0.1862,-0.0625,0.5644,0.598
2.510412,0.1245,-0.0619,0.6058,0.622
2.515372,0.0386,-0.1241,0.5625,0.577
2.520336,-0.1148,-0.0861,0.5208,0.540
2.525122,-0.3697,-0.0725,0.4566,0.592
2.530256,-0.4919,-0.1455,0.4175,0.661
2.535239,-0.5006,-0.1278,0.2982,0.597
2.540058,-0.4486,-0.1534,0.1844,0.509
2.545148,-0.3830,-0.1025,0.0089,0.397
2.550232,-0.3515,-0.0900,-0.1808,0.405
2.555766,-0.3253,-0.0583,-0.2846,0.436
2.563731,-0.2659,-0.0311,-0.3845,0.469
2.564879,-0.2017,0.0443,-0.4325,0.479
2.570120,-0.0944,0.0815,-0.4815,0.497
2.574929,-0.0395,0.1190,-0.5506,0.565
2.579941,0.0015,0.1425,-0.6400,0.656
2.585071,0.0573,0.0754,-0.6636,0.670
2.589902,0.1093,-0.0104,-0.6594,0.668
2.594939,0.0903,-0.0289,-0.6176,0.625
2.600213,0.0912,-0.0281,-0.4951,0.504
2.605085,0.0924,-0.0415,-0.3633,0.377
2.610194,0.0649,-0.0837,-0.2270,0.250
2.614817,0.0089,-0.1546,-0.1288,0.201
2.620433,-0.0469,-0.2303,-0.0637,0.243
2.624739,-0.0884,-0.2917,0.0211,0.306
2.629717,-0.1826,-0.2910,0.1254,0.366
2.635236,-0.1815,-0.2284,0.1920,0.349
2.639767,-0.2143,-0.1708,0.1204,0.299
2.645354,-0.2269,-0.1553,0.0631,0.282
2.650064,-0.2256,-0.1020,-0.0364,0.250
2.655642,-0.2772,-0.1061,-0.1209,0.320
2.662343,-0.2669,-0.0769,-0.1336,0.308
2.664684,-0.2619,-0.0384,-0.0752,0.275
2.669581,-0.2478,-0.0239,-0.1175,0.275
2.674704,-0.1962,-0.0045,-0.1553,0.250
2.680072,-0.1546,0.0053,-0.1508,0.216
2.685034,-0.0846,0.0201,-0.1801,0.200
2.689590,-0.0388,-0.0316,-0.1293,0.139
2.694533,-0.0884,-0.0969,0.0109,0.132
2.699364,-0.0995,-0.1047,0.1403,0.201
2.704568,-0.1249,-0.0982,0.2356,0.284
2.710479,-0.1790,-0.0967,0.3924,0.442
2.714630,-0.2425,-0.1476,0.4299,0.515
2.719435,-0.2680,-0.1747,0.5012,0.595
2.724459,-0.2512,-0.1828,0.5158,0.602
2.729440,-0.2635,-0.2197,0.4979,0.605
2.735147,-0.2857,-0.2090,0.4620,0.582
2.739822,-0.3416,-0.1986,0.4274,0.582
2.744176,-0.2932,-0.1649,0.3414,0.479
2.749135,-0.2885,-0.1410,0.2281,0.394
2.754899,-0.2560,-0.0889,0.1398,0.305
2.764302,-0.1386,-0.0516,0.0523,0.157
2.764630,-0.0791,-0.0382,-0.0062,0.088
2.769134,-0.0438,-0.0581,-0.0694,0.101
2.774165,0.0389,-0.0206,-0.1136,0.122
2.779301,0.0547,0.0405,-0.1200,0.138
2.784224,0.0754,0.0633,-0.1080,0.146
2.789123,0.1390,0.1194,-0.1063,0.212
2.794354,0.1743,0.1373,-0.1054,0.246
2.799748,0.2339,0.1030,-0.1340,0.289
2.804135,0.2177,0.0597,-0.1345,0.263
2.808975,0.1834,0.0456,-0.1166,0.222
2.814142,0.1783,0.0175,-0.0949,0.203
2.819102,0.1356,0.0183,-0.0406,0.143
2.824193,0.0695,0.0334,0.0180,0.079
2.829575,0.0229,-0.0231,0.1192,0.124
2.834291,-0.0187,-0.0507,0.1679,0.176
2.839112,-0.0558,-0.0735,0.1979,0.218
2.845997,-0.1030,-0.1440,0.2334,0.293
2.849052,-0.1364,-0.1145,0.2745,0.327
2.854613,-0.1802,-0.0999,0.2594,0.331
2.859771,-0.1962,-0.0857,0.2123,0.302
2.863783,-0.1416,-0.0908,0.1189,0.206
2.868820,-0.0783,-0.0629,0.0221,0.103
2.873968,-0.0541,-0.0875,-0.0118,0.104
2.878773,-0.0065,-0.0406,-0.0978,0.106
2.883720,0.0832,-0.0035,-0.1691,0.188
2.888772,0.1772,-0.0046,-0.2117,0.276
2.893848,0.2425,0.0372,-0.2354,0.340
2.898641,0.3606,0.0315,-0.2503,0.440
2.903661,0.4026,-0.0025,-0.2563,0.477
2.908582,0.3932,-0.0027,-0.2298,0.455
2.913623,0.4325,0.0164,-0.2138,0.483
2.919059,0.4393,0.0117,-0.1606,0.468
2.923545,0.4376,0.0120,-0.0847,0.446
2.929046,0.3988,-0.0257,-0.0237,0.400
2.933558,0.3135,-0.0488,0.0320,0.319
2.938891,0.2530,-0.0718,0.0875,0.277
2.946036,0.1503,-0.0852,0.1669,0.240
2.948669,0.0481,-0.0893,0.2511,0.271
2.956517,-0.0253,-0.1173,0.2736,0.299
2.958435,-0.1225,-0.1215,0.2680,0.319
2.963424,-0.1578,-0.0878,0.2771,0.331
2.968395,-0.1556,-0.0973,0.2773,0.333
2.973452,-0.1635,-0.0878,0.2969,0.350
2.978607,-0.1907,-0.0975,0.2454,0.326
2.983375,-0.1564,-0.0787,0.2422,0.299
2.988359,-0.1372,-0.0459,0.2485,0.288
2.993420,-0.0851,-0.0323,0.2550,0.271
2.998300,-0.0478,-0.0142,0.2425,0.248
3.003482,0.0177,0.0276,0.1971,0.200
3.008309,0.0687,0.0785,0.1377,0.173
3.013358,0.1008,0.0625,0.0453,0.127
3.018480,0.1329,0.0420,-0.0136,0.140
3.023440,0.1415,0.0552,-0.0820,0.173
3.028191,0.1794,0.0779,-0.1506,0.247
3.033170,0.1797,0.0817,-0.1956,0.278
3.038629,0.1759,0.0618,-0.1694,0.252
3.046851,0.1678,0.0469,-0.1295,0.217
3.048153,0.1461,-0.0201,-0.0852,0.170
3.055688,0.1296,-0.0486,-0.0791,0.159
3.058078,0.0946,-0.0342,-0.0538,0.114
3.063127,0.0788,-0.0533,-0.0331,0.101
3.068514,0.0151,-0.0677,0.0452,0.083
3.073196,-0.0341,-0.1011,0.0618,0.123
3.077962,-0.0883,-0.1298,0.0695,0.172
3.083149,-0.0950,-0.1013,0.0636,0.153
3.088133,-0.1022,-0.1113,0.0487,0.159
3.093414,-0.1099,-0.0880,0.0677,0.156
3.097959,-0.1419,-0.0461,0.0204,0.151
3.103136,-0.1123,0.0146,0.0448,0.122
3.112680,-0.0548,0.0319,0.0691,0.094
3.119353,0.0306,0.0206,0.0600,0.070
3.119753,0.0632,-0.0144,0.0461,0.080
3.122867,0.0912,-0.0204,0.0319,0.099
3.127747,0.1005,0.0641,0.0173,0.120
3.132858,0.1056,0.0481,-0.0260,0.119
3.137962,0.1589,0.0847,-0.0601,0.190
3.146288,0.1554,0.0975,-0.0661,0.195
3.147812,0.1336,0.0865,-0.0345,0.163
3.156182,0.0790,0.1089,-0.0225,0.136
3.157506,0.0395,0.1027,-0.0203,0.112
3.162586,-0.0331,0.0633,-0.0182,0.074
3.167994,-0.0624,0.0812,-0.0065,0.103
3.172646,-0.0920,0.0799,0.0150,0.123
3.177521,-0.1550,0.0072,-0.0108,0.156
3.182732,-0.1229,-0.0174,-0.0169,0.125
3.187668,-0.1056,0.0054,0.0251,0.109
3.193392,-0.0745,0.0375,0.0149,0.085
3.197514,-0.0629,0.0312,0.0197,0.073
3.202555,-0.0705,0.0628,0.0533,0.108
3.207483,0.0072,0.0988,0.0489,0.110
3.212585,0.0367,0.1061,0.0444,0.121
3.218466,0.0377,0.1181,0.0018,0.124
3.222642,0.0342,0.0825,-0.0549,0.105
3.227346,0.0121,0.0713,-0.1550,0.171
3.233931,0.0344,-0.0004,-1.6174,1.618
3.245640,0.1479,0.0154,-2.1703,2.175
3.249052,-0.0108,0.1456,-0.5922,0.610
3.249313,-0.0639,0.1416,0.4225,0.450
3.254069,0.0117,-0.0530,0.5182,0.521
3.257177,0.0110,-0.2034,0.3433,0.399
3.262269,0.0060,-0.2957,0.2275,0.373
3.267173,-0.0084,-0.2213,0.3798,0.440
3.272400,-0.0420,-0.0814,0.7131,0.719
3.277079,-0.0474,0.0662,0.8130,0.817
3.282174,0.0277,0.1266,0.6525,0.665
3.287115,0.0783,0.0674,0.5042,0.515
3.292174,0.0523,0.0511,0.4675,0.473
3.297288,-0.0451,0.0775,0.4128,0.422
3.302284,-0.1184,0.1417,0.1639,0.247
3.307108,-0.0868,0.2341,-0.2503,0.354
3.312331,0.0019,0.2646,-0.6108,0.666
3.317127,0.1190,0.2765,-0.8376,0.890
