0.002360,-0.1170,0.1931,0.0778,0.239
0.002599,-0.1862,0.2216,-0.0063,0.290
0.006720,-0.2996,0.2165,-0.0284,0.371
0.012261,-0.3809,0.2113,0.0498,0.438
0.016556,-0.4876,0.2299,0.1323,0.555
0.023292,-0.6107,0.2484,0.2717,0.713
0.027568,-0.6927,0.2235,0.4062,0.834
0.032243,-0.7771,0.2126,0.5645,0.984
0.036507,-0.8355,0.2682,0.7227,1.137
0.041352,-0.9160,0.3809,0.7418,1.239
0.046519,-0.9516,0.4308,0.7612,1.292
0.051441,-0.9369,0.4370,0.8002,1.307
0.056708,-0.9677,0.4907,0.8157,1.357
0.061421,-0.9434,0.4913,0.8076,1.335
0.066536,-0.8110,0.4246,0.7856,1.206
0.072175,-0.6658,0.3865,0.7449,1.071
0.076402,-0.4688,0.3291,0.6617,0.875
0.081487,-0.2293,0.2334,0.5505,0.640
0.086550,0.0148,0.1712,0.4449,0.477
0.091401,0.2735,0.1569,0.2635,0.411
0.096621,0.3702,0.0565,0.1547,0.405
0.101273,0.4346,-0.0008,0.0469,0.437
0.106690,0.5098,-0.0677,-0.0409,0.516
0.111718,0.5575,-0.1585,-0.1326,0.595
0.116327,0.7311,-0.2252,-0.2954,0.820
0.121408,0.8059,-0.2103,-0.4530,0.948
0.128218,0.8106,-0.2576,-0.5095,0.991
0.131796,0.8607,-0.2854,-0.6903,1.140
0.136742,0.8892,-0.2842,-0.8663,1.274
0.141306,0.9056,-0.2826,-0.9418,1.337
0.146641,0.9575,-0.2804,-1.0086,1.419
0.151112,0.9300,-0.3302,-1.1100,1.485
0.156246,0.8758,-0.3984,-1.0687,1.438
0.165698,0.8234,-0.4229,-0.9472,1.324
0.166282,0.7676,-0.4611,-0.7648,1.178
0.171119,0.7319,-0.4845,-0.5929,1.059
0.176145,0.6728,-0.5268,-0.4887,0.984
0.180940,0.6093,-0.4923,-0.3516,0.859
0.186177,0.5508,-0.4433,-0.2818,0.761
0.191655,0.5162,-0.4039,-0.2220,0.692
0.196012,0.4526,-0.3787,-0.2008,0.623
0.201107,0.4317,-0.3631,-0.1894,0.595
0.206324,0.4587,-0.3809,-0.2259,0.638
0.211638,0.4239,-0.3652,-0.2957,0.633
0.216052,0.4188,-0.3832,-0.3890,0.688
0.221168,0.4197,-0.4252,-0.4242,0.733
0.226266,0.3791,-0.4387,-0.5256,0.783
0.230997,0.3262,-0.4188,-0.6456,0.836
0.235997,0.2708,-0.4086,-0.7649,0.909
0.243397,-0.0258,-0.3747,-0.8450,0.925
0.246244,-0.7687,-0.2979,-0.8765,1.203
0.251466,-1.5463,-0.2264,-0.7538,1.735
0.256486,-1.0166,-0.2368,-0.4577,1.140
0.261375,-0.4078,-0.2622,-0.3088,0.575
0.266307,-0.5475,-0.1639,-0.4699,0.740
0.271143,-0.6727,-0.0181,-0.5677,0.880
0.276241,-0.7290,0.0602,-0.5689,0.927
0.280917,-0.7642,0.0760,-0.4304,0.880
0.286007,-0.5262,0.0482,-0.1715,0.556
0.290932,-0.3178,-0.0468,-0.0701,0.329
0.299151,-0.3018,-0.1468,-0.1977,0.389
0.300664,-0.4633,-0.1989,-0.3536,0.616
0.306225,-0.5195,-0.1457,-0.4521,0.704
0.311084,-0.5474,-0.1449,-0.5654,0.800
0.315653,-0.6521,-0.1723,-0.6844,0.961
0.320510,-0.7141,-0.2519,-0.8475,1.137
0.325555,-0.6861,-0.8141,-0.8540,1.365
0.330931,-0.8157,-0.5999,-0.8570,1.327
0.336278,-0.8111,-0.3281,-0.6599,1.096
0.340539,-0.6782,-0.2193,-0.3723,0.804
0.345429,-0.5321,-0.0966,-0.2855,0.612
0.350337,-0.6613,-0.2327,-0.2606,0.748
0.355960,-1.1047,-0.6845,-0.4611,1.379
0.361466,-0.7099,-0.1303,-0.2271,0.757
0.365545,-0.1433,0.1755,0.3674,0.432
0.371043,0.6048,0.1380,0.6750,0.917
0.381151,1.0838,-0.1131,0.1608,1.101
0.382252,1.2386,-0.3197,-0.5174,1.380
0.387080,1.1843,-0.4443,-0.9173,1.563
0.390748,0.9968,-0.5783,-0.9283,1.480
0.395323,0.8757,-0.6311,-0.3872,1.147
0.400241,0.5617,-0.4405,-0.0361,0.715
0.406229,0.3356,-0.0018,-0.2149,0.399
0.411170,0.2975,0.1679,-0.2006,0.396
0.415520,0.4154,0.3271,-0.0689,0.533
0.420335,0.1809,0.3706,0.0888,0.422
0.425247,0.2873,0.4812,-0.0646,0.564
0.431252,0.4276,0.4256,-0.5749,0.833
0.435334,-0.0757,-0.2365,-2.5343,2.546
0.440404,-0.3443,0.4512,-2.5169,2.580
0.447130,-0.0523,-0.3145,-1.8974,1.924
0.450137,0.2478,-0.2934,-1.3432,1.397
0.455226,0.5950,1.0723,-0.1867,1.240
0.460951,0.5869,0.5667,-0.3883,0.904
0.465132,0.4871,1.1821,-0.0742,1.281
0.470109,0.4710,1.1941,0.5592,1.400
0.474973,0.2304,0.7132,0.8420,1.127
0.480039,-0.0446,0.2608,1.3407,1.367
0.485016,-0.1926,0.0272,1.9608,1.970
0.490798,-0.2137,0.1504,2.4882,2.502
0.494913,-0.3121,0.4138,2.6761,2.726
0.500096,-0.6112,0.7544,2.5935,2.769
0.505024,-0.8718,2.7409,5.3212,6.049
0.509947,-2.3326,2.7254,4.1240,5.466
0.515334,-2.3405,0.4291,2.5099,3.459
0.520115,-0.5891,-1.7998,2.6887,3.289
0.524827,-0.1790,-1.9127,1.9489,2.737
0.530071,-0.2939,-1.0125,0.9704,1.433
0.535552,-0.3996,-0.0521,0.5897,0.714
0.539816,-0.4123,0.6866,0.4693,0.928
0.544772,0.1880,1.0274,0.5690,1.189
0.549492,0.8006,1.4066,0.7582,1.787
0.554956,1.1143,1.7332,0.4676,2.113
0.559391,0.9740,1.3273,0.0152,1.646
0.564706,0.3865,0.0894,-0.3263,0.514
0.571771,-0.6121,-0.8258,-0.8540,1.336
0.574736,-1.2323,-0.5723,-1.0743,1.732
0.579637,-1.0188,0.1735,-0.8963,1.368
0.584474,-0.5562,0.9468,-0.6226,1.262
0.589467,-0.5396,1.2595,-0.8850,1.631
0.594508,-0.4790,0.6868,-1.2343,1.492
0.599496,-0.5276,-0.0892,-1.4101,1.508
0.604447,-0.7238,-0.2111,-1.5535,1.727
0.609403,-0.8750,-0.1152,-1.5971,1.825
0.614829,-0.8164,-0.1470,-1.6633,1.859
0.619404,-0.5845,-0.2687,-1.7121,1.829
0.624455,-0.2874,-0.4517,-1.6808,1.764
0.629178,-0.1437,-0.6909,-1.5553,1.708
0.634671,-0.0328,-0.7996,-1.2263,1.464
0.639901,0.3192,-0.7776,-1.1152,1.397
0.644981,0.6984,-0.6876,-1.3124,1.638
0.649414,0.8918,-0.3149,-1.6052,1.863
0.655064,1.1777,-0.3776,-1.5246,1.963
0.659183,1.1530,-0.8024,-1.2645,1.890
0.664863,0.7591,-1.0384,-0.9069,1.574
0.673847,0.5069,-1.0190,-0.7387,1.357
0.674565,0.4569,-0.8167,-0.6532,1.141
0.681651,0.5546,-0.6235,-0.5154,0.981
0.684120,0.4544,-0.4301,-0.4397,0.765
0.689085,0.2563,-0.2749,-0.4781,0.608
0.694140,-0.0026,-0.2296,-0.5447,0.591
0.698997,-0.2138,-0.2174,-0.4773,0.566
0.704069,-0.3219,0.0251,-0.2963,0.438
0.708924,-0.1752,0.0196,-0.2084,0.273
0.714515,0.1169,-0.3487,-0.1656,0.403
0.720273,0.2916,-0.8113,-0.0339,0.863
0.724367,0.0535,-1.0614,-0.1006,1.068
0.728812,-0.1477,-1.1474,-0.0596,1.158
0.734308,-0.2363,-1.1268,0.1562,1.162
0.739856,-0.3667,-0.8375,0.2787,0.956
0.744255,-0.2963,-0.4239,0.5002,0.719
0.749620,-0.0259,-0.1018,0.7731,0.780
0.754048,0.1140,-0.0295,1.0171,1.024
0.759294,0.0137,-0.0638,1.2667,1.268
0.764052,-0.1587,-0.0471,1.3268,1.337
0.769011,-0.2401,0.0056,1.2799,1.302
0.774172,-0.2062,0.0559,1.1890,1.208
0.778780,-0.2099,0.1272,1.0930,1.120
0.783948,-0.2709,0.4441,1.2222,1.328
0.788950,-0.1295,-0.1185,1.2227,1.235
0.795308,-0.0235,-0.7936,0.9802,1.261
0.798734,-0.1575,-0.8346,1.1795,1.453
0.804228,-0.5026,-0.6443,1.5093,1.716
0.808772,-0.8100,-0.4193,1.5242,1.776
0.814470,-0.7161,-0.3891,1.3394,1.568
0.821970,-0.3481,-0.5812,1.0163,1.221
0.823606,-0.0434,-0.7595,0.7204,1.048
0.828302,-0.0983,-0.5926,0.8661,1.054
0.833487,-0.4579,-0.0621,0.6722,0.816
0.838482,-0.5357,0.3816,-0.0288,0.658
0.844024,-0.3516,0.3753,-0.6002,0.790
0.848418,-0.3127,0.1638,-0.6414,0.732
0.853525,-0.3791,0.0980,-0.8726,0.956
0.858604,-0.4391,0.1693,-1.2198,1.307
0.863917,0.2336,-0.0897,-1.3847,1.407
0.868806,0.0711,0.3032,-1.9022,1.928
0.873614,-0.8797,1.2517,-2.2362,2.709
0.878748,-1.2339,1.3235,-2.1364,2.800
0.883488,-1.0649,0.7922,-2.3808,2.726
0.888526,-0.7245,0.2083,-2.4121,2.527
0.894375,-0.4086,-0.0074,-2.0185,2.059
0.898951,-0.2803,-0.0042,-1.4772,1.504
0.903319,-0.3683,-0.0270,-0.9160,0.988
0.908379,-0.2527,0.0239,-0.1805,0.311
0.913612,-0.0837,-0.0300,0.4968,0.505
0.918372,0.0472,-0.0609,1.1764,1.179
0.923318,0.1252,-0.0609,1.7656,1.771
0.928463,0.1211,0.0110,2.3199,2.323
0.933174,0.0196,0.0860,2.9761,2.977
0.938771,-0.1756,0.0481,3.5634,3.568
0.943943,-0.4020,-0.1222,3.9532,3.975
0.948161,-0.4974,-0.3576,4.2126,4.257
0.957103,-0.3429,-0.6147,4.2929,4.350
0.958268,0.0399,-0.6151,4.2646,4.309
0.965595,1.6998,0.1775,4.0588,4.404
0.967960,2.4259,0.3290,2.9601,3.841
0.973197,1.3418,-0.4242,2.6978,3.043
0.978016,0.2041,-0.7825,2.0097,2.166
0.982991,-0.5689,-0.4200,0.4259,0.825
0.987984,-0.9894,0.0359,-0.2212,1.014
0.993064,-1.4361,0.1733,0.1093,1.451
0.997938,-1.9967,-0.0416,0.3437,2.026
1.003020,-2.3741,-0.5561,-0.0164,2.438
1.008289,-2.1897,-0.8630,-0.3851,2.385
1.012912,-2.6387,-1.0834,0.2644,2.865
1.017735,-3.0132,-1.4676,0.7991,3.446
1.023036,-0.9148,-0.8331,0.2908,1.271
1.028346,0.3028,-0.1044,0.6173,0.695
1.032930,0.4213,0.5077,1.3821,1.531
1.037873,0.9926,0.9361,1.6871,2.170
1.043035,1.6647,0.6927,2.0794,2.752
1.047914,1.9491,0.1081,2.5169,3.185
1.053704,1.9827,-0.3299,2.7757,3.427
1.058455,1.8100,-0.3970,2.7851,3.345
1.062760,1.3809,-0.0989,2.5556,2.907
1.068055,0.7783,0.4778,2.3077,2.482
1.073082,0.2104,1.3330,2.7426,3.057
1.078027,-0.1952,1.8593,3.2825,3.778
1.082692,-0.5999,1.0386,1.7654,2.134
1.087802,-0.6655,0.1175,0.8740,1.105
1.093180,-0.7942,-0.5867,0.5203,1.116
1.098151,-0.9642,-0.9342,-0.1847,1.355
1.104613,-1.3299,-0.8763,-0.8049,1.785
1.107457,-1.1186,-0.6040,-1.3545,1.858
1.112554,-0.5144,-0.2748,-1.8613,1.951
1.117478,-0.3775,0.2753,-3.3747,3.407
1.122788,-0.6184,0.5488,-4.7688,4.840
1.127919,-0.7431,0.2091,-3.8139,3.891
1.132321,-0.6226,0.1072,-3.5275,3.584
1.137333,-0.7046,0.6531,-2.9768,3.128
1.142391,-0.7971,0.6203,-2.6053,2.794
1.147584,-0.7887,0.1004,-2.2624,2.398
1.152782,-2.5769,-2.0839,-1.9510,3.846
1.157726,-3.3883,-2.7011,-0.5696,4.370
1.162917,-2.7816,-1.5706,-0.2456,3.204
1.167403,-3.3636,-0.1918,-0.6059,3.423
1.172974,-3.8682,0.6264,-0.1122,3.920
1.178198,-3.6008,0.7018,0.9372,3.786
1.182497,-1.9551,0.6518,1.9718,2.852
1.187327,-0.2083,0.6913,2.8754,2.965
1.193200,1.1763,0.6766,3.1708,3.449
1.197358,2.2856,0.5890,3.0348,3.845
1.203202,4.0573,0.3333,0.7571,4.141
1.207245,4.9240,0.5852,0.7389,5.013
1.212646,4.0090,0.5305,2.0678,4.542
1.217316,2.1417,0.3221,2.5537,3.348
1.222343,0.7451,0.7156,2.5448,2.747
1.231877,0.4131,1.2228,1.5184,1.993
1.232502,0.1236,1.4664,0.8165,1.683
1.240167,0.1266,1.1409,0.7563,1.375
1.242196,0.5624,0.6396,0.6809,1.090
1.246944,1.1633,0.2639,0.4426,1.272
1.252225,1.5370,0.2863,0.3772,1.608
1.256966,1.6497,0.4719,0.4371,1.771
1.262050,1.6217,0.6337,0.4642,1.802
1.266856,1.7406,0.7862,0.4350,1.959
1.272623,1.9489,0.9963,0.3928,2.224
1.277223,2.1795,1.0535,0.2272,2.431
1.282246,2.4331,1.0011,-0.0478,2.631
1.286762,2.7247,0.8297,-0.3229,2.866
1.292216,2.9972,0.6210,-0.5032,3.102
1.296810,3.0541,0.5616,-0.5938,3.162
1.303030,2.9429,0.5843,-0.7151,3.084
1.306958,2.7540,0.7465,-0.7812,2.958
1.312041,2.5303,0.9379,-0.8980,2.844
1.316880,2.3913,1.0150,-1.1037,2.823
1.321825,2.2839,0.9156,-1.3171,2.791
1.327834,2.2658,0.8027,-1.5771,2.875
1.332693,2.1939,0.8485,-1.8028,2.964
1.336567,2.1781,0.9140,-1.8646,3.009
1.341794,2.2188,0.9706,-1.8676,3.058
1.346631,2.1726,0.9846,-1.8453,3.016
1.351692,2.2451,0.8605,-1.8072,3.008
1.356617,2.3165,0.7276,-1.8058,3.026
1.361626,2.3817,0.6483,-1.8507,3.085
1.366808,2.1773,0.6176,-1.7550,2.864
1.371668,2.0623,0.4490,-1.7149,2.719
1.379717,1.9928,0.2478,-1.7303,2.651
1.381463,1.9247,-0.0481,-1.7388,2.594
1.386564,1.8621,-0.3382,-1.7306,2.565
1.392027,1.6327,-0.5602,-1.7248,2.440
1.396396,1.4756,-0.7383,-1.6395,2.326
1.402420,1.2421,-0.9203,-1.5409,2.183
1.406488,0.7778,-1.2067,-1.1404,1.834
1.411353,0.3270,-1.3296,-0.9881,1.689
1.416406,0.1969,-1.1456,-1.4098,1.827
1.421809,0.0713,-1.2865,-1.8409,2.247
1.427392,-0.2224,-1.7522,-2.0713,2.722
1.431420,-0.6947,-2.2552,-2.0826,3.147
1.436492,-1.3274,-2.5614,-2.1290,3.585
1.441287,-1.8912,-2.6090,-2.4069,4.022
1.446233,-2.3339,-2.6425,-2.8593,4.539
1.452815,-2.7469,-2.8869,-3.3533,5.208
1.456094,-3.2072,-3.2562,-3.9047,6.011
1.461527,-3.7732,-3.6836,-4.3279,6.822
1.466612,-4.4223,-4.0114,-4.5997,7.537
1.471772,-5.1608,-4.3072,-4.7352,8.222
1.476381,-5.8944,-4.6815,-4.6527,8.849
1.481352,-6.6667,-5.0768,-4.4520,9.489
1.486219,-7.6133,-5.4982,-4.1747,10.277
1.491154,-8.7692,-5.8694,-3.8094,11.219
1.495902,-10.0165,-6.2721,-3.3314,12.279
1.501843,-11.2371,-6.6729,-2.9171,13.391
1.505964,-11.8003,-7.5311,-2.6052,14.239
1.514893,-12.8427,-7.9226,-2.3502,15.272
1.515893,-14.4681,-7.6327,-1.5018,16.427
1.522075,-15.2672,-8.3130,-1.1431,17.421
1.526951,-15.8796,-9.4733,-1.1124,18.524
1.530885,-16.5658,-10.2793,-0.9086,19.517
1.535834,-16.8983,-10.8113,-0.8347,20.078
1.540990,-16.8939,-11.5219,-0.8861,20.468
1.546964,-16.8390,-12.5173,-0.6311,20.991
1.550932,-16.7546,-13.7070,-0.0500,21.647
1.557198,-16.2565,-14.8421,0.5602,22.020
1.563726,-15.0571,-15.7833,1.6794,21.878
1.565779,-13.3811,-16.5729,2.9984,21.511
1.571557,-10.8815,-17.4500,3.6522,20.887
1.576014,-7.4331,-18.3766,3.8629,20.196
1.580716,-4.3420,-18.6755,3.5514,19.500
1.587767,-2.0309,-18.2263,2.2758,18.480
1.590831,0.0978,-17.1406,0.0579,17.141
1.595741,2.3400,-15.3170,-2.9514,15.773
1.600599,4.6416,-12.8256,-7.0407,15.350
1.605611,7.4451,-9.9084,-11.8984,17.181
1.610730,11.5558,-7.0122,-16.7529,21.526
1.615606,17.2549,-4.2226,-21.7912,28.114
1.620633,22.8710,-0.8696,-25.8735,34.544
1.625543,28.5660,2.2349,-28.0508,40.098
1.630983,33.5552,4.7249,-29.2591,44.770
1.640126,37.2919,6.4465,-29.0350,47.700
1.640740,39.2968,7.3709,-27.6113,48.590
1.645466,39.1324,7.5936,-25.7124,47.436
1.650548,37.0883,7.5538,-23.0988,44.341
1.655415,33.9047,7.3352,-19.9388,40.011
1.664523,29.3673,6.7750,-16.4359,34.329
1.665304,23.9682,5.8495,-13.1667,27.965
1.670595,19.8031,4.7514,-10.7434,23.025
1.675366,17.1636,3.5361,-8.7989,19.609
1.680417,15.3415,2.1663,-6.4074,16.766
1.685273,13.8099,0.8953,-4.2575,14.479
1.690859,12.0702,-0.0056,-2.5880,12.344
1.695284,10.3847,-0.7113,-1.4138,10.505
1.700449,8.9537,-1.5702,-0.9665,9.142
1.705622,7.5225,-2.7676,-1.1185,8.093
1.711325,5.8887,-4.0965,-1.6908,7.370
1.715304,3.8629,-5.2877,-2.6590,7.068
1.720628,1.5035,-6.3686,-3.7749,7.554
1.725473,-0.8251,-7.3720,-4.9242,8.904
1.730225,-2.8925,-8.4788,-5.8914,10.722
1.736039,-4.7699,-9.4302,-6.3790,12.344
1.740401,-6.4802,-10.3317,-6.4425,13.793
1.745123,-8.2191,-11.1649,-6.3094,15.232
1.750221,-10.0917,-11.5818,-5.9229,16.464
1.755255,-12.6076,-11.7190,-5.4741,18.062
1.761551,-15.6215,-11.7905,-5.0174,20.204
1.765257,-17.9916,-12.0963,-4.8033,22.206
1.775654,-22.0170,-10.6783,-4.6747,24.912
1.776312,-24.9851,-9.6820,-4.3223,27.142
1.783032,-26.5109,-10.3308,-3.7254,28.695
1.786951,-27.9824,-10.9653,-3.0913,30.213
1.789879,-29.1789,-10.9752,-2.2230,31.254
1.795729,-29.4812,-11.2092,-0.8774,31.552
1.799771,-29.1375,-12.0449,0.4927,31.533
1.804662,-28.2543,-13.3454,1.5753,31.287
1.812990,-26.7487,-14.7814,2.4325,30.658
1.814666,-24.8370,-16.2041,2.8577,29.793
1.819797,-23.1219,-17.5883,2.6410,29.171
1.824575,-21.6451,-18.7595,1.5541,28.685
1.829734,-19.9217,-19.5526,-0.4209,27.917
1.840409,-17.8554,-19.8897,-2.9677,26.893
1.840872,-15.4376,-19.8912,-5.6776,25.811
1.846091,-12.4066,-19.3211,-8.0241,24.323
1.849533,-8.5404,-18.0042,-9.9400,22.269
1.854812,-3.6945,-16.1468,-11.5063,20.168
1.862352,2.0102,-13.8575,-13.0341,19.130
1.864642,8.3313,-10.9322,-14.5623,20.025
1.870120,14.8039,-7.3943,-16.1005,23.088
1.874674,20.4340,-3.3917,-17.3499,27.020
1.879893,25.2463,0.3747,-17.5384,30.743
1.884488,29.9475,2.9917,-16.9706,34.551
1.889499,33.9739,4.8641,-16.3406,38.012
1.894706,36.6777,6.2994,-15.2380,40.214
1.899483,37.9533,7.6467,-13.2257,40.913
1.904333,38.0405,8.5200,-11.3211,40.594
1.913192,36.6567,8.5751,-9.2758,38.772
1.914483,33.3449,8.5334,-7.4206,35.210
1.920778,28.8655,8.6146,-6.0443,30.724
1.924377,24.7445,8.1713,-4.8512,26.507
1.929314,21.1769,7.1341,-3.9009,22.684
1.934728,17.8732,5.8680,-3.2260,19.086
1.939372,14.7061,4.6414,-2.8033,15.674
1.944173,11.5572,3.6641,-2.3946,12.358
1.949196,8.6672,2.7051,-1.9101,9.278
1.954515,6.1619,1.6521,-1.4470,6.542
1.959227,4.0282,0.6121,-1.0305,4.203
1.964261,2.1380,-0.4422,-0.7687,2.315
1.969293,0.4591,-1.4625,-0.6931,1.682
1.974262,-0.8920,-2.4582,-0.6392,2.692
1.979302,-1.7358,-3.5638,-0.8604,4.056
1.984900,-3.3160,-3.9946,-0.9543,5.279
1.989208,-4.5832,-4.3450,-1.0937,6.409
1.994526,-5.5368,-4.6878,-1.2361,7.359
1.999041,-6.2613,-5.0096,-1.2097,8.109
2.004010,-6.6348,-5.3261,-1.1874,8.591
2.009095,-6.8318,-5.5192,-1.2277,8.868
2.014297,-6.8628,-5.6669,-1.3412,9.001
2.019045,-7.3561,-5.4597,-1.3323,9.257
2.024058,-7.8916,-5.0619,-1.1486,9.446
2.029015,-7.8674,-4.7575,-1.0013,9.248
2.034104,-7.6903,-4.4851,-0.7999,8.938
2.039266,-7.3835,-4.2743,-0.6605,8.557
2.044553,-6.9459,-4.0349,-0.6413,8.058
2.049174,-6.5534,-3.8343,-0.6857,7.624
2.054587,-6.2095,-3.6393,-0.8284,7.245
2.059093,-5.9279,-3.4741,-0.9701,6.939
2.064258,-5.6212,-3.3098,-1.0597,6.609
2.068887,-5.2213,-3.2519,-1.0886,6.247
2.073688,-4.7988,-3.1758,-1.0814,5.855
2.078744,-4.3475,-3.0910,-1.0431,5.435
2.083701,-3.9429,-2.9879,-0.9834,5.044
2.088886,-3.5504,-2.8569,-0.8881,4.643
2.093508,-3.1450,-2.7123,-0.8629,4.242
2.098984,-2.8025,-2.5827,-0.9083,3.918
2.103667,-2.5269,-2.4057,-1.0299,3.638
2.108765,-2.2743,-2.2433,-1.2287,3.423
2.113850,-1.9914,-2.1481,-1.4916,3.287
2.119043,-1.8025,-2.0194,-1.6325,3.161
2.123814,-1.6351,-1.9673,-1.6235,3.030
2.128457,-1.4940,-1.8718,-1.5270,2.840
2.133991,-1.3742,-1.7477,-1.3233,2.587
2.138838,-1.2900,-1.6571,-1.0118,2.331
2.144259,-1.1980,-1.5138,-0.6734,2.045
2.148625,-1.1269,-1.3898,-0.3695,1.827
2.153656,-1.0575,-1.3043,-0.0563,1.680
2.158812,-0.9082,-1.1136,0.2381,1.457
2.163493,-0.6596,-0.9423,0.4996,1.254
2.171403,-0.4163,-0.8095,0.6666,1.128
2.173287,-0.2644,-0.6290,0.7585,1.020
2.178290,-0.2418,-0.4534,0.7321,0.894
2.183189,-0.1954,-0.2876,0.7548,0.831
2.188388,-0.1925,-0.0741,0.7204,0.749
2.193599,-0.1714,0.0915,0.6289,0.658
2.198345,-0.0937,0.2282,0.5566,0.609
2.203241,0.0263,0.3459,0.4840,0.595
2.208302,0.1887,0.4779,0.5019,0.718
2.213655,0.2786,0.6195,0.6346,0.930
2.218768,0.3969,0.7564,0.7674,1.148
2.223142,0.6446,0.8979,0.9438,1.453
2.228065,0.8642,1.0107,1.1934,1.787
2.233053,1.1186,1.1808,1.4115,2.154
2.238215,1.3461,1.3124,1.5603,2.443
2.243552,1.5567,1.4199,1.6882,2.700
2.248076,1.7460,1.5654,1.8046,2.959
2.253034,1.9194,1.7538,1.8427,3.187
2.258184,2.0867,1.8750,1.7639,3.314
2.262977,2.2576,1.9911,1.6299,3.423
2.270347,2.4082,2.0689,1.5071,3.514
2.272939,2.5723,2.0509,1.3806,3.568
2.277988,2.7215,2.1046,1.2738,3.669
2.282961,2.8847,2.1440,1.2204,3.796
2.287998,3.0334,2.2072,1.2299,3.948
2.293598,3.1060,2.2800,1.1825,4.030
2.298061,3.1791,2.3478,1.1980,4.130
2.302843,3.1666,2.3725,1.1610,4.124
2.307913,3.3081,2.2968,1.0765,4.169
2.313017,3.4411,2.2022,0.8626,4.175
2.318147,3.4173,2.0887,0.7153,4.068
2.323195,3.4715,1.9612,0.6915,4.047
2.327949,3.5655,1.8197,0.6091,4.049
2.332774,3.6228,1.7123,0.5879,4.050
2.337920,3.7104,1.5193,0.4986,4.040
2.343668,3.7040,1.2841,0.3507,3.936
2.347835,3.7277,1.1024,0.2924,3.898
2.353520,3.8392,0.9074,0.2902,3.956
2.357725,3.8566,0.7089,0.1529,3.924
2.362671,3.6886,0.4925,-0.0760,3.722
2.368409,3.5362,0.2346,-0.2816,3.555
2.372904,3.4038,-0.0646,-0.5454,3.448
2.377613,3.1473,-0.3475,-0.8864,3.288
2.382619,2.7232,-0.6046,-1.3142,3.084
2.387928,2.1977,-0.8931,-1.7960,2.975
2.392773,1.7907,-1.2752,-2.2938,3.177
2.397565,1.4057,-1.6455,-2.7941,3.534
2.407185,0.9461,-1.9946,-3.3455,4.008
2.407801,0.3541,-2.4182,-3.9721,4.664
2.412763,-0.3090,-2.8350,-4.5594,5.378
2.417574,-1.0200,-3.2595,-5.2524,6.265
2.422614,-1.7368,-3.7927,-5.9856,7.296
2.427798,-2.5615,-4.2625,-6.6972,8.342
2.432400,-3.6059,-4.7987,-7.4166,9.541
2.437424,-4.7083,-5.5501,-7.9770,10.798
2.442615,-5.7839,-6.3111,-8.2501,11.889
2.448057,-7.1318,-6.8862,-8.2687,12.909
2.452323,-8.7160,-7.4919,-7.8979,13.945
2.457653,-10.3141,-8.2055,-7.1849,15.011
2.462324,-12.2991,-8.8275,-6.1756,16.350
2.468023,-14.7680,-9.2404,-5.0266,18.131
2.472801,-17.6994,-9.6718,-4.0864,20.579
2.480641,-20.5075,-10.3725,-3.2438,23.209
2.482454,-22.5954,-11.2378,-2.1998,25.331
2.491378,-23.9685,-12.1045,-1.1596,26.877
2.493560,-23.7197,-13.6451,-0.4338,27.368
2.502671,-23.7117,-14.9032,0.1935,28.007
2.508729,-24.5927,-15.0957,1.5155,28.896
2.509720,-23.9762,-16.1176,2.0830,28.965
2.511949,-22.2090,-17.8982,2.0579,28.598
2.517044,-19.6391,-19.5575,1.3126,27.747
2.522434,-16.6935,-20.7290,-0.0786,26.615
2.530616,-14.0337,-21.0530,-1.9888,25.380
2.532691,-11.5472,-20.6215,-4.3289,24.028
2.537006,-9.0423,-19.5763,-7.1535,22.719
2.541972,-5.6871,-18.0769,-10.4059,21.619
2.547250,-0.5597,-16.2339,-13.6824,21.238
2.551963,5.5608,-14.0277,-16.4216,22.302
2.556931,12.4238,-11.4181,-18.1511,24.783
2.561788,19.2534,-8.1217,-19.0236,28.259
2.566960,25.0687,-3.9897,-19.4541,31.982
2.571989,30.7638,0.0067,-19.4783,36.412
2.576945,36.2998,3.0179,-19.6089,41.368
2.581850,39.9543,5.3085,-19.4834,44.768
2.586802,41.8558,6.9902,-18.4994,46.293
2.592393,41.7911,8.0503,-16.8014,45.756
2.596715,39.7707,8.5467,-14.6775,43.246
2.602202,36.3511,8.8515,-12.0822,39.316
2.606947,32.4895,8.7825,-9.4089,34.946
2.611753,28.8210,8.0323,-7.1568,30.763
2.616780,25.0406,7.0063,-5.3570,26.548
2.622093,20.6441,5.9650,-4.2578,21.906
2.630044,16.1166,5.2301,-3.8574,17.378
2.631532,12.1528,4.5419,-3.9985,13.576
2.638231,8.8683,3.6735,-4.1954,10.476
2.641460,6.2170,2.4739,-4.2497,7.927
2.646764,3.9332,1.0453,-4.0972,5.775
2.652165,1.6545,-0.4383,-3.6065,3.992
2.656716,-0.7674,-1.8220,-2.9013,3.511
2.661482,-3.5359,-2.8600,-2.1050,5.011
2.666533,-7.1442,-3.4839,-1.5465,8.098
2.671528,-10.6485,-3.9952,-1.3696,11.455
2.680086,-12.9454,-4.4092,-1.2687,13.734
2.681368,-13.9693,-4.9572,-0.6357,14.836
2.686497,-14.1881,-5.6559,0.3061,15.277
2.691585,-14.0485,-6.1773,1.4633,15.416
2.696540,-13.6416,-6.3039,2.6515,15.260
2.702094,-12.9519,-6.2153,3.6766,14.829
2.706636,-12.0016,-6.1146,4.3723,14.161
2.711833,-10.8549,-6.0844,4.8053,13.339
2.716322,-9.5947,-6.0919,4.8401,12.353
2.721256,-8.2942,-6.1184,4.4311,11.219
2.726827,-6.9257,-5.9867,3.6946,9.872
2.731325,-5.5529,-5.6825,2.6787,8.385
2.736404,-4.3308,-5.3591,1.5412,7.061
2.741570,-3.2186,-4.9684,0.4018,5.933
2.746503,-2.1711,-4.5103,-0.6005,5.042
2.752368,-1.2919,-4.0282,-1.4978,4.488
2.756561,-0.7143,-3.4215,-2.2552,4.160
2.761165,-0.2462,-2.7575,-2.8031,3.940
2.766431,0.2758,-2.0650,-3.2057,3.823
2.772503,0.7994,-1.4733,-3.4159,3.805
2.776781,1.3352,-1.0400,-3.3719,3.773
2.780947,1.9418,-0.6980,-3.2070,3.813
2.786170,2.5105,-0.4333,-2.8332,3.810
2.790919,2.9950,-0.1454,-2.3487,3.809
2.796061,3.2814,0.1317,-1.7799,3.735
2.801624,3.4420,0.3550,-1.2302,3.672
2.806117,3.5009,0.5531,-0.8562,3.646
2.810873,3.4917,0.6066,-0.6760,3.608
2.815855,3.5438,0.5970,-0.5932,3.642
2.821460,3.4751,0.6537,-0.5119,3.573
2.828922,3.3426,0.6525,-0.5280,3.446
2.831448,3.1655,0.6749,-0.5458,3.282
2.835803,2.9290,0.7259,-0.5604,3.069
2.840767,2.5457,0.7725,-0.5917,2.725
2.845949,2.1205,0.7911,-0.6640,2.359
2.851892,1.6952,0.7534,-0.7489,2.001
2.856045,1.3170,0.6263,-0.7364,1.634
2.860816,0.9374,0.5105,-0.6069,1.228
2.865901,0.5649,0.4109,-0.4171,0.814
2.870784,0.1123,0.3658,-0.2284,0.446
2.876610,-0.2638,0.3176,0.0611,0.417
2.880995,-0.5787,0.2469,0.4289,0.761
2.886131,-0.7420,0.1629,0.7279,1.052
2.891477,-0.8787,0.0845,0.9449,1.293
2.895622,-1.0562,0.0686,1.1670,1.576
2.900843,-1.2416,0.0719,1.4188,1.887
2.905864,-1.3780,0.0412,1.5955,2.109
2.910620,-1.5136,-0.0092,1.7310,2.299
2.915845,-1.6437,-0.0459,1.7581,2.407
2.920567,-1.7733,-0.0692,1.6575,2.428
2.925664,-1.8018,-0.1364,1.5096,2.355
2.930848,-1.8779,-0.1899,1.3522,2.322
2.935940,-1.8720,-0.2248,1.1986,2.234
2.940591,-1.7499,-0.2507,0.9909,2.027
2.945555,-1.6408,-0.2435,0.7379,1.815
2.951520,-1.5680,-0.1791,0.5488,1.671
2.955743,-1.4404,-0.1484,0.4037,1.503
2.964563,-1.3389,-0.1081,0.2976,1.376
2.965421,-1.2491,-0.0105,0.2638,1.277
2.970411,-1.1855,0.1108,0.2592,1.219
2.975389,-1.1480,0.1937,0.3268,1.209
2.980619,-1.1081,0.2572,0.3804,1.200
2.985396,-1.0710,0.2677,0.4204,1.181
2.990248,-1.0367,0.2778,0.4807,1.176
2.995400,-0.9958,0.2872,0.6718,1.235
3.000177,-0.9290,0.2960,0.7881,1.254
3.006193,-0.8841,0.2896,0.7965,1.225
3.011059,-0.8948,0.2777,0.7973,1.230
3.015415,-0.9084,0.1981,0.7857,1.217
3.020108,-0.8482,0.0796,0.7758,1.152
3.025336,-0.7235,0.0133,0.7242,1.024
3.030453,-0.5577,0.0135,0.7365,0.924
3.035138,-0.3263,-0.0250,0.7691,0.836
3.040065,-0.0811,-0.0209,0.7553,0.760
3.045457,0.1927,-0.0507,0.7381,0.764
3.050344,0.3328,-0.0711,0.7124,0.790
3.055184,0.4016,-0.0774,0.6444,0.763
3.060859,0.3849,-0.0981,0.4906,0.631
3.065221,0.3833,-0.0708,0.3561,0.528
3.069998,0.4207,-0.0578,0.2262,0.481
3.075203,0.4302,-0.0302,0.1964,0.474
3.079888,0.3827,-0.0504,0.1470,0.413
3.088900,0.3214,-0.0320,0.1449,0.354
3.089992,0.2602,0.0247,0.1571,0.305
3.098438,0.2183,0.0287,0.1595,0.272
3.099800,0.2721,0.0041,0.0851,0.285
3.105013,0.2207,-0.0203,-0.0088,0.222
3.109841,0.2318,-0.0350,-0.0264,0.236
3.114793,0.2766,-0.1071,-0.0154,0.297
3.119661,0.2782,-0.1215,-0.0287,0.305
3.124779,0.2945,-0.1072,-0.0038,0.313
3.129915,0.3876,-0.0977,0.0787,0.407
3.135630,0.5004,-0.0882,0.1613,0.533
3.139748,0.5180,-0.0310,0.1675,0.545
3.144732,0.4933,-0.0648,0.1022,0.508
3.150032,0.3971,-0.0555,0.0850,0.410
3.155070,0.2869,-0.0414,0.0916,0.304
3.160618,0.2389,-0.0177,0.0455,0.244
3.164775,0.1045,0.0204,0.0185,0.108
3.169902,0.0464,0.0249,-0.0278,0.060
3.175343,-0.0313,0.0055,0.0167,0.036
3.179669,-0.1002,0.0195,0.0230,0.105
3.186035,-0.2178,0.0382,0.0343,0.224
3.189953,-0.2406,0.0280,0.0316,0.244
3.194666,-0.1685,0.0369,0.0433,0.178
3.199647,-0.0107,0.0265,-0.0070,0.029
3.204851,0.0799,0.0449,-0.1146,0.147
3.211166,0.1082,0.0249,-0.1792,0.211
3.215047,0.1363,0.0100,-0.2347,0.272
3.219640,0.1596,0.0288,-0.2907,0.333
3.224445,0.1928,0.0477,-0.2994,0.359
3.231144,0.1734,0.0333,-0.2653,0.319
3.238921,0.2452,0.0285,-0.2124,0.326
3.239234,0.2550,-0.0003,-0.1307,0.287
3.244403,0.2650,-0.0339,0.0232,0.268
3.249209,0.2513,-0.0295,0.1492,0.294
3.254488,0.1753,-0.0350,0.2378,0.297
3.259188,0.0897,-0.0265,0.3275,0.341
3.264335,-0.0156,-0.0520,0.3371,0.341
3.269193,-0.1117,-0.0778,0.2999,0.329
3.274348,-0.1848,-0.1039,0.2638,0.338
3.279271,-0.3018,-0.0871,0.2093,0.377
3.285484,-0.3192,-0.0706,0.1840,0.375
3.289566,-0.2273,-0.0638,0.1638,0.287
3.294521,-0.1550,-0.0810,0.1583,0.236
3.299486,-0.0879,-0.0695,0.1435,0.182
3.304378,-0.0448,-0.0582,0.1769,0.192
3.310873,-0.0018,-0.0757,0.2058,0.219
3.314316,-0.0496,-0.0358,0.1633,0.174
3.319234,-0.0208,0.0230,0.0974,0.102
3.324322,-0.0062,-0.0044,0.0270,0.028
3.329057,0.0518,-0.0029,-0.0817,0.097
3.334184,0.0814,0.0177,-0.2239,0.239
3.339159,0.0347,0.0337,-0.3043,0.308
3.344178,0.0120,0.0643,-0.3948,0.400
3.349142,-0.0061,0.0662,-0.3612,0.367
3.354281,0.0142,0.0635,-0.3905,0.396
3.358884,0.0632,0.0466,-0.3481,0.357
3.364010,0.2019,-0.0750,-0.3134,0.380
3.374795,0.2783,-0.0957,-0.3030,0.422
3.375243,0.2928,-0.0306,-0.2215,0.368
3.378757,0.2983,0.0054,-0.2167,0.369
3.383785,0.2899,-0.0015,-0.2407,0.377
3.388873,0.2152,-0.0036,-0.2549,0.334
3.393875,0.0744,-0.0342,-0.1404,0.163
3.398787,0.0486,-0.0790,-0.0170,0.094
3.403871,0.0369,-0.1046,0.0204,0.113
3.408612,0.0394,-0.1158,0.0200,0.124
3.413835,0.0370,-0.1413,-0.0085,0.146
3.418641,0.0061,-0.1476,-0.0603,0.160
3.424003,-0.0198,-0.1586,-0.1686,0.232
3.428504,-0.0075,-0.2075,-0.2240,0.305
3.433778,0.0285,-0.1987,-0.2274,0.303
3.439251,0.0694,-0.1802,-0.3411,0.392
3.443834,0.1107,-0.1709,-0.3935,0.443
3.448765,0.1525,-0.1280,-0.4424,0.485
3.453512,0.1711,-0.1134,-0.4547,0.499
3.458688,0.1429,-0.0938,-0.4353,0.468
3.463758,0.0822,-0.0453,-0.3419,0.355
3.469656,-0.0203,0.0080,-0.2601,0.261
3.473540,-0.0649,0.0278,-0.0850,0.110
3.478341,-0.1044,-0.0048,0.1548,0.187
3.483656,-0.2152,-0.0038,0.3358,0.399
3.488479,-0.3019,-0.0269,0.4923,0.578
3.500175,-0.3933,-0.0548,0.6297,0.744
3.500530,-0.4753,-0.0781,0.7290,0.874
3.503339,-0.5245,-0.0922,0.7863,0.950
3.508273,-0.5792,-0.1162,0.8449,1.031
3.513354,-0.6442,-0.0929,0.7762,1.013
3.518167,-0.6814,-0.0892,0.6477,0.944
3.523396,-0.6530,-0.0622,0.5689,0.868
3.528132,-0.5594,-0.1069,0.5250,0.775
3.533351,-0.4483,-0.0803,0.4108,0.613
3.538344,-0.3577,-0.0444,0.2791,0.456
3.543416,-0.1252,-0.0232,0.1485,0.196
3.548148,0.0870,0.0076,0.0234,0.090
3.553478,0.2511,0.0668,-0.0920,0.276
3.558178,0.3726,0.1212,-0.1836,0.433
3.563515,0.4235,0.1327,-0.2280,0.499
3.569434,0.4087,0.1682,-0.2353,0.501
3.573137,0.3383,0.1801,-0.2486,0.457
3.578357,0.2693,0.1969,-0.1820,0.380
3.583031,0.1633,0.1948,-0.0928,0.271
3.588662,0.0821,0.1452,0.0002,0.167
3.593505,0.0492,0.1102,0.0832,0.147
3.598284,-0.0931,0.1229,0.1183,0.194
3.602964,-0.2206,0.0973,0.0966,0.260
3.607903,-0.3241,0.0290,0.1425,0.355
3.613859,-0.3709,-0.0105,0.1602,0.404
3.621390,-0.4375,-0.0167,0.0883,0.447
3.623086,-0.4334,-0.0039,0.0032,0.433
3.628926,-0.3496,0.0038,-0.0713,0.357
3.632755,-0.2197,-0.0075,-0.1072,0.245
3.637871,-0.0718,-0.0092,-0.1620,0.177
3.643320,0.0749,0.0461,-0.1499,0.174
3.648105,0.2735,0.0346,-0.1190,0.300
3.652821,0.4672,0.0850,-0.1076,0.487
3.657692,0.5374,0.1305,-0.2156,0.594
3.662854,0.5375,0.1331,-0.2143,0.594
3.669256,0.4965,0.1360,-0.2374,0.567
3.673376,0.4238,0.1200,-0.2042,0.485
3.677675,0.3191,0.1091,-0.1718,0.379
3.682828,0.1822,0.1032,-0.1356,0.250
3.687770,0.0466,0.0879,-0.0428,0.108
3.693097,-0.0265,0.0489,0.0256,0.061
3.697991,-0.0805,0.0434,0.0747,0.118
3.702832,-0.1490,0.0331,0.1097,0.188
3.707537,-0.2176,0.0274,0.1308,0.255
3.713383,-0.2533,0.0406,0.0857,0.271
3.718857,-0.2421,0.0251,0.0317,0.245
3.723017,-0.1555,0.0905,-0.0078,0.180
3.728024,-0.0271,0.1032,-0.1091,0.153
3.733071,0.0624,0.0779,-0.2435,0.263
3.738037,0.1421,0.0816,-0.2207,0.275
3.744332,0.2312,0.0855,-0.1847,0.308
3.747937,0.2538,0.0704,-0.1401,0.298
3.752495,0.3248,0.1127,-0.0963,0.357
3.757533,0.3057,0.0978,-0.0342,0.323
3.764071,0.2256,0.0354,0.0272,0.230
3.773826,0.0798,-0.0026,0.1595,0.178
3.774393,-0.0410,0.0071,0.2435,0.247
3.777253,-0.0853,-0.0024,0.2656,0.279
3.782296,-0.1676,-0.0501,0.2835,0.333
3.787450,-0.2118,-0.1071,0.3162,0.395
3.793387,-0.2135,-0.1399,0.2495,0.357
3.797182,-0.2063,-0.1204,0.1741,0.296
3.802337,-0.2091,-0.1343,0.0472,0.253
3.807190,-0.1980,-0.1529,-0.0359,0.253
3.812668,-0.2064,-0.1380,-0.0995,0.268
3.817221,-0.2247,-0.0947,-0.1296,0.276
3.822535,-0.2385,-0.0897,-0.1360,0.289
3.827644,-0.2527,-0.1084,-0.1378,0.308
3.832342,-0.3241,-0.1032,-0.1592,0.376
3.837062,-0.3145,-0.0979,-0.1378,0.357
3.842226,-0.2768,-0.1021,-0.1977,0.355
3.847044,-0.2253,-0.0493,-0.1338,0.267
3.852663,-0.1504,-0.0538,-0.1418,0.214
3.856959,-0.0810,-0.0346,-0.0452,0.099
3.862173,-0.0215,-0.0393,0.0366,0.058
3.867738,0.0043,-0.0156,0.0325,0.036
3.872151,0.0109,0.0317,0.0096,0.035
3.877303,0.1129,0.0263,-0.0463,0.125
3.882235,0.1622,0.0352,-0.0496,0.173
3.886906,0.1448,0.0774,-0.0008,0.164
3.891873,0.1371,0.0385,0.0476,0.150
3.897321,0.1297,0.0379,0.1004,0.168
3.904740,0.1510,0.0515,0.0819,0.179
3.906904,0.1342,0.0222,0.0493,0.145
3.914336,0.1033,-0.0212,0.0742,0.129
3.916697,0.0585,-0.0024,0.0609,0.085
3.921923,0.0044,0.0256,0.0051,0.027
3.927090,-0.1018,0.0582,-0.0738,0.139
3.931688,-0.0884,0.0572,-0.1092,0.152
3.936644,-0.0516,0.0230,-0.1636,0.173
3.941671,-0.0532,-0.0204,-0.2224,0.230
3.946799,-0.0690,-0.0206,-0.2337,0.244
3.951724,-0.0607,-0.0254,-0.2738,0.282
3.956542,-0.0287,-0.0110,-0.2999,0.302
3.961928,0.0223,-0.0441,-0.2552,0.260
3.966630,0.0492,-0.0578,-0.1686,0.185
3.972694,0.1094,-0.0381,-0.1020,0.154
3.976496,0.2125,-0.0372,-0.2935,0.364
3.981398,0.2489,-0.0693,-0.4514,0.520
3.986561,0.2284,-0.0678,-0.1099,0.262
3.991382,0.1845,-0.0758,0.2768,0.341
3.996353,0.1459,-0.0792,0.3809,0.416
4.001473,0.1076,-0.1113,0.3519,0.384
4.006427,0.0410,-0.1052,0.1952,0.225
4.011522,0.0221,-0.0991,0.0303,0.106
4.016273,-0.0062,-0.0741,0.0142,0.076
4.021589,-0.0106,-0.0066,0.0077,0.015
4.026877,-0.0057,-0.0062,0.0536,0.054
4.032023,0.0180,-0.0012,0.1044,0.106
4.036248,0.0795,0.0227,0.1648,0.184
4.041605,0.1358,0.0795,0.2825,0.323
4.047254,0.1916,0.1355,0.4194,0.481
4.054847,0.2186,0.1432,0.4566,0.526
4.056242,0.1598,0.1506,0.4090,0.464
4.061216,0.0348,0.0914,0.2626,0.280
4.066194,-0.0992,0.1039,0.0600,0.156
4.071300,-0.0564,0.1071,-0.2321,0.262
4.076666,0.0337,0.1058,-0.6137,0.624
4.081243,0.1189,0.1194,-0.7614,0.780
