0.001650,0.1589,0.2085,-0.2124,0.337
0.005567,0.1186,0.2072,-0.2559,0.350
0.010416,0.0787,0.2109,-0.2861,0.364
0.017603,0.0962,0.2198,-0.2840,0.372
0.021576,0.0756,0.1955,-0.2116,0.298
0.025702,0.0651,0.1811,-0.1502,0.244
0.030436,0.0978,0.1765,-0.1281,0.239
0.035455,0.1305,0.1151,-0.0639,0.185
0.040551,0.1539,0.0733,-0.0388,0.175
0.046259,0.4253,-0.1246,-0.4050,0.600
0.050398,0.4727,-0.1448,-0.6698,0.832
0.055544,0.2021,0.1680,-0.4200,0.495
0.060474,0.0906,0.1978,-0.1342,0.256
0.065532,0.0606,0.0658,0.0735,0.116
0.071131,0.0924,-0.0699,0.1562,0.194
0.075460,0.0999,-0.1523,0.1961,0.268
0.080442,0.0835,-0.1774,0.2275,0.300
0.085310,0.0484,-0.1740,0.2644,0.320
0.090212,-0.0440,-0.1471,0.3259,0.360
0.095465,-0.1078,-0.0970,0.3550,0.383
0.101629,-0.1671,-0.1569,0.3376,0.408
0.105400,-0.1556,-0.2071,0.2362,0.351
0.110258,-0.1545,-0.2002,0.1939,0.319
0.117514,-0.1635,-0.2363,0.1670,0.332
0.120229,-0.1826,-0.2676,0.1366,0.352
0.125301,-0.2022,-0.2323,0.1120,0.328
0.132823,-0.2321,-0.2211,0.0454,0.324
0.135184,-0.2626,-0.2291,-0.0013,0.349
0.140816,-0.2460,-0.2561,-0.0378,0.357
0.145018,-0.2253,-0.2781,-0.0979,0.371
0.150285,-0.2099,-0.2952,-0.1432,0.389
0.155165,-0.2235,-0.2740,-0.1598,0.388
0.160108,-0.1944,-0.2244,-0.1289,0.324
0.165293,-0.1801,-0.2037,-0.0985,0.289
0.170038,-0.1613,-0.1974,-0.0874,0.270
0.175054,-0.1620,-0.1721,-0.0623,0.244
0.180179,-0.1533,-0.1992,-0.0802,0.264
0.184969,-0.1353,-0.2071,-0.0697,0.257
0.189908,-0.1509,-0.1958,-0.0308,0.249
0.195336,-0.1667,-0.2084,-0.0208,0.268
0.200337,-0.1874,-0.1971,-0.0061,0.272
0.209505,-0.1561,-0.1669,-0.0249,0.230
0.210008,-0.1536,-0.1938,-0.0295,0.249
0.214921,-0.1654,-0.1731,-0.0150,0.240
0.219840,-0.1249,-0.2048,0.0423,0.244
0.224848,-0.1369,-0.1935,0.0565,0.244
0.229851,-0.1628,-0.1491,0.0469,0.226
0.234846,-0.1838,-0.1146,0.0613,0.225
0.239708,-0.1808,-0.1042,0.0282,0.211
0.244738,-0.1729,-0.0321,0.0284,0.178
0.249848,-0.1554,0.0252,0.0000,0.157
0.254907,-0.1282,0.0679,-0.0284,0.148
0.260269,-0.1008,0.0912,-0.0857,0.161
0.264710,-0.1206,0.1146,-0.0907,0.189
0.269714,-0.1446,0.1426,-0.0962,0.225
0.274749,-0.1870,0.1657,-0.0831,0.263
0.279739,-0.2338,0.2173,-0.0896,0.332
0.284701,-0.2804,0.2590,-0.0915,0.393
0.289640,-0.3129,0.2102,-0.0747,0.384
0.295094,-0.3363,0.2094,-0.0298,0.397
0.299770,-0.3557,0.1991,0.0052,0.408
0.308953,-0.3853,0.1605,0.0780,0.425
0.309938,-0.3969,0.1126,0.1793,0.450
0.314577,-0.4051,0.1076,0.2758,0.502
0.319910,-0.3856,0.0882,0.3298,0.515
0.324407,-0.3680,0.0117,0.4036,0.546
0.329826,-0.3518,0.0259,0.4306,0.557
0.334450,-0.3085,0.0348,0.4585,0.554
0.339478,-0.2809,-0.0136,0.4782,0.555
0.344309,-0.2595,-0.0240,0.4849,0.550
0.349387,-0.2578,-0.0346,0.4930,0.557
0.354909,-0.2815,-0.0027,0.4838,0.560
0.359374,-0.3157,0.0476,0.4477,0.550
0.364366,-0.3228,0.0259,0.3989,0.514
0.369302,-0.3790,-0.0147,0.3804,0.537
0.374783,-0.4461,0.0351,0.3775,0.585
0.379891,-0.4619,0.0130,0.3567,0.584
0.384311,-0.4708,0.0432,0.3854,0.610
0.389117,-0.4773,0.0682,0.4012,0.627
0.394700,-0.4575,0.1071,0.4424,0.645
0.399256,-0.4162,0.1217,0.4851,0.651
0.407403,-0.3489,0.1265,0.5103,0.631
0.409157,-0.3166,0.1692,0.5698,0.673
0.416251,-0.3065,0.1781,0.6789,0.766
0.419025,-0.2653,0.2439,0.7845,0.863
0.423965,-0.2121,0.2947,0.8347,0.910
0.429304,-0.1183,0.3354,0.8581,0.929
0.433969,-0.0649,0.3712,0.8832,0.960
0.439301,0.0355,0.3973,0.9138,0.997
0.443816,0.2043,0.3994,0.8945,1.001
0.448815,0.3381,0.4205,0.9579,1.099
0.454532,0.4705,0.4321,1.0698,1.246
0.458835,0.4684,0.5530,1.1635,1.371
0.464022,0.5038,0.6636,1.2534,1.505
0.468843,0.6443,0.7497,1.3006,1.634
0.474004,0.8063,0.7591,1.3839,1.772
0.479524,0.9957,0.7304,1.4068,1.872
0.484045,1.1226,0.7021,1.3982,1.926
0.488697,1.2450,0.6882,1.4296,2.017
0.494314,1.4251,0.7077,1.4390,2.145
0.499416,1.7008,0.6827,1.3989,2.306
0.507276,1.7911,0.7197,1.3383,2.349
0.508693,1.8746,0.7230,1.2266,2.354
0.516672,1.9705,0.7835,1.1066,2.392
0.518665,2.0550,0.8437,0.9250,2.406
0.523791,2.2482,0.8416,0.6955,2.499
0.529259,2.4026,0.7680,0.4636,2.565
0.533845,2.5415,0.6991,0.2408,2.647
0.538614,2.5704,0.7115,0.1352,2.670
0.543585,2.5854,0.7568,0.0035,2.694
0.548523,2.5823,0.8874,-0.0729,2.732
0.553477,2.6090,1.0074,-0.1512,2.801
0.558964,2.6271,1.1311,-0.2655,2.873
0.563417,2.6468,1.1914,-0.4235,2.933
0.568383,2.5771,1.2554,-0.6503,2.939
0.573798,2.5188,1.2707,-0.8216,2.938
0.578419,2.5148,1.2041,-0.9666,2.951
0.583321,2.4024,1.1370,-1.1673,2.903
0.588258,2.1995,1.1367,-1.3868,2.838
0.593536,2.0364,1.1218,-1.5055,2.770
0.598181,1.9690,1.0925,-1.5963,2.760
0.603240,2.0640,0.9773,-1.6262,2.803
0.608180,2.2161,0.8003,-1.6818,2.895
0.613184,2.4113,0.5475,-1.6721,2.985
0.618703,2.5769,0.3434,-1.5685,3.036
0.623197,2.6392,0.1590,-1.4234,3.003
0.628081,2.6068,0.0182,-1.2696,2.900
0.633181,2.5609,-0.0884,-1.0821,2.782
0.638077,2.4296,-0.2420,-0.9034,2.603
0.643098,2.2367,-0.4232,-0.7610,2.400
0.648121,2.0663,-0.5839,-0.5812,2.225
0.653087,1.9315,-0.6816,-0.2873,2.068
0.657999,1.8491,-0.7973,0.0506,2.014
0.663013,1.7567,-0.8832,0.3050,1.990
0.668122,1.6206,-1.0684,0.3625,1.975
0.673246,1.5169,-1.2761,0.3005,2.005
0.678522,1.3810,-1.4437,0.1431,2.003
0.682871,1.2029,-1.6194,-0.0141,2.017
0.687884,0.9797,-1.8077,-0.1849,2.064
0.692896,0.7876,-1.9701,-0.4219,2.163
0.698309,0.5782,-2.1306,-0.6540,2.303
0.702885,0.3653,-2.2365,-1.0826,2.511
0.707805,-0.0169,-2.4455,-1.8042,3.039
0.716069,-0.5160,-2.6042,-2.6575,3.756
0.717916,-0.9442,-2.7317,-3.5491,4.577
0.722856,-1.3982,-2.8234,-4.3328,5.357
0.727913,-1.9170,-2.9225,-5.0340,6.128
0.733262,-2.4392,-3.0339,-5.5535,6.782
0.738155,-2.8861,-3.1296,-5.8392,7.226
0.742775,-3.2255,-3.2473,-5.9018,7.469
0.747814,-3.5217,-3.4353,-5.8124,7.615
0.752780,-3.8179,-3.5982,-5.6277,7.694
0.757779,-4.0759,-3.8221,-5.4422,7.800
0.763050,-4.3387,-4.0690,-5.2506,7.934
0.767851,-4.6462,-4.3346,-4.9940,8.082
0.772786,-5.2115,-4.5804,-4.6778,8.368
0.777724,-5.9890,-4.7977,-4.3390,8.816
0.782780,-6.8135,-4.9111,-4.0205,9.312
0.787800,-7.6827,-5.1224,-3.7745,9.975
0.792614,-8.7483,-5.2795,-3.6575,10.853
0.797645,-10.0758,-5.4892,-3.5490,12.010
0.802467,-11.3533,-5.7426,-3.4454,13.181
0.807581,-12.6764,-5.9837,-3.3505,14.413
0.817768,-13.9734,-6.2900,-3.2685,15.669
0.818240,-14.9378,-6.6807,-3.0069,16.638
0.822509,-15.5399,-7.2797,-2.4190,17.330
0.827388,-15.6832,-8.1231,-1.7925,17.753
0.832657,-15.5199,-8.9660,-1.1943,17.963
0.837827,-15.3137,-9.8768,-0.6366,18.234
0.842418,-14.9577,-10.8901,-0.1314,18.503
0.847469,-14.5153,-11.8246,0.0174,18.722
0.852424,-14.1446,-12.6135,-0.2032,18.953
0.857349,-13.7022,-13.2276,-1.0273,19.073
0.862963,-12.9569,-13.8582,-2.4900,19.135
0.867318,-11.7923,-14.3659,-3.9876,19.009
0.875427,-10.2043,-14.6989,-5.1249,18.613
0.877730,-8.3649,-14.8258,-5.7126,17.956
0.884939,-6.3083,-14.6302,-6.0122,17.029
0.891148,-3.6650,-14.1677,-6.2035,15.895
0.892221,-0.0587,-13.2343,-6.7583,14.860
0.898045,4.7766,-11.2844,-8.2761,14.787
0.902289,10.8612,-8.6604,-11.1631,17.821
0.907172,17.8790,-5.9855,-14.8002,23.969
0.914031,25.1887,-3.0761,-18.2444,31.254
0.917134,31.7138,0.0839,-20.8802,37.970
0.922600,37.1439,3.0995,-22.1385,43.352
0.927245,41.4057,5.6595,-21.9802,47.219
0.932266,43.8800,7.7297,-20.8096,49.176
0.941495,44.1314,9.1002,-18.7605,48.809
0.942019,42.1687,9.7301,-16.0996,46.174
0.946943,38.8082,9.5606,-13.2012,42.092
0.951913,34.7705,8.7054,-10.3419,37.306
0.958601,29.9065,7.5917,-7.7522,31.814
0.967457,24.9208,6.3892,-5.3941,26.286
0.968055,20.6439,5.0737,-3.6199,21.564
0.975304,17.2199,3.6950,-2.3305,17.765
0.976933,14.5499,2.2662,-1.1211,14.768
0.982291,12.0347,0.9412,-0.1086,12.072
0.987826,9.4435,-0.1257,0.5987,9.463
0.991934,7.1703,-1.1242,0.9626,7.321
0.996860,5.2121,-2.1682,0.7663,5.697
1.001895,3.4269,-3.2666,0.0453,4.735
1.007233,1.7722,-4.4739,-1.0754,4.931
1.014263,-0.1025,-5.6167,-2.4954,6.147
1.016642,-2.2553,-6.6298,-3.9909,8.060
1.024777,-4.3949,-7.6035,-5.4193,10.320
1.026716,-6.5505,-8.5760,-6.6567,12.679
1.031639,-8.9819,-9.3040,-7.5304,14.965
1.036509,-11.9476,-9.5785,-7.9358,17.247
1.041836,-15.2886,-9.6233,-8.0589,19.781
1.046744,-18.4411,-9.7618,-8.0120,22.351
1.051747,-21.4011,-9.8828,-7.4511,24.722
1.056560,-23.9387,-9.9429,-5.9988,26.607
1.061868,-25.7601,-9.8699,-4.0275,27.879
1.068373,-26.7983,-9.9874,-1.9612,28.666
1.075910,-26.9064,-10.6025,-0.3998,28.923
1.076516,-27.5640,-11.2700,0.3890,29.782
1.081597,-27.9040,-12.3942,0.5339,30.537
1.086447,-27.5777,-13.8796,-0.2399,30.874
1.091833,-26.6412,-15.4097,-1.6816,30.823
1.096507,-25.0335,-16.8449,-3.4736,30.373
1.101583,-23.0653,-18.1176,-5.4357,29.830
1.106336,-20.8462,-18.9363,-7.3744,29.112
1.111374,-18.1607,-19.5610,-9.0516,28.185
1.117350,-15.1098,-20.0140,-10.3639,27.134
1.128040,-11.9143,-19.7024,-11.4803,25.728
1.128613,-8.9683,-18.7982,-12.0895,24.082
1.131247,-6.0654,-17.6498,-12.4172,22.416
1.136354,-2.8888,-16.3153,-12.5489,20.785
1.141592,0.4693,-14.6370,-12.6378,19.344
1.152585,4.1115,-12.6262,-12.7474,18.407
1.153704,8.0339,-10.3578,-13.0275,18.481
1.159307,12.1570,-7.8008,-13.4935,19.767
1.161137,16.2479,-5.1160,-14.0157,22.059
1.166250,20.3108,-2.4156,-14.2839,24.948
1.171982,23.9732,0.1927,-14.1790,27.853
1.176103,27.0118,2.5510,-13.5419,30.324
1.181133,29.9844,4.1060,-12.7858,32.854
1.186369,31.7898,5.1198,-11.7487,34.276
1.191336,32.5315,5.9494,-10.2295,34.617
1.201955,32.2107,6.4733,-8.2656,33.879
1.202580,31.0117,6.7685,-6.0203,32.308
1.211522,29.3117,6.8547,-3.8411,30.347
1.212033,27.0666,6.6706,-2.0409,27.951
1.220676,24.3805,6.3045,-0.6705,25.191
1.220979,21.3765,5.9299,0.2678,22.185
1.226871,18.2038,5.6577,0.9465,19.086
1.232969,15.1588,5.3527,1.2753,16.127
1.235805,12.3743,4.8742,1.2535,13.359
1.240846,9.9725,4.3392,0.9887,10.920
1.246060,7.9827,3.5840,0.5227,8.766
1.250927,6.2348,2.7205,0.0659,6.803
1.255887,4.7011,1.8478,-0.3883,5.066
1.260843,3.4038,1.0386,-0.8401,3.657
1.266137,2.2646,0.2554,-1.2891,2.618
1.271697,1.2820,-0.4915,-1.6731,2.164
1.275973,0.4984,-1.3143,-1.9852,2.432
1.280779,-0.1498,-2.2681,-2.2979,3.232
1.285858,-0.9793,-3.1208,-2.6585,4.215
1.291549,-2.0161,-3.8097,-2.9773,5.239
1.296860,-2.9333,-4.2821,-3.1737,6.084
1.300959,-3.5901,-4.5858,-3.1711,6.631
1.305834,-4.1688,-4.7874,-2.9577,7.003
1.310711,-4.5261,-4.9180,-2.6699,7.197
1.315806,-4.7094,-4.9629,-2.3182,7.224
1.323574,-4.8056,-4.9374,-1.8724,7.140
1.325498,-4.8722,-4.8807,-1.4313,7.043
1.330494,-4.8090,-4.6933,-1.0800,6.806
1.335468,-4.6378,-4.5003,-0.8647,6.520
1.340864,-4.4733,-4.3176,-0.7588,6.263
1.346200,-4.3224,-4.1502,-0.7856,6.044
1.350753,-4.1945,-3.9653,-0.8787,5.839
1.355439,-4.1082,-3.7252,-0.9293,5.623
1.360468,-3.9726,-3.4449,-0.9432,5.342
1.365542,-3.7986,-3.2107,-0.9887,5.071
1.370994,-3.4922,-2.9945,-1.1152,4.733
1.375453,-3.1455,-2.8775,-1.2807,4.451
1.380413,-2.8249,-2.7644,-1.4670,4.216
1.385296,-2.4203,-2.6934,-1.5945,3.957
1.390436,-1.9596,-2.7461,-1.6834,3.770
1.397544,-1.6825,-2.8027,-1.7204,3.694
1.400825,-1.5097,-2.7486,-1.6486,3.543
1.405251,-1.4514,-2.6368,-1.4873,3.357
1.410296,-1.4352,-2.4770,-1.2171,3.111
1.415858,-1.3942,-2.3076,-0.9381,2.855
1.424889,-1.3904,-2.1526,-0.6357,2.640
1.426472,-1.3958,-1.9404,-0.4387,2.430
1.430217,-1.2937,-1.8049,-0.2560,2.235
1.435087,-1.0841,-1.6982,-0.1208,2.018
1.440188,-0.8285,-1.6250,-0.0090,1.824
1.446035,-0.6312,-1.5423,0.0894,1.669
1.450107,-0.4582,-1.3925,0.1792,1.477
1.455072,-0.3527,-1.2284,0.2078,1.295
1.460629,-0.3083,-1.0979,0.2517,1.168
1.465420,-0.2006,-1.0246,0.3060,1.088
1.470444,-0.1585,-0.9655,0.2749,1.016
1.475081,-0.2011,-0.9013,0.2254,0.951
1.480041,-0.2616,-0.7746,0.1331,0.828
1.485036,-0.2977,-0.7483,0.0265,0.806
1.490309,-0.3177,-0.7693,-0.0616,0.835
1.496117,-0.3562,-0.7708,-0.1839,0.869
1.500149,-0.4087,-0.7718,-0.2977,0.923
1.505042,-0.4374,-0.7678,-0.3504,0.951
1.509971,-0.4569,-0.7825,-0.4330,1.004
1.515211,-0.4535,-0.8114,-0.4835,1.048
1.522247,-0.3922,-0.8064,-0.5448,1.049
1.524731,-0.4078,-0.8297,-0.6069,1.106
1.529871,-0.4427,-0.8574,-0.5598,1.116
1.534728,-0.4682,-0.8609,-0.4750,1.089
1.539791,-0.4892,-0.8306,-0.3666,1.031
1.545949,-0.5400,-0.8194,-0.3104,1.029
1.549830,-0.5663,-0.7886,-0.2536,1.003
1.554714,-0.4876,-0.7911,-0.2867,0.973
1.559879,-0.4091,-0.8699,-0.3046,1.008
1.564834,-0.4552,-0.8860,-0.3740,1.064
1.569820,-0.4393,-0.8970,-0.4855,1.111
1.574581,-0.4387,-1.0323,-0.6343,1.289
1.580326,-0.4620,-1.1144,-0.7921,1.443
1.584576,-0.5005,-1.1723,-0.9445,1.586
1.589763,-0.4442,-1.2921,-1.0056,1.697
1.595155,-0.4126,-1.4117,-1.2004,1.898
1.599678,-0.4634,-1.5070,-1.4903,2.170
1.604445,-0.5922,-1.6214,-1.7418,2.452
1.609845,-0.7980,-1.7976,-2.0037,2.808
1.615532,-1.0433,-2.0167,-2.2380,3.188
1.619610,-1.2950,-2.1686,-2.4742,3.536
1.624632,-1.6111,-2.3399,-2.7511,3.955
1.629433,-2.1118,-2.5305,-3.0790,4.510
1.634402,-2.6731,-2.7600,-3.3146,5.074
1.640153,-3.2806,-3.1380,-3.5544,5.766
1.644369,-4.0452,-3.5644,-3.6168,6.492
1.649588,-5.0260,-4.0156,-3.4777,7.313
1.654317,-6.3976,-4.3300,-3.1557,8.345
1.659402,-7.9384,-4.6046,-2.6307,9.547
1.664390,-9.6905,-4.9603,-2.2323,11.113
1.669757,-11.6830,-5.4606,-2.0369,13.056
1.674375,-13.8110,-6.1975,-1.8422,15.249
1.679375,-16.1953,-7.1763,-1.5139,17.779
1.684178,-18.5214,-8.1344,-1.0936,20.258
1.691093,-20.4136,-8.8613,-0.6006,22.262
1.694913,-22.0284,-9.7624,-0.2823,24.096
1.699738,-22.8721,-11.4810,-0.1364,25.592
1.703926,-23.1186,-13.5846,-0.0725,26.815
1.709093,-22.8330,-15.4545,-0.1192,27.572
1.716080,-22.2066,-16.8115,-0.2052,27.853
1.719218,-21.1551,-18.0840,-0.5770,27.837
1.725587,-19.3943,-19.3742,-1.5350,27.456
1.731493,-17.0010,-20.6172,-2.9169,26.881
1.733995,-14.0282,-21.3481,-4.6105,25.957
1.738961,-9.9838,-21.7272,-6.3798,24.748
1.743880,-5.0698,-21.0574,-8.2169,23.165
1.749039,-0.5294,-19.6359,-9.8273,21.964
1.756423,4.0460,-17.6548,-11.2863,21.341
1.759585,9.3353,-15.0088,-12.5798,21.695
1.763899,15.3867,-11.9535,-13.9681,23.974
1.769000,21.8568,-8.5818,-15.6643,28.227
1.774185,28.0547,-5.0589,-17.4877,33.444
1.782650,33.3071,-1.6820,-18.9143,38.340
1.785118,37.2931,1.1861,-19.6810,42.184
1.797656,39.9865,3.4995,-19.4764,44.615
1.801040,41.3022,5.0633,-18.4584,45.522
1.801792,41.0836,5.7852,-17.0049,44.839
1.806240,39.3974,5.9774,-15.1610,42.635
1.808742,36.7615,5.9392,-13.0413,39.456
1.816209,33.4492,5.6312,-11.0411,35.672
1.819123,29.6462,5.1552,-9.0634,31.426
1.823542,25.3634,4.8281,-7.3131,26.835
1.830475,21.1461,4.5966,-5.8867,22.426
1.835685,17.5283,4.2605,-4.9437,18.704
1.838523,14.6082,3.8040,-4.3831,15.719
1.843451,12.2397,3.1483,-3.8759,13.219
1.848620,10.0452,2.4888,-3.4981,10.924
1.853583,7.9260,1.8519,-3.1725,8.736
1.858583,5.8348,1.2364,-2.8665,6.617
1.863484,3.8018,0.5960,-2.6800,4.689
1.868702,1.8573,-0.1299,-2.5362,3.146
1.873913,-0.0218,-0.8728,-2.3636,2.520
1.879149,-1.7131,-1.6254,-2.1222,3.175
1.883406,-3.0383,-2.4423,-1.9701,4.368
1.888382,-4.2583,-3.2259,-1.8975,5.669
1.893587,-5.4440,-3.9377,-1.7295,6.938
1.898469,-6.3790,-4.5495,-1.5055,7.979
1.904082,-7.0236,-4.9759,-1.1593,8.685
1.908313,-7.3586,-5.2892,-0.7138,9.090
1.913397,-7.4618,-5.4684,-0.3244,9.257
1.918210,-7.3936,-5.5431,0.0540,9.241
1.923408,-7.2017,-5.4575,0.3314,9.042
1.933671,-6.8762,-5.3135,0.5230,8.706
1.934135,-6.4931,-5.1937,0.6769,8.342
1.938831,-6.0721,-5.0655,0.7414,7.942
1.942990,-5.7239,-4.9157,0.7054,7.578
1.948384,-5.5062,-4.6780,0.5789,7.248
1.954157,-5.3369,-4.4295,0.4571,6.951
1.958206,-5.2445,-4.1275,0.2723,6.679
1.963155,-5.1904,-3.8202,0.0858,6.445
1.968216,-5.0889,-3.5556,-0.1319,6.209
1.973347,-4.9911,-3.3244,-0.3579,6.008
1.978259,-4.9646,-3.1170,-0.6602,5.899
1.983203,-4.9425,-2.8615,-0.8676,5.777
1.988059,-4.8048,-2.6540,-1.0193,5.583
1.992908,-4.6615,-2.4368,-1.1495,5.384
1.998540,-4.4647,-2.1624,-1.3117,5.131
2.002866,-4.1802,-1.8976,-1.4877,4.826
2.007944,-3.8463,-1.6664,-1.7698,4.550
2.014931,-3.4764,-1.5259,-1.9825,4.283
2.017974,-3.0936,-1.4092,-2.1269,4.010
2.025180,-2.6731,-1.3113,-2.2184,3.713
2.027831,-2.1612,-1.2035,-2.1905,3.304
2.032689,-1.6674,-1.1288,-2.1153,2.920
2.037740,-1.2571,-1.0873,-1.8924,2.519
2.042754,-0.7857,-0.9928,-1.5073,1.969
2.047815,-0.4539,-0.8934,-1.0982,1.487
2.052706,-0.1458,-0.8560,-0.7361,1.138
2.058242,0.1447,-0.8567,-0.3719,0.945
2.062704,0.4559,-0.8143,-0.0194,0.933
2.067755,0.6929,-0.8150,0.3272,1.119
2.072734,0.8564,-0.7440,0.6306,1.298
2.077745,0.9371,-0.6255,0.8772,1.428
2.082735,1.0067,-0.5457,1.0815,1.575
2.087716,1.0271,-0.4710,1.2012,1.649
2.092555,1.0268,-0.4206,1.1880,1.626
2.097782,0.9576,-0.3658,1.1090,1.510
2.102467,0.8721,-0.3350,0.9733,1.349
2.107720,0.7557,-0.3474,0.7472,1.118
2.115001,0.6557,-0.3358,0.4347,0.855
2.117665,0.5764,-0.2954,0.1882,0.674
2.123923,0.5178,-0.2691,-0.0411,0.585
2.127339,0.4652,-0.2904,-0.2198,0.591
2.132384,0.4134,-0.2825,-0.3292,0.599
2.137674,0.3911,-0.2550,-0.3504,0.584
2.142556,0.3935,-0.2128,-0.2734,0.524
2.147501,0.4013,-0.2182,-0.2315,0.512
2.152307,0.4295,-0.1801,-0.1199,0.481
2.157745,0.4012,-0.2039,0.0481,0.453
2.162603,0.3548,-0.1844,0.2396,0.466
2.167347,0.2468,-0.1840,0.4075,0.511
2.172303,0.1728,-0.2314,0.6578,0.718
2.177435,0.0796,-0.2310,0.8625,0.896
2.182329,-0.0473,-0.1974,1.0118,1.032
2.187258,-0.1703,-0.2024,1.1450,1.175
2.192144,-0.2996,-0.1839,1.2193,1.269
2.197262,-0.4357,-0.2041,1.1965,1.290
2.202176,-0.5355,-0.2391,1.1149,1.260
2.207133,-0.5948,-0.2075,0.9742,1.160
2.215036,-0.5462,-0.1237,0.7880,0.967
2.217299,-0.4474,-0.1407,0.5462,0.720
2.227360,-0.3316,-0.1243,0.2962,0.462
2.227688,-0.2513,-0.1272,0.1093,0.302
2.231971,-0.1631,-0.1683,0.0039,0.234
2.237018,-0.0763,-0.1041,-0.0584,0.142
2.241992,0.0049,-0.0113,-0.0250,0.028
2.247024,0.0996,0.0000,0.0133,0.101
2.251859,0.1221,0.0352,0.0663,0.143
2.256932,0.1346,0.0750,0.0912,0.179
2.262258,0.1468,0.1050,0.1600,0.241
2.267012,0.1680,0.1491,0.2009,0.301
2.271967,0.1506,0.1260,0.2571,0.323
2.276920,0.1040,0.1267,0.2232,0.277
2.281949,0.0903,0.1512,0.1516,0.232
2.287195,0.1237,0.1326,0.1141,0.214
2.291711,0.1709,0.1235,0.0194,0.212
2.297142,0.1842,0.0809,-0.1280,0.238
2.301767,0.2500,0.0912,-0.2230,0.347
2.306935,0.2870,0.0584,-0.2419,0.380
2.315224,0.2954,0.0976,-0.2662,0.409
2.316877,0.3470,0.1608,-0.3006,0.486
2.326942,0.4665,0.1426,-0.1723,0.517
2.327322,0.8124,0.1098,0.3306,0.884
2.331647,1.0500,0.0621,0.9120,1.392
2.337129,1.0021,0.2246,1.1843,1.568
2.341911,0.8695,0.3672,1.1619,1.497
2.346702,0.7090,0.3611,0.9592,1.246
2.351505,0.6068,0.3261,0.6670,0.959
2.357367,0.5295,0.3054,0.3899,0.725
2.361841,0.4815,0.2993,0.1510,0.587
2.366598,0.3670,0.2838,-0.0453,0.466
2.371495,0.2768,0.2924,-0.2425,0.470
2.376459,0.1579,0.2966,-0.3836,0.510
2.381686,0.0532,0.3202,-0.4496,0.555
2.386969,-0.0375,0.3441,-0.4599,0.576
2.391394,-0.0376,0.2392,-0.4815,0.539
2.396426,-0.0379,0.1155,-0.4999,0.514
2.401355,-0.0813,0.0114,-0.4813,0.488
2.406571,-0.1583,-0.0349,-0.4877,0.514
2.414609,-0.2068,-0.0810,-0.4612,0.512
2.416483,-0.3229,-0.1413,-0.3872,0.524
2.424952,-0.3534,-0.1920,-0.3948,0.564
2.426281,-0.4085,-0.2234,-0.4408,0.641
2.431201,-0.4500,-0.2740,-0.4484,0.692
2.436832,-0.4252,-0.3580,-0.3887,0.678
2.441282,-0.4443,-0.3942,-0.2949,0.663
2.446356,-0.5311,-0.4354,-0.1909,0.713
2.451273,-0.5902,-0.4862,-0.1242,0.775
2.456260,-0.6601,-0.4990,-0.0135,0.828
2.461961,-0.6834,-0.4977,0.0410,0.846
2.466394,-0.5882,-0.4680,0.0198,0.752
2.471089,-0.5323,-0.4623,-0.0535,0.707
2.476109,-0.5108,-0.4567,-0.1696,0.706
2.480956,-0.4088,-0.4462,-0.3290,0.689
2.487008,-0.3552,-0.4453,-0.4217,0.709
2.491091,-0.3500,-0.4442,-0.5151,0.765
2.496028,-0.3263,-0.4142,-0.5806,0.784
2.501067,-0.2313,-0.4032,-0.5990,0.758
2.505970,-0.1460,-0.3347,-0.6613,0.755
2.510854,-0.0752,-0.3091,-0.7149,0.783
2.515991,-0.0092,-0.3552,-0.6451,0.736
2.524315,0.0855,-0.3580,-0.5184,0.636
2.525867,0.1230,-0.3272,-0.3394,0.487
2.530832,0.1845,-0.2965,-0.1605,0.384
2.535934,0.2320,-0.2660,0.0473,0.356
2.541329,0.2846,-0.2834,0.1503,0.429
2.546047,0.3235,-0.2867,0.2685,0.509
2.550824,0.3199,-0.2758,0.4309,0.603
2.556709,0.3121,-0.2222,0.5325,0.656
2.560693,0.2328,-0.1929,0.5683,0.644
2.565985,0.1488,-0.1783,0.4954,0.547
2.570808,0.0647,-0.1542,0.4089,0.442
2.575796,-0.0053,-0.1495,0.2993,0.335
2.580779,-0.0276,-0.1305,0.1900,0.232
2.585980,-0.0401,-0.0917,0.1087,0.148
2.591061,-0.0146,-0.0768,0.0562,0.096
2.595672,0.0252,-0.0430,-0.0582,0.077
2.600865,0.1174,0.0002,-0.1297,0.175
2.605750,0.2234,0.0195,-0.1969,0.298
2.610766,0.2961,0.0722,-0.2789,0.413
2.616064,0.3456,0.1151,-0.2806,0.460
2.624676,0.4007,0.1058,-0.3357,0.533
2.625565,0.4185,0.1490,-0.3487,0.565
2.630414,0.3947,0.1161,-0.3199,0.521
2.635475,0.4006,0.1359,-0.3015,0.519
2.640422,0.3692,0.1984,-0.1889,0.460
2.645633,0.3484,0.1512,-0.1772,0.419
2.650516,0.3237,0.1853,-0.1233,0.393
2.655561,0.3186,0.1668,-0.0508,0.363
2.660483,0.3141,0.1200,0.0259,0.337
2.665693,0.2766,0.1353,0.1262,0.333
2.670256,0.1826,0.1218,0.2359,0.322
2.675415,0.1032,0.0702,0.3220,0.345
2.680296,0.0194,0.0568,0.3706,0.375
2.685552,-0.0881,0.0670,0.4199,0.434
2.690590,-0.2287,0.0531,0.4033,0.467
2.695666,-0.3027,0.0723,0.3308,0.454
2.700276,-0.3821,0.0960,0.2880,0.488
2.705343,-0.4478,0.0908,0.2177,0.506
2.710356,-0.4807,0.0571,0.1626,0.511
2.716364,-0.4573,0.0520,0.1084,0.473
2.725271,-0.4920,0.0944,0.0501,0.503
2.725547,-0.4703,0.1174,-0.0171,0.485
2.730214,-0.3781,0.1354,-0.0552,0.405
2.735062,-0.2538,0.1533,-0.0931,0.311
2.740281,-0.1591,0.1568,-0.1165,0.252
2.745401,-0.0650,0.1270,-0.0969,0.172
2.750264,-0.0142,0.1497,-0.0631,0.163
2.755139,0.0079,0.1579,-0.0246,0.160
2.760066,0.0443,0.1233,0.0184,0.132
2.765369,0.0567,0.1270,0.0325,0.143
2.770471,0.0407,0.1591,0.0845,0.185
2.775133,0.0296,0.1150,0.1077,0.160
2.780364,-0.0052,0.0616,0.1642,0.175
2.785028,-0.1208,0.0467,0.1538,0.201
2.790014,-0.1454,0.0794,0.1626,0.232
2.795213,-0.1844,0.0168,0.0762,0.200
2.800265,-0.2140,0.0023,0.0426,0.218
2.804928,-0.2199,-0.0073,0.0281,0.222
2.810352,-0.2022,-0.0121,0.0278,0.204
2.815041,-0.1802,0.0259,0.0703,0.195
2.823897,-0.1679,0.0256,0.0839,0.189
2.824956,-0.0797,-0.0317,0.1166,0.145
2.829831,-0.0396,-0.0079,0.1207,0.127
2.835001,-0.0519,-0.0602,0.1107,0.136
2.840274,-0.0214,-0.0409,0.0865,0.098
2.845555,-0.0339,-0.0788,0.1102,0.140
2.849784,-0.0511,-0.1022,0.1196,0.165
2.854749,-0.0968,-0.1349,0.1386,0.216
2.859688,-0.0616,-0.1864,0.1435,0.243
2.864770,-0.0886,-0.2328,0.1770,0.306
2.869742,-0.0918,-0.2123,0.1582,0.280
2.874776,-0.0905,-0.1540,0.1254,0.218
2.879648,-0.0656,-0.1532,0.0928,0.191
2.884764,-0.0172,-0.1761,0.0651,0.189
2.889921,-0.0167,-0.1798,0.0471,0.187
2.896458,-0.0066,-0.1787,0.0671,0.191
2.900317,0.0034,-0.2062,0.0681,0.217
2.904517,-0.0202,-0.1717,0.0978,0.199
2.909460,0.0656,-0.1232,0.0894,0.166
2.914857,0.0792,-0.1038,0.0670,0.147
2.925341,0.1165,-0.0844,0.0306,0.147
2.925688,0.2013,-0.0938,0.0516,0.228
2.929558,0.2382,-0.0889,0.0156,0.255
2.934433,0.2466,-0.0982,0.0225,0.266
2.939515,0.2362,-0.0410,0.0345,0.242
2.945504,0.2072,-0.0033,0.0512,0.213
2.949480,0.2070,0.0293,-0.0035,0.209
2.954383,0.1975,0.0379,-0.0197,0.202
2.959891,0.1882,0.0322,-0.0404,0.195
2.964400,0.1932,0.0313,-0.0752,0.210
2.969184,0.1795,0.0779,-0.0623,0.205
2.974244,0.1517,0.0434,-0.0355,0.162
2.979255,0.1433,0.0568,-0.0709,0.170
2.984276,0.1352,0.0654,-0.0542,0.160
2.989323,0.1083,0.0596,-0.0376,0.129
2.996473,0.1102,0.0492,0.0073,0.121
2.999149,0.0646,0.0959,0.0282,0.119
3.004158,0.0621,0.0708,0.0253,0.098
3.009129,0.0548,0.0650,0.0179,0.087
3.015409,0.0287,0.0544,0.0154,0.063
3.024441,0.0171,0.0487,-0.0107,0.053
3.024838,0.0198,0.0619,-0.0271,0.070
3.028960,0.0273,0.0656,-0.0386,0.081
3.034093,-0.0365,0.0740,-0.0358,0.090
3.038932,-0.0668,0.0872,-0.0902,0.142
3.043925,-0.0873,0.0575,-0.1634,0.194
3.048994,-0.0981,0.0519,-0.2128,0.240
3.053878,-0.1514,0.0514,-0.4196,0.449
3.058851,-0.1185,0.0464,-0.7451,0.756
3.063881,-0.0715,0.0561,-0.5752,0.582
3.068770,-0.0534,0.0753,-0.2030,0.223
3.074157,-0.0639,0.0657,0.0476,0.103
3.079321,-0.0410,0.0371,0.1686,0.177
3.083842,-0.0040,0.0086,0.1942,0.194
3.088758,0.0040,-0.0150,0.1440,0.145
3.094414,0.0215,0.0233,0.1135,0.118
3.099106,0.0196,0.0089,0.0789,0.082
3.103720,-0.0206,0.0278,0.0305,0.046
3.108674,-0.0133,0.0466,0.0399,0.063
3.114458,-0.0255,0.0318,0.1208,0.128
3.118692,-0.0189,0.0407,0.2257,0.230
3.125911,-0.0080,0.0256,0.3450,0.346
3.134606,-0.0022,-0.0276,0.3691,0.370
3.134892,-0.0346,-0.0234,0.2654,0.269
3.139539,-0.0622,0.0138,0.1108,0.128
3.150223,-0.0373,0.0366,-0.1187,0.130
3.150704,0.0208,0.0545,-0.2330,0.240
