0.002629,-0.0576,-0.0233,-0.8604,0.863
0.003095,0.1844,-0.0315,-0.9328,0.951
0.007665,0.3930,-0.0723,-1.0452,1.119
0.014733,0.3683,0.0588,-0.9833,1.052
0.015492,0.3546,0.1465,-0.8146,0.900
0.020282,0.3324,0.1007,-0.6109,0.703
0.025367,0.4114,0.0412,-0.3289,0.528
0.030560,0.4578,0.0630,-0.1259,0.479
0.036378,0.4623,0.0417,0.0519,0.467
0.040578,0.6108,0.0396,0.1759,0.637
0.045410,0.7073,0.0469,0.2803,0.762
0.050475,0.6237,0.1440,0.3086,0.711
0.055443,0.5133,0.1404,0.4040,0.668
0.061496,0.4569,0.1033,0.4709,0.664
0.065464,0.4775,0.1280,0.5098,0.710
0.070499,0.4087,0.1475,0.5397,0.693
0.075367,0.2980,0.1524,0.6225,0.707
0.080462,0.2931,0.1711,0.6107,0.699
0.085487,0.3075,0.1277,0.5907,0.678
0.090408,0.2223,0.0890,0.6196,0.664
0.095350,0.1899,0.0885,0.6066,0.642
0.100278,0.1771,0.1018,0.6186,0.651
0.105508,0.1502,0.1052,0.6176,0.644
0.110237,0.0806,0.0704,0.5035,0.515
0.115434,0.0685,0.0499,0.4816,0.489
0.120190,0.0612,0.0150,0.4513,0.456
0.125222,0.0967,-0.0055,0.4267,0.438
0.130198,0.1324,-0.0117,0.4507,0.470
0.135007,0.2301,-0.0419,0.4752,0.530
0.141295,0.2995,-0.1006,0.5525,0.636
0.145180,0.3599,-0.1495,0.6348,0.745
0.150080,0.3736,-0.0795,0.6937,0.792
0.155061,0.3452,-0.1244,0.7674,0.851
0.159961,0.3233,-0.1694,0.8183,0.896
0.165242,0.2266,-0.1384,0.8274,0.869
0.170130,0.1267,-0.0700,0.8237,0.836
0.175032,0.0045,-0.0928,0.7502,0.756
0.180034,-0.1404,-0.1156,0.6835,0.707
0.185043,-0.2277,-0.1669,0.6226,0.684
0.190255,-0.3758,-0.1562,0.5540,0.687
0.194941,-0.5185,-0.1790,0.4915,0.737
0.200117,-0.6277,-0.1731,0.4111,0.770
0.205034,-0.7370,-0.2244,0.4130,0.874
0.209911,-0.8227,-0.2565,0.4350,0.965
0.215243,-0.8140,-0.3168,0.4955,1.004
0.221320,-0.8396,-0.3438,0.5385,1.055
0.229589,-0.8614,-0.3329,0.5588,1.079
0.237427,-0.7895,-0.3413,0.5138,1.002
0.237833,-0.9092,-0.3071,0.4328,1.053
0.239739,-0.9623,-0.2829,0.2632,1.037
0.244836,-0.8684,-0.2779,0.0625,0.914
0.249860,-0.8949,-0.2492,-0.1506,0.941
0.254657,-1.0079,-0.2346,-0.3293,1.086
0.259885,-1.0786,-0.2439,-0.4877,1.209
0.268739,-1.1122,-0.2443,-0.5911,1.283
0.270253,-1.1183,-0.3066,-0.5180,1.270
0.274619,-1.0252,-0.3924,-0.4836,1.200
0.280894,-0.9335,-0.4062,-0.4590,1.117
0.284356,-0.9344,-0.4484,-0.3922,1.108
0.289544,-1.0380,-0.5000,-0.3105,1.193
0.295027,-1.3356,-0.5707,-0.2428,1.473
0.299779,-1.5979,-0.6889,-0.1793,1.749
0.304606,-1.7641,-0.7400,-0.1103,1.916
0.309490,-1.8874,-0.7052,0.0169,2.015
0.314482,-1.9339,-0.6705,0.0679,2.048
0.319864,-1.9242,-0.6078,0.1215,2.022
0.324625,-1.9486,-0.5120,0.1148,2.018
0.329401,-1.9402,-0.4358,0.1008,1.991
0.334847,-1.8462,-0.3886,0.0220,1.887
0.339729,-1.7618,-0.3319,-0.1071,1.796
0.344836,-1.6571,-0.2702,-0.2397,1.696
0.349430,-1.5679,-0.2229,-0.3073,1.613
0.354268,-1.4596,-0.1563,-0.2869,1.496
0.359442,-1.3276,-0.0369,-0.2357,1.349
0.364206,-1.1769,0.0540,-0.1345,1.186
0.373928,-0.9981,0.1691,0.0270,1.013
0.374285,-0.7508,0.3322,0.2338,0.854
0.379706,-0.5197,0.5240,0.3215,0.805
0.384151,-0.1731,0.6827,0.3084,0.769
0.389535,0.2852,0.7367,0.3766,0.875
0.394498,0.9854,0.8201,0.5548,1.397
0.399113,1.7569,1.0044,0.7283,2.151
0.403959,2.4837,1.2889,0.9144,2.944
0.409257,3.2684,1.5206,1.0588,3.757
0.414001,4.0954,1.7951,0.9865,4.579
0.419593,4.9091,2.0642,0.8061,5.386
0.423907,5.6825,2.2608,0.5540,6.141
0.429832,6.3073,2.5520,0.2567,6.809
0.434346,6.7566,2.8225,0.1020,7.323
0.439333,7.0775,3.1484,-0.0227,7.746
0.444389,7.3570,3.3958,-0.1639,8.105
0.448901,7.6717,3.5740,-0.4711,8.476
0.453847,7.9410,3.6066,-0.9263,8.771
0.459023,8.2085,3.4986,-1.3534,9.025
0.463761,8.3258,3.3268,-1.5478,9.098
0.469718,8.2528,3.1244,-1.5938,8.967
0.473936,7.9080,2.9684,-1.4864,8.577
0.478813,7.3580,2.8111,-1.4257,8.005
0.484202,6.7644,2.6102,-1.4490,7.394
0.490508,6.1974,2.2851,-1.5173,6.777
0.493802,5.5867,1.8179,-1.6966,6.115
0.500801,4.8603,1.3377,-1.8960,5.386
0.503811,4.1251,0.9076,-1.9714,4.661
0.508757,3.4421,0.5086,-2.0082,4.017
0.513649,2.8253,0.1363,-2.0017,3.465
0.518604,2.1979,-0.2951,-2.0705,3.034
0.523555,1.5414,-0.8707,-2.1365,2.775
0.528695,0.7859,-1.6045,-2.0665,2.732
0.533978,0.1181,-2.1802,-1.9352,2.918
0.538612,-0.6741,-2.5503,-1.9952,3.308
0.543529,-1.6979,-2.8445,-2.3075,4.037
0.548625,-2.7164,-3.2013,-2.7477,5.018
0.553400,-3.7934,-3.6977,-3.4059,6.298
0.559182,-4.9051,-4.2281,-3.9836,7.603
0.563609,-5.7706,-4.5972,-4.2654,8.522
0.568692,-6.3634,-4.7872,-4.3666,9.082
0.573475,-6.7949,-4.8994,-4.3965,9.461
0.578687,-7.1323,-5.1496,-4.2540,9.772
0.583432,-7.3590,-5.3853,-3.8900,9.914
0.588335,-7.6190,-5.6158,-3.4638,10.079
0.593361,-7.9154,-5.7802,-3.0502,10.265
0.598360,-8.2208,-5.9221,-2.7157,10.489
0.603285,-8.7279,-6.0998,-2.5556,10.951
0.608288,-9.5052,-6.2947,-2.6360,11.701
0.613293,-10.3585,-6.5555,-2.7366,12.560
0.622010,-11.0270,-6.8155,-2.8637,13.276
0.623184,-11.8628,-7.0276,-3.0978,14.132
0.631853,-12.9158,-7.3930,-3.1562,15.213
0.633631,-13.7577,-8.0546,-2.7562,16.179
0.638110,-14.3963,-8.6626,-2.0397,16.925
0.642970,-15.1226,-9.0155,-1.2283,17.649
0.648180,-15.5640,-9.5154,-0.5429,18.250
0.653238,-15.5885,-10.3073,-0.2657,18.690
0.658172,-15.4634,-11.2343,-0.1906,19.114
0.662999,-15.1529,-12.1160,-0.1934,19.402
0.668092,-14.6104,-12.9341,-0.3607,19.516
0.673165,-13.8139,-13.7656,-0.8884,19.522
0.678776,-12.8748,-14.4107,-1.5947,19.390
0.682988,-11.9214,-14.7743,-2.2030,19.112
0.688045,-10.3960,-15.0922,-2.8653,18.549
0.692996,-8.0946,-15.4565,-3.5959,17.815
0.698109,-5.9356,-15.5733,-4.2382,17.197
0.703023,-3.6108,-15.0538,-5.1209,16.306
0.707986,-0.9730,-13.8511,-6.7340,15.432
0.712903,2.4863,-12.4804,-9.4109,15.827
0.717813,6.8621,-10.9454,-12.6093,18.052
0.722770,11.5955,-9.1231,-15.2942,21.251
0.730736,16.5465,-6.7004,-17.0461,24.683
0.733155,21.9460,-3.7535,-17.9322,28.588
0.738676,27.4550,-0.8455,-18.3197,33.017
0.742773,32.2561,1.8647,-18.3594,37.162
0.747760,36.0054,4.2680,-17.9638,40.464
0.754106,38.3764,6.2735,-17.0091,42.443
0.757787,38.8694,7.7228,-15.6648,42.613
0.762610,37.5726,8.6963,-13.9746,41.020
0.767720,34.9671,9.1563,-12.0339,38.097
0.772799,31.9377,9.1168,-9.9823,34.681
0.779383,28.8000,8.6014,-8.0389,31.113
0.782547,25.4357,7.7341,-6.2662,27.314
0.787529,22.2702,6.6183,-4.8778,23.739
0.792602,19.8350,5.1630,-3.4964,20.792
0.798184,17.7537,3.6433,-2.4798,18.293
0.804806,15.5055,2.2587,-1.7109,15.762
0.807673,13.3810,0.8790,-1.3309,13.476
0.812401,11.4688,-0.6022,-1.6496,11.602
0.817530,9.4316,-2.2386,-2.3929,9.985
0.822593,7.1993,-3.8793,-3.3106,8.823
0.828180,4.5655,-5.3037,-4.3123,8.220
0.832446,1.9144,-6.6056,-5.2563,8.656
0.837497,-0.6330,-7.7781,-6.1822,9.956
0.842471,-3.0276,-8.9056,-6.9657,11.705
0.848229,-5.4272,-9.8580,-7.6306,13.596
0.857055,-7.6328,-10.7541,-8.0519,15.451
0.858107,-9.8039,-11.3106,-8.4171,17.173
0.862147,-12.3089,-11.5429,-8.5742,18.928
0.867112,-14.8033,-11.5688,-8.3440,20.557
0.872356,-17.1634,-11.4070,-7.9228,22.079
0.877847,-19.4618,-11.1436,-7.5414,23.660
0.882231,-21.9802,-10.6792,-7.0515,25.434
0.887294,-24.4516,-10.3293,-6.3324,27.289
0.892290,-26.3714,-10.4236,-5.2616,28.841
0.897388,-27.2872,-10.6207,-3.7693,29.523
0.904728,-27.3175,-10.8756,-2.0842,29.477
0.907171,-26.9694,-11.4855,-0.4506,29.317
0.911994,-26.1996,-12.4204,0.8513,29.007
0.917490,-25.4655,-13.4533,1.3938,28.834
0.921925,-24.8834,-14.6371,1.0971,28.890
0.927705,-24.0252,-15.8844,-0.0720,28.802
0.931936,-22.9833,-17.1214,-1.7524,28.713
0.936951,-21.6712,-18.2408,-3.8195,28.582
0.941926,-20.0668,-18.9734,-5.9699,28.254
0.947585,-18.2909,-19.3812,-7.9493,27.810
0.952002,-16.2306,-19.5129,-9.5613,27.122
0.957544,-13.7052,-19.4709,-10.7248,26.115
0.961806,-10.6581,-19.2494,-11.4832,24.819
0.966859,-7.2718,-18.6246,-12.0673,23.353
0.972302,-3.4939,-17.5275,-12.7307,21.943
0.979464,0.7491,-16.0281,-13.4816,20.957
0.981831,5.6784,-13.9757,-14.3429,20.815
0.987729,11.4757,-11.2963,-15.7347,22.514
0.991791,17.9702,-8.2253,-17.3898,26.325
0.996981,24.3659,-4.8553,-19.0121,31.285
1.001925,26.3296,1.0834,-19.7909,32.956
1.006886,29.7634,4.2612,-17.6500,34.865
1.011657,37.0077,2.9939,-18.6515,41.550
1.016949,40.4212,2.6559,-18.6872,44.611
1.025651,40.5642,3.9766,-16.9822,44.155
1.026871,38.7337,5.9391,-14.4046,41.750
1.033295,35.3680,7.3515,-11.1294,37.800
1.037866,31.9039,7.6954,-8.0494,33.792
1.041637,28.6581,7.0828,-5.7465,30.074
1.048992,25.2080,6.1019,-3.7301,26.203
1.051575,21.8660,5.1711,-1.8901,22.549
1.056565,18.6558,4.4013,-0.3810,19.172
1.063663,15.5401,3.7907,0.8805,16.020
1.066526,12.6445,3.1449,1.7131,13.142
1.071398,9.9826,2.4467,2.1724,10.505
1.076469,7.5460,1.7176,2.2558,8.061
1.081718,5.5846,0.8588,2.0215,6.001
1.088988,4.1526,-0.1239,1.5842,4.446
1.091349,2.3626,-0.5143,1.4163,2.802
1.096492,0.8607,-0.9588,1.2044,1.764
1.101232,-0.0867,-1.6358,0.8279,1.835
1.106488,-0.8409,-2.2532,0.4926,2.455
1.111526,-1.4324,-2.8829,0.1842,3.224
1.116488,-1.9299,-3.4581,-0.1501,3.963
1.121253,-2.3965,-3.9106,-0.6134,4.627
1.126625,-2.8643,-4.2442,-1.0720,5.231
1.131218,-3.2680,-4.4814,-1.4623,5.736
1.136157,-3.6338,-4.6991,-1.8529,6.222
1.141146,-3.9204,-4.8261,-2.2066,6.598
1.146176,-3.9956,-4.8154,-2.4866,6.733
1.151115,-3.9259,-4.6913,-2.6446,6.664
1.156135,-3.8433,-4.5711,-2.6789,6.545
1.161044,-3.7032,-4.4595,-2.6124,6.358
1.166108,-3.5292,-4.2857,-2.4879,6.084
1.170961,-3.4069,-4.0790,-2.2333,5.765
1.176245,-3.2496,-3.8355,-1.8005,5.340
1.181108,-3.0258,-3.6319,-1.4228,4.937
1.185979,-2.8875,-3.3545,-1.0242,4.543
1.190973,-2.7840,-3.1087,-0.6371,4.221
1.195912,-2.6766,-2.8901,-0.3716,3.957
1.200990,-2.5413,-2.6939,-0.2280,3.710
1.206074,-2.4065,-2.5348,-0.2072,3.501
1.211147,-2.3505,-2.3984,-0.2575,3.368
1.215992,-2.2926,-2.2706,-0.3992,3.251
1.220931,-2.1436,-2.2183,-0.4994,3.125
1.225981,-1.8552,-2.1745,-0.5645,2.914
1.230881,-1.6235,-2.0964,-0.7003,2.742
1.237934,-1.3856,-1.9601,-0.6970,2.500
1.240890,-1.0661,-1.8663,-0.6033,2.232
1.245805,-0.7618,-1.7814,-0.5051,2.002
1.250806,-0.5888,-1.6480,-0.4602,1.810
1.255944,-0.5228,-1.5477,-0.4016,1.682
1.261318,-0.4726,-1.4516,-0.4540,1.593
1.265829,-0.4673,-1.3981,-0.5797,1.584
1.270634,-0.4700,-1.3681,-0.7217,1.617
1.275758,-0.5023,-1.3471,-0.7746,1.633
1.280638,-0.5028,-1.2587,-0.7772,1.562
1.286113,-0.4525,-1.1558,-0.6529,1.402
1.290582,-0.4562,-1.0812,-0.4777,1.267
1.295724,-0.4179,-1.0829,-0.2510,1.188
1.300624,-0.4051,-1.1080,-0.1157,1.185
1.305656,-0.4012,-1.0607,0.0099,1.134
1.311244,-0.2631,-1.0511,0.1837,1.099
1.315587,-0.0913,-1.0121,0.3105,1.063
1.320468,0.0093,-1.0489,0.3427,1.104
1.325559,0.0390,-1.1278,0.2996,1.168
1.330447,0.0258,-1.2298,0.2527,1.256
1.335640,-0.0523,-1.2253,0.1685,1.238
1.340520,-0.0867,-1.2343,0.0900,1.241
1.346450,-0.1206,-1.2855,0.0409,1.292
1.350386,-0.2263,-1.3311,-0.0985,1.354
1.355849,-0.4039,-1.3664,-0.3376,1.464
1.360299,-0.6072,-1.4779,-0.5718,1.697
1.365384,-0.8057,-1.5839,-0.7775,1.940
1.370243,-0.9103,-1.6751,-0.9787,2.143
1.375420,-1.0360,-1.7708,-1.1416,2.348
1.380307,-1.2886,-1.8905,-1.3619,2.663
1.386046,-1.5200,-1.9959,-1.5105,2.928
1.390306,-1.8171,-2.1113,-1.7363,3.282
1.395407,-2.0300,-2.2316,-1.9962,3.617
1.400308,-2.1836,-2.4383,-2.1230,3.901
1.405329,-2.3450,-2.6021,-2.1839,4.128
1.410243,-2.5381,-2.7473,-2.3129,4.398
1.415289,-2.8109,-2.9170,-2.4808,4.750
1.420159,-3.1405,-3.1403,-2.7309,5.214
1.425296,-3.4975,-3.4026,-3.0059,5.731
1.430240,-3.9550,-3.6949,-3.3877,6.385
1.435097,-4.5283,-3.9412,-3.7670,7.087
1.440063,-5.0465,-4.2042,-4.1397,7.764
1.445268,-5.6834,-4.5039,-4.5162,8.543
1.450119,-6.5984,-4.8885,-4.8253,9.525
1.455385,-7.6066,-5.3588,-4.9917,10.559
1.460153,-8.7728,-5.8868,-4.9686,11.675
1.465135,-10.2537,-6.3782,-4.6855,12.953
1.470167,-12.0051,-6.9870,-4.1100,14.486
1.475393,-14.0795,-7.8003,-3.2804,16.427
1.480150,-16.5280,-8.5740,-2.0982,18.737
1.485214,-18.8050,-9.3815,-0.6918,21.027
1.489948,-20.2194,-10.2831,0.5528,22.691
1.496941,-20.1958,-11.5820,1.2114,23.313
1.499892,-20.2668,-12.5518,1.8881,23.914
1.504977,-21.8353,-12.2240,2.8200,25.182
1.509950,-22.5449,-12.8904,2.8175,26.122
1.514867,-22.2851,-14.5729,2.0978,26.709
1.519820,-21.3923,-16.6437,0.4519,27.108
1.525106,-20.0822,-18.6107,-1.8959,27.445
1.529721,-18.0619,-20.2416,-4.4443,27.490
1.534946,-15.3150,-21.6838,-6.9852,27.451
1.539895,-11.7878,-22.8929,-9.3914,27.409
1.553013,-7.9334,-23.1677,-11.3868,27.006
1.553514,-3.1630,-21.8802,-13.0021,25.648
1.560351,2.5054,-19.9044,-14.6853,24.862
1.562015,8.6682,-17.8513,-16.6806,25.924
1.566744,15.6566,-15.1182,-18.1242,28.323
1.569519,22.1885,-11.3388,-19.2130,31.465
1.574633,28.9408,-7.9244,-19.3243,35.690
1.579756,35.1858,-4.8415,-19.2812,40.413
1.584817,39.1981,-0.8305,-18.6818,43.430
1.589842,41.9341,1.9373,-17.2836,45.398
1.594642,43.0598,3.6898,-16.1130,46.124
1.599684,41.7630,4.6310,-14.4381,44.430
1.604628,39.4055,4.8490,-12.2955,41.563
1.609468,35.9744,5.2753,-10.1560,37.751
1.614610,32.2153,5.5353,-7.9881,33.649
1.621508,28.2685,5.3221,-6.3891,29.466
1.624662,23.9034,4.5637,-5.2008,24.885
1.629470,19.5907,3.7207,-4.1332,20.365
1.634905,15.5635,3.0964,-3.3216,16.212
1.639896,12.1510,2.6881,-2.6050,12.714
1.652262,9.4157,2.3602,-1.8943,9.890
1.652761,7.1575,1.9236,-1.4513,7.552
1.654223,5.1001,1.4566,-1.1599,5.429
1.659077,3.4342,0.8046,-1.0062,3.668
1.664367,1.7557,0.3709,-0.9816,2.045
1.669397,-0.1995,0.2064,-0.6949,0.752
1.674314,-1.5008,-0.3155,-0.6245,1.656
1.679136,-2.6585,-0.8401,-0.6644,2.866
1.684604,-3.6661,-1.3481,-0.7045,3.969
1.689306,-4.5253,-1.8427,-0.6861,4.934
1.694218,-5.2762,-2.3794,-0.7720,5.839
1.699556,-5.8440,-2.8756,-0.8903,6.574
1.704202,-6.3363,-3.2457,-0.9184,7.178
1.709126,-6.6161,-3.4573,-0.8674,7.515
1.714129,-6.7041,-3.5068,-0.7666,7.605
1.719665,-6.5792,-3.5239,-0.6048,7.488
1.724209,-6.2181,-3.4967,-0.4558,7.148
1.729045,-5.7752,-3.4737,-0.3420,6.748
1.734669,-5.2013,-3.4415,-0.2293,6.241
1.739020,-4.5957,-3.2578,-0.1559,5.635
1.747304,-4.1098,-3.0719,-0.1597,5.133
1.749006,-3.7199,-2.9223,-0.2984,4.740
1.753944,-3.3601,-2.7523,-0.5597,4.379
1.759405,-3.0258,-2.5766,-0.9159,4.078
1.764015,-2.6779,-2.4430,-1.3738,3.876
1.769871,-2.4353,-2.3181,-1.8395,3.832
1.774018,-2.2303,-2.1684,-2.1997,3.810
1.778798,-2.0630,-2.0753,-2.4650,3.826
1.783938,-1.9463,-1.9098,-2.5937,3.763
1.789045,-1.8180,-1.7772,-2.6384,3.664
1.794876,-1.7257,-1.6200,-2.5611,3.487
1.798809,-1.6406,-1.4050,-2.4191,3.243
1.803758,-1.5628,-1.2088,-2.2406,2.987
1.808948,-1.4541,-1.1318,-2.1066,2.799
1.813730,-1.3469,-1.0065,-1.9602,2.583
1.819634,-1.3184,-0.9240,-1.7865,2.405
1.823671,-1.3160,-0.8457,-1.6143,2.248
1.828645,-1.3447,-0.7526,-1.4725,2.131
1.834084,-1.3426,-0.6063,-1.3277,1.983
1.838632,-1.2956,-0.5409,-1.1939,1.843
1.844618,-1.1933,-0.4606,-1.1154,1.697
1.848511,-1.0213,-0.4037,-1.0152,1.496
1.853560,-0.7934,-0.3892,-0.9364,1.288
1.858451,-0.6431,-0.3886,-0.7878,1.089
1.863635,-0.4503,-0.3778,-0.6412,0.870
1.868503,-0.2909,-0.4001,-0.5148,0.714
1.873997,-0.0827,-0.4220,-0.3709,0.568
1.883895,0.1892,-0.4244,-0.2612,0.533
1.884294,0.4489,-0.4697,-0.2091,0.683
1.888421,0.6397,-0.5196,-0.2048,0.849
1.893600,0.6758,-0.5119,-0.1428,0.860
1.898665,0.6524,-0.5186,-0.1423,0.845
1.903520,0.6180,-0.5153,-0.1902,0.827
1.908286,0.4950,-0.4878,-0.2811,0.750
1.913378,0.3307,-0.5412,-0.3386,0.719
1.918258,0.1823,-0.5700,-0.3774,0.708
1.923341,0.0202,-0.6078,-0.4118,0.734
1.928209,-0.1277,-0.6116,-0.4795,0.788
1.933791,-0.2516,-0.6097,-0.4813,0.817
1.938746,-0.3670,-0.6024,-0.4167,0.819
1.943200,-0.5268,-0.6375,-0.3910,0.915
1.948292,-0.6454,-0.6958,-0.2603,0.984
1.953733,-0.7182,-0.7057,-0.1678,1.021
1.958148,-0.7507,-0.7296,-0.0025,1.047
1.963401,-0.6945,-0.8010,0.1390,1.069
1.968029,-0.7558,-0.8435,0.2389,1.158
1.973212,-0.7722,-0.8669,0.3978,1.227
1.978218,-0.7387,-0.9239,0.6162,1.334
1.983345,-0.7129,-0.9527,0.8372,1.455
1.988030,-0.7333,-0.8722,1.0234,1.532
1.993284,-0.7182,-0.8309,1.2414,1.658
1.998687,-0.6247,-0.7955,1.3675,1.701
2.010122,-0.5483,-0.7419,1.3822,1.662
2.010683,-0.5320,-0.7132,1.3239,1.595
2.013084,-0.5085,-0.6999,1.2353,1.508
2.017852,-0.4679,-0.6922,1.1593,1.429
2.023221,-0.4291,-0.6562,1.0565,1.316
2.027828,-0.3633,-0.5252,0.9699,1.161
2.033384,-0.2656,-0.4042,0.9035,1.025
2.037768,-0.2314,-0.2836,0.8282,0.906
2.042840,-0.1698,-0.2828,0.8204,0.884
2.047870,-0.0902,-0.2726,0.8850,0.930
2.053021,-0.0119,-0.2436,0.9694,1.000
2.058231,0.0606,-0.2388,1.1265,1.153
2.062845,0.0892,-0.2154,1.3138,1.334
2.067725,0.1553,-0.2119,1.4741,1.497
2.072982,0.1681,-0.2378,1.4931,1.521
2.077896,0.1996,-0.2693,1.5385,1.575
2.082804,0.2451,-0.3254,1.5191,1.573
2.088207,0.2426,-0.3200,1.4736,1.527
2.093138,0.2925,-0.3250,1.4593,1.523
2.097881,0.4198,-0.2736,1.4431,1.528
2.106300,0.9850,-0.4102,1.7517,2.051
2.107629,1.3038,-0.3565,1.9010,2.333
2.112642,1.1178,-0.0459,1.7477,2.075
2.118100,2.0136,-0.1303,3.3334,3.897
2.122722,2.2572,0.0897,3.3295,4.023
2.127944,1.9540,0.4380,2.2653,3.023
2.132871,1.4435,0.5421,1.4893,2.144
2.137444,1.0503,0.5417,0.4486,1.264
2.142515,0.6545,0.5618,-0.3691,0.938
2.147425,0.3465,0.5019,-0.8410,1.039
2.153250,0.1351,0.4916,-1.0299,1.149
2.157406,0.0197,0.4636,-1.0268,1.127
2.162421,-0.1251,0.4223,-0.8501,0.957
2.167284,-0.2283,0.3148,-0.6567,0.763
2.172758,-0.3045,0.2079,-0.4887,0.612
2.178612,-0.3972,0.1108,-0.3451,0.538
2.182376,-0.4490,0.0232,-0.2492,0.514
2.187583,-0.4886,0.0504,-0.3345,0.594
2.192354,-0.5303,0.1396,-0.5292,0.762
2.197301,-0.5067,0.1329,-0.8240,0.976
2.205470,-0.3791,0.0402,-1.0564,1.123
2.207233,-0.2618,-0.0234,-1.2463,1.274
2.213426,-0.0918,-0.0340,-1.3172,1.321
2.217359,0.0737,-0.1209,-1.1735,1.182
2.222311,0.1298,-0.1358,-1.0349,1.052
2.227951,0.1292,-0.1459,-0.8824,0.904
2.232348,0.2154,-0.2133,-0.7207,0.782
2.237372,0.3359,-0.2661,-0.6027,0.739
2.242122,0.3567,-0.2612,-0.5716,0.723
2.247094,0.2923,-0.1796,-0.5604,0.657
2.252143,0.2240,-0.1313,-0.6124,0.665
2.257018,0.1705,-0.1735,-0.6706,0.713
2.262066,0.0740,-0.1385,-0.7641,0.780
2.266873,-0.0039,-0.0790,-0.7112,0.716
2.272066,-0.0250,-0.0717,-0.6125,0.617
2.277137,-0.0661,-0.1261,-0.5108,0.530
2.282020,-0.0935,-0.0941,-0.3576,0.381
2.286902,-0.0885,-0.0382,-0.1330,0.164
2.291940,-0.0556,-0.0158,0.1153,0.129
2.298192,0.0051,-0.0463,0.2586,0.263
2.303012,0.0699,-0.1297,0.4122,0.438
2.306844,0.0817,-0.1607,0.5096,0.541
2.311822,0.0594,-0.1491,0.4982,0.523
2.316881,-0.0733,-0.1571,0.4690,0.500
2.322100,-0.1010,-0.2086,0.5421,0.590
2.326816,-0.0474,-0.2750,0.6075,0.669
2.332103,-0.0035,-0.2892,0.6122,0.677
2.341713,0.0501,-0.3276,0.5129,0.611
2.342094,0.1088,-0.3137,0.3955,0.516
2.346822,0.2209,-0.2377,0.2837,0.431
2.351799,0.2526,-0.1762,0.1435,0.340
2.356865,0.2565,-0.0621,0.0128,0.264
2.361662,0.3527,-0.0627,-0.0415,0.361
2.366515,0.3591,-0.0872,-0.0580,0.374
2.371658,0.3574,-0.1257,-0.0127,0.379
2.376521,0.3089,-0.1880,0.0705,0.368
2.381721,0.2518,-0.1353,0.0864,0.299
2.386463,0.1663,-0.0969,0.0395,0.196
2.391669,0.0714,-0.0535,-0.0125,0.090
2.396757,-0.0091,-0.0818,-0.1033,0.132
2.401711,-0.0945,-0.0573,-0.1563,0.191
2.406452,-0.2042,-0.0661,-0.1665,0.272
2.411519,-0.2999,-0.0175,-0.1771,0.349
2.416488,-0.4109,-0.0072,-0.0777,0.418
2.421799,-0.4413,-0.0736,-0.0020,0.447
2.426363,-0.5016,-0.0587,0.0453,0.507
2.431470,-0.5532,-0.0585,0.1268,0.571
2.436339,-0.5485,-0.0442,0.1611,0.573
2.441399,-0.5541,0.0033,0.1194,0.567
2.446382,-0.5460,0.0123,-0.0030,0.546
2.451342,-0.5001,0.0596,-0.1588,0.528
2.456274,-0.4740,0.1404,-0.2909,0.574
2.463618,-0.4435,0.1591,-0.4761,0.670
2.466340,-0.4370,0.2212,-0.6096,0.782
2.471812,-0.3874,0.2596,-0.6482,0.799
2.476186,-0.2946,0.2983,-0.5923,0.726
2.481426,-0.1731,0.3707,-0.5327,0.672
2.486234,-0.1135,0.4147,-0.4599,0.630
2.491227,-0.0248,0.4301,-0.3832,0.577
2.496289,0.0500,0.4362,-0.2928,0.528
2.501263,0.1111,0.3897,-0.1837,0.445
2.506242,0.1729,0.4105,-0.1324,0.465
2.511310,0.1633,0.4408,-0.1054,0.482
2.516117,0.1300,0.4282,-0.0500,0.450
2.521216,0.0585,0.4156,0.0293,0.421
2.526360,0.0635,0.4365,0.1086,0.454
2.531095,0.0349,0.4476,0.2215,0.501
2.536122,-0.0181,0.4299,0.2823,0.515
2.540960,-0.0715,0.4215,0.3198,0.534
2.545851,-0.1159,0.3603,0.3483,0.514
2.551101,-0.1562,0.2940,0.3732,0.500
2.556052,-0.2071,0.2513,0.4087,0.523
2.560883,-0.2253,0.1604,0.4167,0.500
2.565904,-0.2301,0.1218,0.3924,0.471
2.570933,-0.2023,0.0732,0.3599,0.419
2.575775,-0.1175,0.0912,0.2859,0.322
2.580856,-0.0187,0.1377,0.1123,0.179
2.586109,0.0704,0.1312,0.0114,0.149
2.590834,0.1933,0.1390,-0.0938,0.256
2.595696,0.2641,0.1373,-0.1939,0.355
2.600660,0.2972,0.1691,-0.2798,0.442
2.605861,0.2927,0.1053,-0.3037,0.435
2.614829,0.2265,0.0753,-0.2943,0.379
2.615708,0.1895,0.0452,-0.2084,0.285
2.620876,0.1090,-0.0086,-0.0836,0.138
2.625518,0.0243,-0.0670,0.0360,0.080
2.630612,-0.0790,-0.0680,0.1600,0.191
2.635708,-0.1820,-0.0646,0.2411,0.309
2.640617,-0.3185,-0.1660,0.3031,0.470
2.645615,-0.4453,-0.1717,0.3272,0.579
2.650811,-0.4916,-0.1824,0.3469,0.629
2.655474,-0.5771,-0.1836,0.2813,0.668
2.660874,-0.5871,-0.1708,0.2449,0.659
2.665442,-0.5174,-0.1533,0.2326,0.588
2.670485,-0.4586,-0.1359,0.1964,0.517
2.675396,-0.3295,-0.1377,0.1890,0.404
2.680674,-0.2164,-0.1157,0.1818,0.305
2.685976,-0.1377,-0.0750,0.1461,0.214
2.690424,-0.0406,-0.0391,0.0390,0.069
2.695333,0.0226,-0.0081,-0.1060,0.109
2.700747,0.0857,0.0039,-0.1887,0.207
2.705296,0.1111,0.0542,-0.2244,0.256
2.713633,0.1367,0.0711,-0.2321,0.279
2.715272,0.1580,0.1071,-0.1788,0.262
2.722147,0.1608,0.0814,-0.1649,0.244
2.725266,0.1306,0.0609,-0.1186,0.187
2.730277,0.0440,0.0693,-0.0686,0.107
2.735030,-0.0274,0.0872,0.0850,0.125
2.740232,-0.0083,0.0814,0.2226,0.237
2.745110,-0.0273,0.0376,0.3260,0.329
2.750131,-0.0364,-0.0345,0.4953,0.498
2.755051,-0.0927,-0.1013,0.5879,0.604
2.760224,-0.1204,-0.0682,0.6473,0.662
2.765043,-0.2623,-0.0688,0.6120,0.669
2.770126,-0.3229,-0.0934,0.5446,0.640
2.774973,-0.2696,-0.1132,0.4071,0.501
2.779983,-0.3073,-0.0951,0.2617,0.415
2.785032,-0.3314,-0.1057,0.1606,0.383
2.790011,-0.3129,-0.1020,0.0322,0.331
2.794951,-0.2521,-0.0985,-0.0475,0.275
2.800056,-0.0970,-0.0522,-0.1219,0.164
2.805227,-0.0046,-0.0632,-0.2101,0.219
2.810045,0.0685,-0.0834,-0.3075,0.326
2.814870,0.1179,-0.0511,-0.3617,0.384
2.819907,0.1961,0.0048,-0.3589,0.409
2.824867,0.2319,-0.0107,-0.3948,0.458
2.829980,0.2445,-0.0116,-0.3837,0.455
2.834711,0.2197,0.0162,-0.3354,0.401
2.839909,0.1100,-0.0273,-0.2690,0.292
2.846629,0.0490,-0.0561,-0.1512,0.169
2.849917,-0.0257,-0.0656,-0.0248,0.075
2.855277,-0.0857,-0.1228,0.1152,0.189
2.859824,-0.1313,-0.1654,0.1693,0.271
2.864705,-0.1248,-0.1793,0.1950,0.293
2.869724,-0.1425,-0.1078,0.1690,0.246
2.874626,-0.0986,-0.0799,0.1392,0.188
2.879664,-0.0509,-0.0666,0.0815,0.117
2.884859,-0.0085,-0.0344,0.0245,0.043
2.889730,-0.0236,0.0213,-0.0369,0.049
2.894518,-0.0199,0.0243,-0.1503,0.154
2.899901,-0.0396,0.0088,-0.6541,0.655
2.904569,0.0318,0.0088,-1.5233,1.524
2.909587,0.0792,0.0476,-1.1769,1.180
2.914422,0.0787,0.0389,-0.2737,0.287
2.919469,0.2258,-0.0507,0.2092,0.312
2.924353,0.2872,-0.1255,0.3801,0.493
2.929445,0.2299,-0.1001,0.3510,0.431
2.934652,0.1117,-0.0325,0.2755,0.299
2.939824,0.0037,0.0155,0.1964,0.197
2.944594,-0.0991,0.0630,0.0135,0.118
2.949537,-0.1636,0.0817,-0.0922,0.205
2.954688,-0.0663,0.1052,-0.1784,0.217
2.960048,-0.0030,0.0857,-0.2120,0.229
2.964670,-0.0257,0.1475,-0.2461,0.288
2.970492,0.0230,0.2185,-0.3380,0.403
2.974254,0.0380,0.2178,-0.3016,0.374
