0.002361,-0.3219,0.2756,-0.5515,0.696
0.002763,-0.3446,0.2312,-0.5114,0.659
0.007764,-0.3484,0.2018,-0.4921,0.636
0.012567,-0.3951,0.1778,-0.4554,0.629
0.017708,-0.4180,0.1448,-0.4490,0.630
0.023834,-0.3743,0.1171,-0.4817,0.621
0.027665,-0.3594,0.0709,-0.5532,0.663
0.032774,-0.2873,-0.0128,-0.4630,0.545
0.037629,-0.2633,0.0087,-0.3120,0.408
0.042613,-0.2776,-0.0554,-0.3048,0.416
0.047565,-0.2682,-0.1143,-0.2737,0.400
0.053231,-0.2353,-0.1253,-0.1758,0.319
0.057576,-0.2312,-0.1745,-0.0205,0.290
0.062460,-0.1033,-0.2380,0.2063,0.331
0.067688,0.0287,-0.2015,0.2570,0.328
0.072393,0.2076,-0.1513,0.0705,0.266
0.078191,0.0292,-0.0589,0.0049,0.066
0.082705,-0.0100,-0.0245,-0.0312,0.041
0.087401,-0.0251,-0.0189,-0.0808,0.087
0.092988,-0.0308,-0.0371,-0.0778,0.092
0.097667,-0.0413,-0.0599,-0.0272,0.078
0.103631,0.0482,-0.1255,0.2280,0.265
0.107715,0.5040,-0.0531,0.5108,0.720
0.112331,0.5479,0.0897,0.4407,0.709
0.117448,0.1966,0.1884,0.4432,0.520
0.125402,0.0046,0.0866,0.4174,0.426
0.127983,0.1707,-0.0524,0.2688,0.323
0.132335,0.2547,-0.0478,0.1926,0.323
0.137635,0.1480,0.0566,0.1597,0.225
0.142303,0.0419,0.0367,0.1602,0.170
0.147281,0.0647,-0.0068,0.1416,0.156
0.153028,0.0491,-0.0356,0.1039,0.120
0.157212,0.0142,-0.0641,0.0995,0.119
0.161992,-0.0349,-0.1018,0.0856,0.138
0.167125,-0.0126,-0.1155,0.0812,0.142
0.171967,-0.0002,-0.1242,0.0863,0.151
0.177009,-0.0309,-0.0997,0.0962,0.142
0.182313,-0.0522,-0.1418,0.1015,0.182
0.187182,-0.0500,-0.1552,0.0830,0.183
0.192381,-0.0812,-0.1780,0.0696,0.208
0.197037,-0.1267,-0.1674,0.0567,0.217
0.202495,-0.1151,-0.1854,0.0440,0.223
0.208557,-0.1035,-0.1890,0.0267,0.217
0.211881,-0.1158,-0.2021,-0.0094,0.233
0.217006,-0.1327,-0.2104,-0.0497,0.254
0.224472,-0.1637,-0.2139,-0.0851,0.282
0.226901,-0.1992,-0.1935,-0.1110,0.299
0.232206,-0.2441,-0.1779,-0.1847,0.354
0.239094,-0.2556,-0.1432,-0.2250,0.369
0.241894,-0.2813,-0.1658,-0.2132,0.390
0.246816,-0.3309,-0.1643,-0.2114,0.426
0.251672,-0.3424,-0.1627,-0.1863,0.422
0.256949,-0.3875,-0.1610,-0.1377,0.442
0.261785,-0.4424,-0.1593,-0.0754,0.476
0.266810,-0.4641,-0.1291,-0.0612,0.486
0.271642,-0.4670,-0.1561,-0.0376,0.494
0.276763,-0.5181,-0.1117,-0.0331,0.531
0.281663,-0.5173,-0.0819,0.0001,0.524
0.286745,-0.5364,-0.0666,0.0808,0.547
0.291740,-0.5468,-0.0753,0.0850,0.558
0.296615,-0.5629,-0.0744,0.1372,0.584
0.301536,-0.5943,-0.0689,0.1705,0.622
0.307076,-0.6082,-0.0398,0.2709,0.667
0.311747,-0.5710,-0.0634,0.3809,0.689
0.316699,-0.5600,-0.0158,0.4248,0.703
0.321806,-0.5509,0.0169,0.4697,0.724
0.326432,-0.5155,0.0349,0.5157,0.730
0.332938,-0.5203,0.0429,0.5201,0.737
0.336492,-0.4847,0.0460,0.5448,0.731
0.341518,-0.4512,0.1058,0.5945,0.754
0.346504,-0.3830,0.1696,0.5886,0.722
0.351353,-0.3462,0.1663,0.6508,0.756
0.356470,-0.2694,0.2104,0.7046,0.783
0.361222,-0.1908,0.3014,0.7171,0.801
0.366390,-0.0911,0.3725,0.7313,0.826
0.371176,0.0492,0.4621,0.7752,0.904
0.376213,0.1337,0.5365,0.7066,0.897
0.381515,0.2683,0.6247,0.6542,0.943
0.386289,0.3482,0.6694,0.7699,1.078
0.391384,0.4641,0.6900,0.8960,1.222
0.396238,0.5921,0.7104,1.0469,1.397
0.401163,0.7282,0.7210,1.1701,1.555
0.406542,0.8379,0.7408,1.2432,1.672
0.411370,0.9508,0.7651,1.2187,1.725
0.416487,1.0144,0.7843,1.2209,1.771
0.421145,1.0956,0.8367,1.2351,1.851
0.426183,1.1895,0.8983,1.2517,1.946
0.431213,1.2973,0.9501,1.2174,2.017
0.437173,1.4967,0.9732,1.1544,2.126
0.441002,1.7200,0.9678,1.1127,2.266
0.446028,1.9007,0.9673,1.0298,2.368
0.450974,2.0348,0.9812,0.9583,2.454
0.456016,2.2281,0.9760,0.9312,2.605
0.461226,2.3720,0.9517,0.8326,2.688
0.465980,2.4797,0.8843,0.7025,2.725
0.470894,2.5045,0.8934,0.5730,2.720
0.475850,2.5042,0.9454,0.4342,2.712
0.480834,2.5169,0.9830,0.2566,2.714
0.486300,2.5140,1.0348,0.0585,2.719
0.490981,2.4676,1.0339,-0.0895,2.677
0.495955,2.4677,1.0329,-0.2578,2.688
0.501073,2.3948,1.0367,-0.2660,2.623
0.505976,2.2873,1.0404,-0.2430,2.525
0.511360,2.2264,1.0487,-0.1697,2.467
0.515883,2.0873,1.0329,-0.0741,2.330
0.520619,1.9945,0.9930,0.0483,2.229
0.526282,1.9287,0.9862,0.1943,2.175
0.530768,1.9091,0.9169,0.2249,2.130
0.538949,1.9457,0.8951,0.1834,2.150
0.540638,1.9525,0.7867,0.1464,2.110
0.545592,1.9391,0.7402,0.0896,2.077
0.550942,1.8720,0.7172,-0.0069,2.005
0.555739,1.7805,0.6651,-0.1136,1.904
0.561090,1.7264,0.6270,-0.2558,1.854
0.565525,1.6664,0.6174,-0.4241,1.827
0.570537,1.6534,0.5453,-0.5716,1.832
0.575558,1.6826,0.4826,-0.6847,1.880
0.580535,1.7534,0.4295,-0.7593,1.958
0.586450,1.7955,0.3474,-0.8381,2.012
0.590556,1.8470,0.2890,-0.8403,2.050
0.595423,1.8891,0.2017,-0.8278,2.072
0.600407,1.8503,0.1237,-0.8099,2.024
0.605347,1.7976,0.0839,-0.8006,1.970
0.611121,1.6487,-0.0276,-0.8376,1.849
0.615395,1.4677,-0.0769,-0.8256,1.686
0.620336,1.2824,-0.2169,-0.7970,1.525
0.625320,1.1836,-0.3086,-0.6938,1.406
0.630590,1.0755,-0.4287,-0.5778,1.294
0.635770,1.0202,-0.5005,-0.5102,1.246
0.640091,0.9680,-0.6241,-0.5189,1.263
0.645187,0.9029,-0.7519,-0.6233,1.330
0.650376,0.8906,-0.8835,-0.7609,1.467
0.655416,0.9547,-1.0093,-0.9608,1.689
0.660251,0.9279,-1.1242,-1.1993,1.888
0.665191,0.8675,-1.2616,-1.3618,2.049
0.670241,0.8432,-1.4115,-1.5293,2.245
0.675130,0.7628,-1.5263,-1.6784,2.393
0.680093,0.6099,-1.6390,-1.9189,2.596
0.685418,0.5132,-1.7449,-2.0737,2.758
0.690318,0.3815,-1.8821,-2.2097,2.928
0.695054,0.2816,-1.9690,-2.2741,3.021
0.700039,0.2587,-2.1158,-2.2902,3.129
0.704977,0.1498,-2.2601,-2.2672,3.205
0.710194,0.0192,-2.4161,-2.3140,3.346
0.715310,-0.2292,-2.5888,-2.3964,3.535
0.721786,-0.5625,-2.7732,-2.5282,3.795
0.725259,-0.8522,-2.9169,-2.6519,4.033
0.729959,-1.0873,-3.0490,-2.8437,4.309
0.734946,-1.3834,-3.1501,-2.9984,4.564
0.739841,-1.6527,-3.3210,-3.2594,4.938
0.745041,-1.8288,-3.5092,-3.4782,5.268
0.750258,-2.1374,-3.6718,-3.7365,5.658
0.754890,-2.4451,-3.7566,-4.0248,6.024
0.760248,-2.8745,-3.8698,-4.4060,6.531
0.764798,-3.3029,-3.9630,-4.8517,7.082
0.769668,-3.7478,-3.9846,-5.2818,7.604
0.774829,-4.1769,-4.0880,-5.7455,8.196
0.779782,-4.6097,-4.2067,-6.1965,8.794
0.784747,-5.0185,-4.2406,-6.6122,9.321
0.789732,-5.4817,-4.2719,-6.9606,9.836
0.794847,-5.8453,-4.3007,-7.1859,10.213
0.799593,-6.2598,-4.3613,-7.2031,10.492
0.804990,-6.6401,-4.4062,-7.0615,10.648
0.809621,-7.1361,-4.3025,-6.7613,10.731
0.814770,-7.9223,-4.2474,-6.4657,11.073
0.822641,-8.8431,-4.2225,-6.1650,11.577
0.824605,-9.9219,-4.2622,-5.9048,12.308
0.831140,-11.0752,-4.3047,-5.5411,13.111
0.834605,-12.1350,-4.4365,-4.6712,13.739
0.839409,-13.0201,-4.6865,-3.4593,14.264
0.844428,-13.6778,-5.0879,-2.1148,14.746
0.849342,-14.2467,-5.7440,-0.6814,15.376
0.854493,-14.6746,-6.7643,0.6093,16.170
0.860075,-14.9289,-7.9201,1.6362,16.979
0.865027,-14.9597,-9.2171,2.2530,17.715
0.869485,-14.8870,-10.6741,2.2595,18.457
0.874464,-14.7138,-12.0989,1.8892,19.143
0.879315,-14.4255,-13.3988,1.1458,19.721
0.884351,-13.8816,-14.6448,-0.0292,20.178
0.889269,-13.1852,-15.8439,-1.5531,20.671
0.894619,-12.3642,-16.7700,-3.2915,21.094
0.899192,-11.0743,-17.3517,-5.1124,21.210
0.904613,-8.7426,-17.5864,-6.8922,20.814
0.909276,-5.1082,-17.3864,-9.1120,20.283
0.914473,-0.4257,-16.5082,-11.8204,20.308
0.923020,5.5705,-14.5779,-14.9513,21.612
0.924722,12.7827,-11.6849,-18.3752,25.250
0.929102,20.0136,-8.1364,-21.3662,30.385
0.934295,26.9884,-4.4108,-23.0116,35.740
0.939081,33.8032,-1.1505,-24.0050,41.476
0.946479,38.7186,2.0289,-24.0973,45.650
0.949112,41.6613,4.8246,-22.9190,47.794
0.957392,42.9946,7.1330,-20.8500,48.313
0.959735,43.0173,8.3967,-18.4291,47.546
0.964230,41.5606,8.6086,-15.9485,45.340
0.969526,38.8864,7.9198,-13.3122,41.858
0.974033,35.3356,6.6501,-10.4764,37.451
0.979809,31.3792,5.1296,-7.9925,32.785
0.984542,27.3378,3.4698,-6.0275,28.209
0.994017,23.4306,1.7848,-4.4483,23.916
0.994650,19.8561,0.3737,-3.3540,20.141
1.001500,16.6650,-0.8221,-2.6484,16.894
1.007136,14.0334,-2.2016,-2.2440,14.381
1.008906,11.4634,-3.5472,-2.3803,12.234
1.013910,8.9194,-4.8370,-2.9233,10.559
1.021367,5.8811,-5.7861,-3.8078,9.087
1.023719,2.5301,-6.2966,-4.6776,8.242
1.028758,-0.2259,-7.0014,-5.5664,8.947
1.033735,-2.4349,-7.8266,-6.2890,10.331
1.038744,-4.3076,-8.6599,-6.7393,11.788
1.044300,-6.0163,-9.3390,-6.9487,13.103
1.048623,-7.4846,-10.0372,-6.9924,14.341
1.053651,-8.9998,-10.7131,-7.0137,15.651
1.059121,-10.8305,-11.2585,-7.1104,17.164
1.063606,-12.9264,-11.4949,-7.1148,18.704
1.069183,-15.4792,-11.4690,-7.2607,20.588
1.073547,-18.5650,-11.3100,-7.3358,22.943
1.080575,-21.0865,-11.0514,-7.0714,24.835
1.083652,-22.8885,-10.4930,-6.2219,25.936
1.088571,-24.0833,-9.9269,-4.8363,26.494
1.093822,-24.4168,-10.2402,-3.4015,26.695
1.098757,-24.4277,-10.5111,-1.6903,26.647
1.104086,-24.6716,-9.8141,-0.0184,26.552
1.108594,-24.5649,-10.1452,1.2307,26.606
1.113676,-24.5142,-10.9513,1.6307,26.899
1.122552,-24.2652,-11.8362,1.2486,27.027
1.123605,-23.3937,-13.0023,0.2631,26.766
1.131052,-22.0820,-14.3762,-1.2135,26.377
1.133647,-21.0888,-15.4019,-3.0326,26.290
1.138533,-20.1728,-16.0696,-4.8358,26.240
1.144378,-18.7389,-16.6232,-6.4384,25.864
1.148434,-16.9854,-16.9532,-7.8227,25.241
1.156349,-14.9983,-17.0320,-8.8331,24.353
1.159212,-12.7315,-17.0865,-9.2989,23.249
1.167984,-10.2982,-17.1245,-9.1836,21.992
1.168392,-7.5426,-17.0015,-8.5411,20.467
1.173865,-4.5149,-16.5891,-7.7882,18.874
1.179709,-1.4087,-15.6861,-7.4103,17.405
1.183372,1.7859,-14.4108,-7.5606,16.371
1.188276,5.2935,-13.0147,-8.3469,16.342
1.193199,9.2499,-11.2086,-9.7228,17.485
1.198327,13.6978,-8.7357,-11.6012,19.963
1.203217,18.4807,-6.0395,-13.6036,23.729
1.208310,23.1836,-3.3516,-15.5316,28.106
1.213383,26.4521,-0.3750,-16.2062,31.024
1.222279,30.5201,1.1263,-16.5945,34.758
1.224106,33.2907,2.7437,-16.5398,37.274
1.229321,34.2920,4.6122,-15.5280,37.925
1.233138,33.6700,6.3550,-14.0046,37.016
1.237956,32.9798,6.5699,-11.9849,35.700
1.243076,31.7599,5.9178,-10.6266,34.009
1.248296,28.8509,5.8615,-8.4270,30.623
1.256495,25.4738,5.9451,-6.1311,26.867
1.258420,22.4419,5.3776,-4.1191,23.442
1.263009,19.6637,4.4774,-2.3829,20.307
1.267920,17.0176,3.6207,-0.9319,17.423
1.272966,14.5953,3.0843,0.3669,14.922
1.278206,12.4028,2.5578,1.3191,12.732
1.283491,10.4377,1.9769,1.8602,10.785
1.287823,8.7077,1.3239,2.0683,9.047
1.292922,7.2203,0.6290,2.1068,7.548
1.298133,5.8374,0.0052,1.9979,6.170
1.302891,4.6056,-0.6229,1.7517,4.967
1.308176,3.5303,-1.2474,1.5145,4.039
1.313144,2.4662,-1.9012,1.2382,3.351
1.317692,1.4455,-2.5311,0.9040,3.052
1.322952,0.4089,-3.0409,0.5600,3.119
1.331263,-0.4335,-3.4479,0.2657,3.485
1.332747,-1.0725,-3.7743,-0.0062,3.924
1.337525,-1.4989,-4.0712,-0.1919,4.343
1.343243,-1.9342,-4.3292,-0.4493,4.763
1.347667,-2.4281,-4.4338,-0.8503,5.126
1.352621,-2.8005,-4.4714,-1.1463,5.399
1.357745,-3.0659,-4.5566,-1.4570,5.682
1.362723,-3.2001,-4.6627,-1.7852,5.930
1.367549,-3.2838,-4.7082,-2.0254,6.087
1.372557,-3.3516,-4.6746,-2.2162,6.164
1.377611,-3.3610,-4.6249,-2.3582,6.184
1.382598,-3.3173,-4.5501,-2.4905,6.157
1.387482,-3.2038,-4.4653,-2.5607,6.063
1.392400,-3.1408,-4.4287,-2.4986,5.977
1.397412,-3.0921,-4.3211,-2.3802,5.822
1.402883,-3.0429,-4.1576,-2.2053,5.604
1.407339,-2.9736,-3.9723,-1.9739,5.340
1.412303,-2.9704,-3.7848,-1.7431,5.117
1.417289,-2.9866,-3.5668,-1.4789,4.881
1.422397,-2.9187,-3.4193,-1.3207,4.686
1.428191,-2.7441,-3.2850,-1.1439,4.431
1.432276,-2.5623,-3.1450,-1.0064,4.180
1.437142,-2.3396,-2.9996,-0.8558,3.899
1.442460,-2.1374,-2.8298,-0.7881,3.633
1.448513,-1.9755,-2.6645,-0.7656,3.404
1.457807,-1.8225,-2.5756,-0.7695,3.248
1.465121,-1.6363,-2.5007,-0.6999,3.069
1.466022,-1.4735,-2.3539,-0.6527,2.853
1.466929,-1.2616,-2.2262,-0.6375,2.637
1.472268,-1.1246,-2.1079,-0.6307,2.471
1.477575,-1.0285,-1.9561,-0.7330,2.328
1.482190,-0.8253,-1.7948,-0.7536,2.114
1.486983,-0.6807,-1.6668,-0.7553,1.952
1.492043,-0.6427,-1.4668,-0.8629,1.819
1.496962,-0.6011,-1.3147,-1.0142,1.766
1.502639,-0.4691,-1.2533,-1.1331,1.754
1.506949,-0.3517,-1.2774,-1.1814,1.775
1.512197,-0.3257,-1.2772,-1.2785,1.836
1.516934,-0.3515,-1.1997,-1.4053,1.881
1.522008,-0.4730,-1.1219,-1.4997,1.932
1.530630,-0.5847,-1.0771,-1.5716,1.993
1.532125,-0.7920,-1.0079,-1.6351,2.078
1.538800,-0.9610,-0.9815,-1.6711,2.163
1.541908,-1.0112,-1.0026,-1.6083,2.148
1.546745,-1.0079,-1.0420,-1.4463,2.048
1.552299,-1.0091,-1.0234,-1.3475,1.970
1.556662,-1.0292,-0.9659,-1.2393,1.878
1.561682,-1.1259,-0.9463,-1.0495,1.807
1.566583,-1.1940,-0.9501,-0.8402,1.742
1.571909,-1.2391,-0.9537,-0.6879,1.708
1.577559,-1.3223,-0.9568,-0.6684,1.764
1.581812,-1.4063,-0.9930,-0.7529,1.879
1.586648,-1.5202,-1.0386,-0.9078,2.053
1.591666,-1.6212,-1.1464,-1.1574,2.298
1.596620,-1.6952,-1.3305,-1.3771,2.557
1.601672,-1.8677,-1.3953,-1.5433,2.796
1.606822,-2.0854,-1.4412,-1.7424,3.076
1.611683,-2.3207,-1.5835,-1.9125,3.399
1.616792,-2.5933,-1.7362,-2.1543,3.792
1.621600,-2.8654,-1.9092,-2.4824,4.245
1.627124,-3.2431,-2.1505,-2.8403,4.818
1.631482,-3.8234,-2.4368,-3.1422,5.516
1.640783,-4.4917,-2.6870,-3.3125,6.194
1.641584,-5.1350,-2.8493,-3.3712,6.771
1.646546,-5.7348,-3.0008,-3.4484,7.334
1.651479,-6.4309,-3.2182,-3.5252,8.009
1.656573,-7.6942,-3.4594,-3.6446,9.190
1.661409,-9.4497,-3.7251,-3.6698,10.800
1.666428,-11.2994,-3.9832,-3.5902,12.507
1.671404,-13.1651,-4.3300,-3.5224,14.299
1.676336,-14.9791,-4.7803,-3.3224,16.071
1.681508,-16.6750,-5.2965,-2.8498,17.727
1.686410,-18.1586,-5.9696,-2.2404,19.245
1.691469,-19.8693,-6.8942,-1.6229,21.094
1.696496,-21.4016,-8.4094,-1.0503,23.018
1.701567,-22.6997,-10.1092,-0.6853,24.858
1.707155,-23.5546,-11.9361,-0.3016,26.408
1.715508,-23.6688,-13.9034,0.0548,27.450
1.716215,-22.4545,-16.6402,-0.1209,27.948
1.721157,-22.6569,-18.1237,-0.1806,29.014
1.726088,-22.0232,-19.7501,-1.0521,29.601
1.731194,-20.2817,-21.9449,-2.6193,29.997
1.736949,-17.6289,-24.3746,-5.0966,30.510
1.741205,-15.0470,-25.8664,-7.6982,30.899
1.746299,-12.3079,-26.2850,-10.0331,30.709
1.751169,-9.1944,-26.0033,-11.9504,30.059
1.756056,-5.6168,-25.1547,-13.6394,29.161
1.762439,-1.2177,-24.0499,-15.1748,28.463
1.765759,4.0940,-22.6038,-16.7002,28.400
1.771282,10.1846,-20.4093,-18.0258,29.072
1.775982,17.5045,-17.4561,-19.0685,31.221
1.781097,24.8074,-13.8019,-20.2227,34.855
1.787247,30.3266,-9.3723,-21.1596,38.148
1.791125,35.4236,-6.1624,-21.6082,41.949
1.795868,38.8994,-3.7268,-21.5135,44.608
1.800885,40.2716,-1.3693,-20.3420,45.138
1.805826,39.8808,0.5922,-18.5553,43.990
1.813580,38.3642,1.6479,-16.3370,41.730
1.815870,36.1088,2.0707,-13.8577,38.732
1.820880,33.6560,2.4774,-11.1475,35.541
1.825633,31.0143,2.9234,-8.6406,32.328
1.830829,28.1284,3.0806,-6.7350,29.087
1.835943,24.9222,3.0173,-5.5530,25.711
1.840672,21.5473,2.9418,-4.7820,22.267
1.845602,18.4233,2.9359,-4.0994,19.101
1.850767,15.6382,2.9715,-3.3017,16.257
1.856181,13.2519,2.9935,-2.5371,13.821
1.864894,11.1626,2.8076,-1.9100,11.668
1.865449,9.3119,2.5064,-1.4485,9.752
1.870529,7.6924,2.0455,-1.1312,8.040
1.875517,6.1140,1.4174,-1.0920,6.370
1.881104,4.4826,0.7787,-1.1389,4.690
1.885712,2.9827,0.1695,-1.1338,3.195
1.890511,1.5407,-0.4518,-1.0672,1.928
1.895513,0.2600,-1.0694,-0.9194,1.434
1.900750,-0.8393,-1.7524,-0.6872,2.061
1.905581,-1.7792,-2.4167,-0.4637,3.037
1.910909,-2.6881,-3.0265,-0.3514,4.063
1.915593,-3.5299,-3.4906,-0.1293,4.966
1.920389,-4.1488,-3.8997,0.0791,5.694
1.925275,-4.6804,-4.1441,0.1839,6.254
1.930589,-4.9986,-4.3001,0.3412,6.603
1.938472,-5.2248,-4.4566,0.4441,6.882
1.940486,-5.3185,-4.4889,0.4955,6.977
1.945398,-5.2132,-4.4412,0.4961,6.866
1.950331,-5.0332,-4.4055,0.3844,6.700
1.955632,-4.8698,-4.2724,0.2081,6.482
1.960875,-4.7053,-4.0904,-0.0520,6.235
1.965202,-4.5462,-3.9520,-0.4511,6.041
1.970326,-4.4130,-3.8285,-0.9706,5.922
1.975106,-4.3201,-3.6679,-1.4351,5.846
1.980209,-4.2483,-3.4130,-1.8219,5.746
1.987572,-4.1498,-3.1506,-2.1181,5.624
1.990428,-4.0204,-2.9381,-2.3822,5.520
1.995151,-3.8581,-2.7046,-2.6827,5.422
2.000113,-3.6154,-2.5122,-2.8868,5.265
2.005317,-3.3684,-2.3183,-3.0196,5.083
2.011079,-3.1212,-2.1995,-3.1250,4.934
2.015378,-2.8397,-2.1224,-3.2081,4.781
2.020129,-2.5815,-1.9532,-3.1449,4.513
2.024956,-2.3785,-1.8213,-3.0702,4.290
2.030350,-2.2498,-1.7555,-2.9409,4.098
2.038087,-2.2385,-1.6695,-2.7474,3.917
2.040048,-2.1963,-1.5633,-2.5325,3.699
2.044873,-2.0993,-1.4562,-2.1950,3.368
2.050147,-1.9721,-1.4153,-1.8678,3.063
2.055034,-1.8518,-1.3495,-1.5942,2.791
2.061046,-1.6715,-1.2544,-1.3493,2.488
2.065098,-1.4549,-1.2018,-1.1085,2.189
2.069835,-1.2208,-1.0816,-0.9482,1.887
2.074725,-0.9253,-0.9947,-0.8967,1.628
2.079857,-0.6737,-0.9745,-0.9058,1.491
2.085981,-0.4931,-0.9061,-0.9860,1.427
2.089838,-0.3066,-0.8805,-1.1086,1.449
2.094944,-0.1810,-0.9168,-1.2214,1.538
2.099918,-0.1160,-0.9048,-1.3819,1.656
2.104724,-0.0349,-0.8636,-1.4947,1.727
2.109975,-0.0292,-0.8171,-1.6653,1.855
2.114890,-0.0839,-0.7795,-1.8618,2.020
2.122005,-0.1714,-0.7936,-1.9888,2.148
2.125243,-0.2397,-0.8690,-2.0321,2.223
2.131137,-0.3707,-0.9479,-2.0110,2.254
2.134530,-0.6225,-1.0687,-1.9299,2.292
2.139620,-0.8716,-1.0927,-1.7785,2.262
2.144538,-1.1373,-1.0773,-1.6341,2.264
2.149688,-1.3490,-1.0610,-1.4530,2.249
2.154540,-1.4978,-1.0056,-1.1725,2.152
2.161050,-1.5842,-0.9161,-0.8784,2.030
2.165142,-1.6324,-0.7975,-0.5745,1.905
2.169509,-1.6042,-0.7124,-0.2309,1.770
2.174659,-1.4607,-0.6368,0.0226,1.594
2.179575,-1.2877,-0.6044,0.2061,1.437
2.185820,-1.0896,-0.5672,0.3436,1.276
2.189517,-0.8849,-0.5924,0.4160,1.143
2.194680,-0.7068,-0.5890,0.4665,1.032
2.199607,-0.5358,-0.6624,0.4522,0.964
2.204356,-0.3618,-0.6783,0.5162,0.926
2.209520,-0.2758,-0.6515,0.6494,0.960
2.214906,-0.2589,-0.6252,0.7756,1.029
2.221718,-0.2396,-0.5324,0.8757,1.053
2.224353,-0.2373,-0.4881,0.8967,1.048
2.229372,-0.2040,-0.4731,0.8867,1.026
2.234421,-0.1828,-0.4489,0.8065,0.941
2.239209,-0.1546,-0.3819,0.7469,0.853
2.244650,-0.1238,-0.3439,0.7123,0.801
2.249292,-0.1001,-0.3060,0.6879,0.759
2.254192,-0.0497,-0.2682,0.6446,0.700
2.260850,0.0279,-0.2448,0.6545,0.699
2.264093,0.1138,-0.2596,0.7600,0.811
2.269135,0.1652,-0.2887,0.8321,0.896
2.274044,0.1972,-0.3034,0.9143,0.983
2.279061,0.2484,-0.3373,1.0211,1.104
2.284155,0.2856,-0.4144,1.0761,1.188
2.289119,0.3427,-0.4485,1.1803,1.308
2.294168,0.4485,-0.4254,1.2950,1.435
2.299073,0.5890,-0.4507,1.3921,1.577
2.305575,0.6974,-0.3951,1.5248,1.723
2.309197,0.7406,-0.4024,1.6549,1.857
2.314206,0.7089,-0.4202,1.6873,1.878
2.321517,0.7128,-0.4006,1.7086,1.894
2.324029,1.3669,-0.5024,2.2713,2.698
2.330882,2.3465,-0.6256,3.2809,4.082
2.333917,1.3695,-0.0467,2.8294,3.144
2.338805,0.6852,0.2343,2.0692,2.192
2.343899,0.8884,0.0216,1.6130,1.842
2.348873,1.3430,-0.1533,1.8490,2.290
2.353676,1.2927,-0.0364,1.3438,1.865
2.359243,0.9135,0.1769,0.4353,1.027
2.364218,0.6214,0.3623,-0.0689,0.723
2.368853,0.4978,0.3430,-0.4183,0.735
2.373523,0.6676,0.2628,-0.7087,1.008
2.378596,0.6327,0.1885,-0.7723,1.016
2.383488,0.5271,0.0963,-0.6809,0.866
2.388571,0.6092,-0.0382,-0.4817,0.778
2.393943,0.4235,-0.1290,-0.2503,0.509
2.398504,0.0843,-0.1765,-0.0001,0.196
2.403420,-0.0929,-0.3486,0.1882,0.407
2.408776,-0.1371,-0.4778,0.2340,0.549
2.413666,-0.1774,-0.5163,0.2476,0.599
2.419081,-0.2093,-0.5265,0.1862,0.596
2.424099,-0.2615,-0.4750,0.0879,0.549
2.429695,-0.3434,-0.4623,-0.0522,0.578
2.433747,-0.3641,-0.5121,-0.1577,0.648
2.438481,-0.3093,-0.4902,-0.2481,0.630
2.443925,-0.2842,-0.3873,-0.2470,0.540
2.448398,-0.2218,-0.3087,-0.2596,0.460
2.453294,-0.2034,-0.3165,-0.2477,0.450
2.458908,-0.1138,-0.3149,-0.1921,0.386
2.463352,-0.1254,-0.2754,-0.1168,0.324
2.468813,-0.2146,-0.2409,-0.0601,0.328
2.473215,-0.3001,-0.2497,-0.0031,0.390
2.478318,-0.3243,-0.2730,0.0111,0.424
2.483820,-0.3688,-0.2965,0.0496,0.476
2.488174,-0.4242,-0.2532,0.1123,0.507
2.494013,-0.4188,-0.1670,0.1370,0.471
2.498330,-0.3327,-0.1050,0.0757,0.357
2.503087,-0.1849,-0.0623,0.0387,0.199
2.508153,-0.0372,-0.0771,-0.0078,0.086
2.513070,0.0341,-0.0439,-0.0447,0.071
2.519092,0.0961,0.0562,-0.0291,0.115
2.523215,0.1728,0.1562,-0.0183,0.234
2.528077,0.1974,0.2035,0.0308,0.285
2.533051,0.2130,0.2841,0.0609,0.360
2.538124,0.2627,0.2832,0.0388,0.388
2.547072,0.2122,0.3300,-0.0211,0.393
2.547972,0.1859,0.3576,-0.0761,0.410
2.552872,0.0927,0.3421,-0.1741,0.395
2.558463,-0.0196,0.3602,-0.2576,0.443
2.562971,-0.1034,0.3209,-0.3127,0.460
2.567914,-0.1876,0.3152,-0.3729,0.523
2.572820,-0.2722,0.2858,-0.3569,0.532
2.577936,-0.4580,0.2086,-0.2838,0.578
2.582910,-0.6064,0.1745,-0.1964,0.661
2.587904,-0.5308,0.1211,0.0062,0.544
2.592833,-0.4082,0.1296,0.2619,0.502
2.597864,-0.4061,0.1569,0.4707,0.641
2.603699,-0.3950,0.1597,0.6232,0.755
2.608128,-0.3845,0.0806,0.7244,0.824
2.612760,-0.4417,0.1351,0.7024,0.841
2.618126,-0.5427,0.1508,0.6913,0.892
2.623295,-0.5582,0.1038,0.7440,0.936
2.630295,-0.5843,0.0659,0.7215,0.931
2.632760,-0.6543,0.0180,0.6429,0.917
2.637768,-0.6821,0.0177,0.5653,0.886
2.642751,-0.7543,0.0315,0.4937,0.902
2.647756,-0.7271,0.0305,0.3798,0.821
2.652698,-0.6678,0.0389,0.3339,0.748
2.658083,-0.6099,0.1045,0.2983,0.687
2.663161,-0.4574,0.1316,0.2488,0.537
2.667618,-0.2482,0.1730,0.1995,0.362
2.672564,-0.1064,0.1952,0.1459,0.266
2.677524,0.1025,0.2510,0.0875,0.285
2.682663,0.3069,0.3690,0.0289,0.481
2.687607,0.4500,0.5064,-0.0354,0.678
2.692450,0.6662,0.5294,-0.1201,0.859
2.697590,0.7981,0.5145,-0.2109,0.973
2.702437,0.8457,0.5051,-0.2892,1.027
2.707433,0.8284,0.5300,-0.3502,1.044
2.712286,0.7988,0.4980,-0.3510,1.005
2.717266,0.7612,0.4762,-0.2961,0.945
2.722574,0.6148,0.4213,-0.1803,0.767
2.729744,0.5173,0.3620,-0.0368,0.632
2.732636,0.4205,0.2311,0.1110,0.492
2.738012,0.3336,0.1529,0.2302,0.433
2.742805,0.2707,0.0172,0.3500,0.443
2.747303,0.1455,-0.0708,0.4564,0.484
2.752278,-0.0043,-0.1160,0.5592,0.571
2.757354,-0.0641,-0.1855,0.5723,0.605
2.762487,-0.1296,-0.1979,0.5389,0.589
2.767294,-0.2007,-0.2011,0.4541,0.536
2.772260,-0.1866,-0.1806,0.3320,0.421
2.777367,-0.1444,-0.1553,0.1289,0.248
2.782472,-0.0355,-0.1109,-0.0553,0.129
2.787218,0.0974,-0.0614,-0.2306,0.258
2.792611,0.2118,-0.0450,-0.4455,0.495
2.797898,0.2936,-0.0281,-0.5277,0.605
2.802483,0.3430,-0.0395,-0.5014,0.609
2.807299,0.3889,-0.0313,-0.4814,0.620
2.812034,0.4123,-0.0371,-0.3862,0.566
2.817456,0.4083,-0.0713,-0.3351,0.533
2.822497,0.3528,-0.1004,-0.2560,0.447
2.829975,0.2742,-0.1486,-0.1773,0.359
2.832184,0.2202,-0.1536,-0.1036,0.288
2.838485,0.1225,-0.2051,-0.0103,0.239
2.841923,0.0542,-0.2800,0.0543,0.290
2.846841,-0.0089,-0.2786,0.1000,0.296
2.852367,-0.0959,-0.2535,0.1317,0.301
2.856965,-0.1831,-0.2432,0.1687,0.348
2.861700,-0.2562,-0.2284,0.2346,0.416
2.866831,-0.2347,-0.2567,0.2388,0.422
2.871866,-0.2046,-0.2516,0.2386,0.403
2.877323,-0.2612,-0.2134,0.1723,0.379
2.881764,-0.2183,-0.1898,0.1114,0.310
2.886781,-0.1142,-0.1521,0.0223,0.192
2.891717,-0.0395,-0.1099,-0.0520,0.128
2.897023,0.0394,-0.0917,-0.1455,0.176
2.902530,0.0803,-0.0732,-0.2677,0.289
2.906741,0.1309,-0.0594,-0.3662,0.393
2.911872,0.1916,-0.0168,-0.3608,0.409
2.917017,0.2101,-0.0548,-0.3427,0.406
2.921496,0.2200,-0.0780,-0.2975,0.378
2.930457,0.1736,-0.0912,-0.1917,0.274
2.931698,0.1142,-0.1184,-0.1064,0.196
2.937586,0.0081,-0.1500,-0.0078,0.150
2.941529,-0.0020,-0.1576,0.0994,0.186
2.946789,-0.0977,-0.1748,0.2348,0.309
2.952175,-0.1788,-0.2205,0.3603,0.459
2.956534,-0.2360,-0.2044,0.4479,0.546
2.961365,-0.2699,-0.2126,0.4741,0.585
2.966506,-0.2807,-0.1402,0.4632,0.559
2.971451,-0.2972,-0.1400,0.4201,0.533
2.976543,-0.2957,-0.1068,0.3450,0.467
2.981380,-0.2761,-0.1074,0.3000,0.422
2.986529,-0.2386,-0.1175,0.1939,0.329
2.991204,-0.2020,-0.0850,0.0413,0.223
2.996314,-0.1425,-0.0527,-0.0244,0.154
3.002446,-0.0743,0.0317,-0.0947,0.124
3.012271,0.0266,0.0205,-0.1508,0.154
3.018018,0.0745,0.0238,-0.2021,0.217
3.018386,0.2127,0.0510,-0.2155,0.307
3.021132,0.3030,0.0925,-0.2726,0.418
3.026552,0.2843,0.1009,-0.6205,0.690
3.031903,0.3337,0.0719,-1.3532,1.396
3.042567,0.3982,0.0630,-1.2893,1.351
3.043008,0.3870,0.1115,-0.6146,0.735
3.046210,0.3527,0.0742,-0.0594,0.365
3.051123,0.2999,0.0274,0.1165,0.323
3.056096,0.2576,-0.0619,0.1777,0.319
3.060935,0.2492,-0.0652,0.1681,0.308
3.066120,0.2362,-0.0164,0.2591,0.351
3.070916,0.1375,0.1124,0.4173,0.454
3.076011,0.1488,0.1876,0.4328,0.495
3.080951,0.1028,0.2002,0.3063,0.380
3.085999,0.0427,0.1889,0.1001,0.218
3.091007,-0.0215,0.2159,-0.2097,0.302
3.096377,-0.0188,0.2622,-0.4662,0.535
3.100905,-0.0779,0.3798,-0.5754,0.694
