0.001727,-0.0782,0.1653,-0.4463,0.482
0.005625,-0.0255,0.1785,-0.4395,0.475
0.010215,-0.0394,0.1778,-0.4679,0.502
0.014678,-0.0908,0.1775,-0.5025,0.541
0.019728,-0.1465,0.1870,-0.4811,0.537
0.025704,-0.1970,0.1112,-0.4373,0.492
0.029707,-0.2616,0.0741,-0.3422,0.437
0.034628,-0.2784,0.0898,-0.2626,0.393
0.039584,-0.3145,0.0673,-0.1791,0.368
0.045145,-0.2983,0.0592,-0.1198,0.327
0.050695,-0.3158,0.0702,-0.0465,0.327
0.054848,-0.3144,0.0619,0.0411,0.323
0.059559,-0.2514,-0.0321,0.2671,0.368
0.064634,-0.2844,-0.0353,0.4592,0.541
0.070051,-0.2839,-0.0151,0.4798,0.558
0.074385,-0.0599,0.0047,0.5112,0.515
0.079644,-0.1988,0.1094,0.5391,0.585
0.089032,-0.3894,0.1607,0.5019,0.655
0.089627,-0.3936,0.1257,0.4236,0.592
0.094421,-0.3796,0.1049,0.3423,0.522
0.099381,-0.4758,0.0747,0.2437,0.540
0.104297,-0.5246,0.1063,0.1086,0.546
0.109253,-0.5217,0.1328,0.0605,0.542
0.114340,-0.4673,0.0734,-0.0010,0.473
0.119246,-0.2139,-0.0139,-0.0574,0.222
0.125741,-0.3714,-0.0814,0.1383,0.405
0.130103,-0.2857,-0.0058,0.2182,0.360
0.134205,-0.1725,0.1310,0.2072,0.300
0.139198,-0.2029,0.1382,0.2064,0.321
0.144823,-0.1760,0.0644,0.2253,0.293
0.149153,-0.1302,0.0292,0.2445,0.279
0.154395,-0.1327,0.0321,0.2309,0.268
0.159148,-0.1496,0.0397,0.2084,0.260
0.164466,-0.1712,-0.0146,0.1579,0.233
0.169086,-0.1451,-0.0638,0.1413,0.212
0.174246,-0.1339,-0.0936,0.1441,0.218
0.179189,-0.1515,-0.0851,0.1421,0.224
0.189023,-0.1551,-0.1052,0.1309,0.229
0.189581,-0.1635,-0.1204,0.1007,0.227
0.194026,-0.1341,-0.1781,0.0328,0.225
0.198992,-0.1146,-0.2021,0.0079,0.232
0.204113,-0.1287,-0.2163,-0.0170,0.252
0.208926,-0.1284,-0.2492,-0.0280,0.282
0.213984,-0.1283,-0.2390,-0.0869,0.285
0.218928,-0.1044,-0.2762,-0.0841,0.307
0.224030,-0.0900,-0.3034,-0.1296,0.342
0.228924,-0.0708,-0.3017,-0.1376,0.339
0.234061,-0.0468,-0.2998,-0.0941,0.318
0.239225,-0.0417,-0.2741,-0.0943,0.293
0.244587,-0.0462,-0.2722,-0.0523,0.281
0.250969,-0.0552,-0.2465,-0.0491,0.257
0.253834,-0.0449,-0.2019,-0.0509,0.213
0.258959,-0.0583,-0.2004,-0.0338,0.211
0.264048,-0.0999,-0.1989,-0.0076,0.223
0.268820,-0.1030,-0.2021,-0.0197,0.228
0.273839,-0.1442,-0.1862,-0.0556,0.242
0.278777,-0.1756,-0.1704,-0.0819,0.258
0.288441,-0.2020,-0.1357,-0.1321,0.277
0.288794,-0.1902,-0.1344,-0.1538,0.279
0.293884,-0.1784,-0.1520,-0.1853,0.299
0.298725,-0.2139,-0.1599,-0.2217,0.347
0.303671,-0.2206,-0.1582,-0.2059,0.341
0.309130,-0.2035,-0.1326,-0.1904,0.309
0.313711,-0.2247,-0.1072,-0.1754,0.305
0.318542,-0.2363,-0.0915,-0.1843,0.313
0.323680,-0.2335,-0.0901,-0.1315,0.283
0.328907,-0.2356,-0.1030,-0.0838,0.270
0.333968,-0.2427,-0.0825,-0.0364,0.259
0.338439,-0.2168,-0.0718,-0.0175,0.229
0.343508,-0.2054,-0.0517,0.0204,0.213
0.348530,-0.1610,-0.0651,0.0301,0.176
0.353492,-0.1455,-0.0500,0.0162,0.155
0.358910,-0.1252,-0.0350,0.0170,0.131
0.363394,-0.1384,-0.0915,0.0325,0.169
0.368599,-0.1707,-0.0811,-0.0136,0.189
0.373408,-0.2030,-0.0945,-0.0592,0.232
0.378385,-0.2118,-0.0745,-0.0380,0.228
0.386031,-0.2162,-0.0641,-0.0549,0.232
0.388448,-0.1685,-0.0823,-0.1098,0.217
0.395532,-0.1027,-0.0719,-0.0975,0.159
0.398299,-0.0616,-0.0615,-0.0947,0.129
0.404362,-0.0496,-0.0179,-0.0776,0.094
0.408300,0.0190,-0.0032,-0.0795,0.082
0.413288,0.0535,0.0495,-0.0861,0.113
0.418159,0.0830,0.1254,-0.0734,0.167
0.423191,0.1115,0.1436,-0.0367,0.185
0.428799,0.1348,0.1713,-0.0144,0.218
0.433609,0.1815,0.2319,-0.0397,0.297
0.438047,0.2324,0.3016,-0.0361,0.382
0.443140,0.2972,0.3564,0.0054,0.464
0.448228,0.2856,0.4109,-0.0059,0.500
0.453015,0.3544,0.4887,0.0637,0.607
0.458678,0.4942,0.5801,0.1327,0.774
0.462987,0.6526,0.6423,0.2008,0.937
0.467892,0.7294,0.7372,0.3015,1.080
0.472980,0.8823,0.7791,0.4299,1.253
0.477955,1.1064,0.8204,0.5479,1.482
0.486033,1.2349,0.9088,0.6366,1.660
0.487941,1.3498,1.0296,0.7342,1.850
0.493678,1.4749,1.1206,0.8314,2.030
0.497905,1.5869,1.2059,0.8898,2.183
0.502921,1.6810,1.2570,0.9385,2.299
0.508689,1.7394,1.2818,1.0021,2.382
0.512914,1.8527,1.3682,1.0468,2.530
0.517874,1.9252,1.4255,1.1396,2.653
0.522829,1.9571,1.4488,1.2759,2.749
0.527851,1.9677,1.5481,1.3318,2.836
0.533247,1.9044,1.5510,1.4413,2.848
0.537560,1.8289,1.5487,1.5040,2.829
0.542737,1.8801,1.5460,1.5058,2.862
0.547850,1.9144,1.5668,1.4850,2.885
0.552778,1.9033,1.5775,1.4320,2.857
0.557719,1.8709,1.5449,1.3370,2.770
0.562715,1.8264,1.4930,1.2623,2.675
0.567570,1.7504,1.4696,1.1789,2.572
0.572504,1.7151,1.4605,1.1107,2.512
0.577418,1.6725,1.3939,1.0381,2.412
0.582731,1.6368,1.3179,0.9183,2.293
0.587516,1.5649,1.2706,0.8902,2.204
0.594832,1.5381,1.2474,0.8958,2.174
0.597635,1.4841,1.2291,0.8489,2.106
0.602521,1.4807,1.1869,0.8216,2.068
0.607454,1.4557,1.1257,0.7084,1.972
0.612419,1.3851,1.0983,0.6145,1.871
0.617257,1.3934,1.0761,0.5585,1.847
0.622508,1.4327,1.0542,0.5976,1.876
0.627498,1.4883,1.0136,0.5496,1.883
0.632359,1.4950,0.9543,0.5204,1.848
0.637334,1.5142,0.8238,0.4812,1.790
0.642360,1.5416,0.6702,0.3983,1.728
0.647224,1.5820,0.5223,0.3532,1.703
0.652427,1.5924,0.3896,0.2119,1.653
0.657209,1.5910,0.2674,0.0797,1.615
0.662219,1.5894,0.1128,0.0380,1.594
0.667252,1.5626,0.0072,0.0485,1.563
0.672162,1.6301,-0.0735,-0.0179,1.632
0.677141,1.6676,-0.1818,-0.1177,1.682
0.682105,1.7089,-0.3510,-0.1690,1.753
0.687046,1.6332,-0.5715,-0.1958,1.741
0.692244,1.5095,-0.7762,-0.1830,1.707
0.696968,1.3504,-0.8839,-0.1061,1.617
0.702012,1.1409,-1.0144,-0.1369,1.533
0.706892,0.9762,-1.1868,-0.2219,1.553
0.712159,0.7362,-1.4154,-0.3848,1.641
0.716892,0.4762,-1.6238,-0.5303,1.773
0.721918,0.3135,-1.8595,-0.6528,1.996
0.726931,0.0979,-2.0654,-0.9153,2.261
0.731974,-0.1375,-2.1983,-1.1982,2.507
0.736815,-0.3218,-2.3352,-1.4444,2.765
0.741861,-0.5465,-2.5142,-1.8361,3.161
0.746640,-0.8420,-2.6734,-2.2452,3.591
0.751861,-1.1158,-2.8653,-2.4990,3.962
0.757357,-1.3507,-2.9610,-2.6658,4.207
0.762042,-1.6527,-2.9563,-2.8938,4.455
0.766873,-1.9600,-2.9712,-3.1786,4.772
0.771952,-2.2923,-3.0391,-3.4586,5.143
0.776853,-2.6796,-3.0600,-3.7878,5.558
0.781779,-3.0251,-3.1295,-4.1328,6.002
0.786767,-3.2486,-3.2144,-4.4661,6.390
0.794806,-3.4847,-3.2861,-4.8027,6.783
0.796641,-3.7239,-3.4118,-5.1435,7.209
0.801711,-3.9377,-3.6248,-5.4225,7.619
0.806698,-4.1314,-3.8776,-5.5059,7.901
0.812241,-4.4248,-4.0602,-5.4173,8.088
0.817002,-4.8954,-4.1206,-5.1705,8.227
0.821654,-5.4348,-4.2080,-4.9569,8.474
0.826609,-5.9631,-4.4278,-4.9290,8.914
0.831637,-6.7263,-4.7181,-5.1200,9.681
0.836578,-7.8355,-4.9451,-5.3283,10.688
0.841884,-8.8778,-5.2098,-5.5075,11.674
0.846388,-9.7830,-5.6076,-5.5047,12.548
0.851515,-10.7026,-5.9757,-5.2854,13.349
0.856508,-11.5961,-6.2853,-4.6994,14.002
0.861574,-12.3744,-6.5642,-4.2842,14.648
0.866873,-13.1275,-6.9687,-4.0929,15.416
0.871816,-13.6955,-7.6607,-3.7763,16.140
0.876541,-14.2152,-8.4266,-3.3767,16.867
0.881467,-14.2977,-9.1009,-2.9210,17.198
0.886420,-14.0268,-9.7381,-2.5073,17.259
0.893501,-13.4802,-10.4972,-2.1232,17.217
0.896202,-12.8009,-11.2642,-1.9752,17.165
0.901168,-11.9775,-12.0352,-2.1078,17.110
0.906111,-10.9115,-12.8394,-2.5156,17.036
0.911373,-9.9300,-13.4051,-3.3338,17.012
0.916817,-8.7960,-13.7250,-4.2698,16.852
0.921313,-7.2113,-13.9742,-5.4069,16.629
0.926090,-4.9942,-13.9776,-6.5974,16.243
0.931269,-1.6882,-13.6100,-7.7820,15.768
0.936549,2.3814,-12.7940,-9.2288,15.954
0.941819,7.1844,-10.6984,-10.8737,16.861
0.946077,12.0111,-8.5408,-12.5224,19.340
0.951109,16.3500,-6.2152,-14.2226,22.544
0.956308,21.4082,-3.8176,-15.3041,26.591
0.961409,26.1937,-1.2157,-15.9089,30.670
0.969383,30.2156,1.0039,-16.0185,34.214
0.971321,33.3812,2.8245,-15.7761,37.029
0.977701,35.0409,4.5581,-14.8471,38.329
0.981148,35.1653,5.9659,-13.3385,38.080
0.985878,33.9958,6.7949,-11.3371,36.475
0.993929,32.0016,7.1186,-9.1141,34.027
0.995895,29.6832,6.7589,-6.7950,31.192
1.002388,27.1511,6.1020,-4.4779,28.186
1.005990,24.4894,5.5570,-2.4342,25.230
1.011002,21.7511,5.0010,-0.9656,22.339
1.016211,19.0911,4.3213,-0.1391,19.575
1.020753,16.8443,3.5081,0.1515,17.206
1.027854,15.1411,2.6810,0.2364,15.378
1.030868,13.6638,1.7941,0.1159,13.782
1.035628,12.2394,0.9115,-0.0846,12.274
1.041746,10.7386,-0.0223,-0.3293,10.744
1.046308,9.1532,-0.8602,-0.6893,9.219
1.050716,7.4110,-1.6944,-1.3158,7.715
1.055707,5.5222,-2.5454,-2.2276,6.476
1.060707,3.4844,-3.3825,-3.4424,5.953
1.065814,1.4571,-4.2614,-4.7108,6.517
1.070815,-0.4396,-5.0753,-5.9367,7.823
1.075681,-2.1944,-5.9754,-7.0269,9.481
1.080675,-3.9818,-6.8528,-7.9172,11.203
1.086172,-5.8202,-7.5917,-8.3835,12.720
1.094041,-7.4131,-8.0688,-8.4570,13.841
1.095920,-8.8716,-8.4202,-8.4274,14.853
1.100578,-10.4510,-8.6144,-8.3938,15.934
1.105509,-12.3110,-8.5540,-8.3552,17.162
1.110543,-14.6418,-8.3763,-8.3915,18.840
1.115526,-16.7831,-8.3718,-8.3046,20.512
1.120895,-18.5404,-8.1417,-8.0309,21.784
1.125452,-20.2593,-7.6848,-7.4873,22.925
1.130508,-21.5753,-7.4584,-6.7388,23.802
1.136704,-22.4383,-7.5495,-6.0444,24.434
1.140634,-22.8162,-7.9771,-5.7095,24.836
1.146093,-23.2309,-8.7211,-5.5589,25.429
1.150951,-23.8353,-9.4252,-5.6986,26.257
1.155207,-23.3156,-10.7033,-6.0959,26.369
1.160404,-22.2750,-12.3065,-6.5401,26.275
1.165460,-20.9327,-13.6794,-7.2386,26.033
1.170494,-19.3014,-14.7367,-8.0340,25.578
1.175840,-17.3208,-15.5840,-8.9650,24.965
1.180422,-15.4090,-16.1603,-10.0516,24.487
1.185181,-13.8019,-16.3050,-11.0705,24.060
1.190246,-12.1857,-16.2124,-11.9039,23.517
1.195178,-10.3430,-16.0501,-12.6137,22.884
1.206046,-8.3715,-15.8199,-13.1678,22.220
1.206570,-6.3700,-15.4660,-13.4371,21.455
1.213284,-4.0875,-14.9566,-13.3758,20.477
1.215266,-1.2119,-14.3377,-13.1216,19.473
1.221008,2.3336,-13.4801,-12.9009,18.804
1.226278,6.0802,-12.2687,-12.7261,18.693
1.229927,10.0275,-10.5772,-12.5772,19.251
1.241139,14.7586,-8.4662,-12.4713,21.096
1.241460,19.9757,-5.9915,-12.6435,24.388
1.247192,24.8863,-3.4908,-12.9013,28.248
1.252856,29.1822,-1.1231,-12.6800,31.838
1.254894,32.6677,0.9926,-11.9623,34.803
1.260079,34.9181,2.8598,-10.6995,36.632
1.264807,35.4953,4.4247,-8.9944,36.883
1.270619,35.4754,4.9916,-7.1036,36.522
1.275163,34.0306,5.1502,-5.3201,34.827
1.279996,31.4149,5.3671,-3.3088,32.041
1.286658,28.5408,5.5029,-1.5323,29.107
1.290028,25.4539,5.3470,-0.0376,26.009
1.294809,22.3046,4.9500,1.1531,22.876
1.300182,19.2993,4.5951,2.0669,19.946
1.304751,16.5475,4.3246,2.7483,17.323
1.311263,14.0716,3.9982,3.0678,14.947
1.314901,11.8635,3.5868,3.0305,12.759
1.319704,9.8185,3.0745,2.7199,10.642
1.325241,8.0959,2.4075,2.2389,8.738
1.330317,6.6353,1.5205,1.5962,6.992
1.334704,5.1802,0.6018,0.8422,5.283
1.339885,3.7036,-0.3518,0.1808,3.725
1.345391,2.2771,-1.2992,-0.3025,2.639
1.350167,0.8206,-2.1321,-0.5636,2.353
1.354817,-0.4745,-2.7380,-0.7202,2.871
1.359666,-1.4240,-3.2219,-0.6998,3.591
1.364700,-2.0491,-3.5505,-0.5966,4.143
1.369720,-2.5188,-3.6956,-0.4520,4.495
1.375136,-2.8124,-3.8148,-0.3255,4.751
1.379880,-2.9502,-3.8870,-0.3708,4.894
1.384528,-2.9632,-3.8882,-0.3561,4.902
1.390414,-2.8991,-3.8289,-0.5492,4.834
1.394953,-2.7677,-3.7676,-0.8454,4.751
1.403365,-2.5158,-3.7050,-1.1540,4.625
1.404666,-2.3604,-3.6604,-1.5042,4.608
1.414855,-2.3647,-3.6160,-1.8069,4.683
1.421006,-2.4209,-3.5142,-2.0962,4.754
1.421787,-2.4858,-3.3555,-2.2629,4.750
1.425147,-2.4644,-3.1402,-2.3658,4.640
1.429358,-2.3522,-2.9739,-2.6170,4.607
1.434276,-2.2788,-2.8855,-2.8644,4.661
1.439404,-2.0637,-2.9373,-3.0230,4.693
1.444796,-1.8673,-3.0148,-3.0610,4.685
1.450090,-1.8397,-3.1084,-3.0417,4.722
1.454102,-1.9280,-3.1324,-2.8893,4.677
1.459156,-2.0037,-3.0058,-2.6998,4.510
1.464079,-2.0378,-2.9013,-2.4686,4.320
1.469381,-1.9118,-2.8908,-2.1905,4.100
1.474065,-1.7045,-2.8501,-1.8027,3.779
1.479251,-1.5887,-2.7698,-1.4147,3.492
1.486048,-1.4439,-2.6023,-1.0829,3.167
1.489260,-1.3746,-2.3910,-0.7685,2.863
1.494460,-1.3037,-2.1790,-0.5191,2.592
1.499352,-1.1790,-1.9138,-0.3637,2.277
1.504213,-0.9359,-1.6769,-0.3025,1.944
1.509762,-0.6704,-1.5016,-0.3025,1.672
1.513976,-0.4491,-1.3832,-0.3926,1.506
1.519040,-0.2186,-1.3455,-0.4632,1.440
1.523897,0.0455,-1.3404,-0.4907,1.428
1.528969,0.1847,-1.2627,-0.5952,1.408
1.533866,0.1675,-1.2367,-0.7477,1.455
1.539041,0.0933,-1.2432,-0.8383,1.502
1.544185,0.0435,-1.2871,-0.7765,1.504
1.548790,-0.0495,-1.3062,-0.7968,1.531
1.553861,-0.2291,-1.3483,-0.8989,1.637
1.558817,-0.4057,-1.4327,-0.9393,1.761
1.563885,-0.6307,-1.5164,-1.0183,1.932
1.569507,-0.9391,-1.6137,-1.1166,2.176
1.573605,-1.2358,-1.6629,-1.1770,2.383
1.578743,-1.3294,-1.8026,-1.1133,2.501
1.585844,-1.3206,-1.8129,-1.0212,2.464
1.588916,-1.2243,-1.7562,-1.0009,2.363
1.594135,-1.1345,-1.7662,-1.0898,2.365
1.598659,-1.1380,-1.8383,-1.1773,2.462
1.603683,-1.1241,-1.8956,-1.1582,2.490
1.608678,-1.1162,-1.8666,-1.1140,2.444
1.613556,-0.9941,-1.8227,-1.0737,2.337
1.618661,-0.8488,-1.6733,-0.9793,2.116
1.623495,-0.7885,-1.5279,-1.0746,2.028
1.629029,-0.8422,-1.3580,-1.2306,2.017
1.633482,-0.9814,-1.3168,-1.4668,2.202
1.638617,-1.0914,-1.3419,-1.7699,2.475
1.643480,-1.2346,-1.4190,-2.0931,2.814
1.648448,-1.3692,-1.5054,-2.4422,3.179
1.653510,-1.5230,-1.6200,-2.8747,3.634
1.658384,-1.7357,-1.7584,-3.2717,4.100
1.663366,-1.9363,-1.9353,-3.5910,4.515
1.668471,-2.1925,-2.1750,-3.8091,4.904
1.673276,-2.4859,-2.4297,-3.8835,5.212
1.678418,-2.7790,-2.6521,-3.8143,5.414
1.685809,-3.1144,-2.8517,-3.7453,5.644
1.688902,-3.4882,-3.1101,-3.6327,5.919
1.693825,-3.9970,-3.3895,-3.5149,6.310
1.698208,-4.7569,-3.6618,-3.4059,6.902
1.703207,-5.6646,-3.9087,-3.2771,7.623
1.708595,-6.7034,-4.1888,-3.2044,8.529
1.713175,-8.0626,-4.4696,-3.1362,9.737
1.718482,-9.6681,-4.8624,-3.0444,11.242
1.723183,-11.1440,-5.4153,-2.9208,12.730
1.728265,-12.3834,-5.8466,-2.7178,13.961
1.733306,-13.5820,-6.2768,-2.3190,15.141
1.738138,-15.0492,-6.8066,-2.0578,16.645
1.743179,-16.7061,-7.5372,-2.2073,18.460
1.748266,-18.3941,-8.4247,-2.6540,20.405
1.753523,-19.7024,-9.4770,-3.1172,22.084
1.762022,-20.5391,-10.9350,-3.4627,23.525
1.762975,-20.9928,-12.4066,-3.3041,24.608
1.768093,-20.9584,-13.8857,-2.8179,25.298
1.772941,-20.4697,-15.3918,-2.3285,25.716
1.778028,-19.6752,-16.8739,-2.0834,26.003
1.786397,-18.6245,-18.3200,-2.4084,26.235
1.788150,-17.1539,-19.7038,-3.3940,26.344
1.794220,-15.1891,-20.9087,-5.0100,26.325
1.797938,-12.9994,-21.9638,-6.9613,26.455
1.802829,-10.6317,-22.5198,-8.9911,26.477
1.812935,-7.6089,-22.4525,-10.6666,25.996
1.813523,-3.3800,-21.8462,-12.1151,25.208
1.822129,1.8629,-20.7694,-13.2934,24.730
1.822803,7.7095,-19.2614,-14.3852,25.246
1.828920,13.5626,-17.2476,-15.4101,26.812
1.834292,19.4190,-14.4259,-16.0356,29.023
1.837845,25.2613,-10.6879,-16.8529,32.193
1.842826,31.1418,-7.0618,-17.9448,36.629
1.847441,36.1651,-4.1946,-19.0165,41.075
1.852810,39.6584,-1.6854,-19.1645,44.078
1.861289,41.3463,0.7177,-18.4858,45.296
1.862539,41.3661,2.7826,-17.0751,44.838
1.868899,40.0731,3.9575,-15.1908,43.038
1.872510,38.0860,4.3933,-13.3720,40.604
1.877649,35.5443,4.6486,-11.5644,37.666
1.885262,32.3997,4.6263,-9.9538,34.209
1.887620,28.6593,4.2132,-8.7670,30.265
1.892464,24.6742,3.6681,-7.7657,26.126
1.897397,20.9994,3.2348,-6.6901,22.275
1.902438,17.8243,2.9960,-5.5245,18.900
1.910364,15.1034,2.7745,-4.3932,15.972
1.912316,12.7525,2.4735,-3.4747,13.447
1.917597,10.6950,2.0262,-2.7687,11.232
1.922454,8.7066,1.4024,-2.2888,9.111
1.927286,6.7440,0.7406,-1.9653,7.063
1.933613,4.8464,0.0666,-1.7123,5.140
1.942555,3.0277,-0.6650,-1.5835,3.481
1.948730,1.2233,-1.3773,-1.4331,2.334
1.949224,-0.3646,-1.9401,-1.1033,2.261
1.952232,-1.6629,-2.3913,-0.6502,2.984
1.957202,-2.6693,-2.8175,-0.1776,3.885
1.962128,-3.3576,-3.2241,0.1719,4.658
1.967175,-3.8850,-3.5682,0.4629,5.295
1.972199,-4.1767,-3.9338,0.6220,5.771
1.977120,-4.4517,-4.1539,0.6748,6.126
1.982069,-4.9075,-4.2104,0.7894,6.514
1.987162,-5.0808,-4.3201,0.7172,6.708
1.994523,-5.1880,-4.3787,0.5967,6.815
1.997107,-5.2697,-4.4303,0.2794,6.890
2.001980,-5.2752,-4.4428,-0.0309,6.897
2.007195,-5.1395,-4.4407,-0.2964,6.799
2.012156,-4.9196,-4.3580,-0.5041,6.592
2.017016,-4.7062,-4.2433,-0.7649,6.383
2.021977,-4.4800,-4.1498,-0.9649,6.182
2.027453,-4.2994,-4.0062,-1.2008,5.998
2.031972,-4.2339,-3.9088,-1.5560,5.969
2.036916,-4.2176,-3.8576,-1.8881,6.019
2.041767,-4.2170,-3.7763,-2.2036,6.074
2.046793,-4.2943,-3.6891,-2.4749,6.179
2.051838,-4.3439,-3.5724,-2.5978,6.195
2.056887,-4.3857,-3.4170,-2.6352,6.153
2.061725,-4.3797,-3.2517,-2.6211,6.052
2.066805,-4.3405,-3.0528,-2.5271,5.878
2.071768,-4.1769,-2.8924,-2.4251,5.630
2.076924,-3.9886,-2.7513,-2.2622,5.348
2.081618,-3.8087,-2.6679,-2.0672,5.089
2.086853,-3.6174,-2.5848,-1.7628,4.783
2.094576,-3.3850,-2.4543,-1.3967,4.408
2.096725,-3.0964,-2.2718,-1.0111,3.971
2.101600,-2.7842,-2.0660,-0.6767,3.532
2.106661,-2.5479,-1.8275,-0.3739,3.158
2.111499,-2.3295,-1.5658,-0.1598,2.811
2.116758,-2.1139,-1.3337,-0.0489,2.500
2.121761,-1.9343,-1.2027,-0.0228,2.278
2.126616,-1.7187,-1.0194,-0.0870,2.000
2.131482,-1.5096,-0.9082,-0.2230,1.776
2.136659,-1.2728,-0.7876,-0.3068,1.528
2.141535,-1.0943,-0.6861,-0.3968,1.351
2.146517,-0.9641,-0.6227,-0.4935,1.249
2.151674,-0.7718,-0.5926,-0.5496,1.118
2.156571,-0.5650,-0.4761,-0.5510,0.922
2.161459,-0.3962,-0.4359,-0.5360,0.796
2.166700,-0.2699,-0.4048,-0.5433,0.729
2.171571,-0.1906,-0.4307,-0.4723,0.667
2.176738,-0.1197,-0.4657,-0.3994,0.625
2.181554,-0.0813,-0.5193,-0.2669,0.590
2.186768,-0.0705,-0.5581,-0.1222,0.576
2.193674,-0.0920,-0.5295,0.0110,0.538
2.196325,-0.1315,-0.5772,0.1188,0.604
2.201409,-0.0887,-0.6627,0.2444,0.712
2.206289,-0.0114,-0.7001,0.3120,0.767
2.211249,0.0528,-0.6988,0.3788,0.797
2.216561,0.1037,-0.6638,0.4070,0.786
2.221268,0.1464,-0.6383,0.4590,0.800
2.226470,0.1953,-0.6173,0.4821,0.807
2.231166,0.1977,-0.5866,0.4718,0.778
2.236617,0.1773,-0.5558,0.4666,0.747
2.241488,0.1865,-0.5488,0.4566,0.738
2.246050,0.1488,-0.5609,0.4135,0.713
2.251109,0.1260,-0.5584,0.3515,0.672
2.256140,0.0702,-0.5081,0.3429,0.617
2.261038,-0.0098,-0.4291,0.3637,0.563
2.266327,-0.1238,-0.4269,0.3521,0.567
2.271066,-0.2383,-0.4201,0.3412,0.591
2.276269,-0.2387,-0.4277,0.2789,0.564
2.280863,-0.2880,-0.4308,0.2945,0.596
2.286090,-0.3530,-0.4389,0.2731,0.626
2.292666,-0.3860,-0.4474,0.3203,0.672
2.296071,-0.4541,-0.4037,0.3406,0.697
2.300960,-0.4810,-0.4131,0.2813,0.694
2.306103,-0.5050,-0.4037,0.2141,0.681
2.310934,-0.4974,-0.4570,0.1532,0.693
2.316547,-0.4915,-0.4580,0.1034,0.680
2.320837,-0.4635,-0.3492,0.0449,0.582
2.325827,-0.3747,-0.2598,-0.0515,0.459
2.330660,-0.2491,-0.2518,-0.1813,0.398
2.336179,-0.1435,-0.2391,-0.2252,0.358
2.341694,-0.0625,-0.2406,-0.2359,0.343
2.346248,0.0378,-0.2372,-0.2373,0.338
2.350931,0.1333,-0.1954,-0.1866,0.301
2.355845,0.1861,-0.1918,-0.1170,0.292
2.360643,0.2441,-0.1785,-0.0620,0.309
2.366465,0.2356,-0.1653,0.0651,0.295
2.370747,0.2322,-0.1043,0.2263,0.341
2.375693,0.2530,-0.0436,0.3546,0.438
2.380541,0.2742,0.0216,0.4024,0.487
2.385769,0.3392,0.0482,0.4085,0.533
2.393266,0.4000,0.0698,0.4299,0.591
2.395719,0.3899,0.1343,0.4713,0.626
2.400469,0.4092,0.1458,0.4514,0.626
2.405690,0.4103,0.1860,0.4324,0.624
2.411099,0.4364,0.2356,0.3994,0.637
2.416492,0.4253,0.2564,0.3525,0.609
2.420604,0.4345,0.2436,0.3108,0.587
2.425530,0.3920,0.2548,0.2983,0.555
2.430411,0.2977,0.2275,0.2960,0.478
2.435627,0.2088,0.2433,0.2846,0.429
2.440443,0.2596,0.1391,0.5475,0.622
2.446187,0.5463,0.0199,1.1865,1.306
2.450397,0.5898,0.0726,1.2099,1.348
2.455408,0.4325,0.2013,1.0771,1.178
2.460448,0.2178,0.2339,0.8212,0.881
2.465407,0.0459,0.2759,0.4560,0.535
2.470896,0.0847,0.2842,0.2733,0.403
2.475287,0.1857,0.2017,0.1672,0.321
2.480172,0.2057,0.1818,0.0414,0.278
2.485292,0.2932,0.1572,-0.0752,0.341
2.490318,0.2998,0.1377,-0.1158,0.350
2.495353,0.3070,0.1805,-0.0804,0.365
2.503441,0.2909,0.1851,-0.1265,0.367
2.505233,0.2464,0.1420,-0.1536,0.323
2.510075,0.1879,0.1467,-0.1566,0.285
2.515143,0.1198,0.0701,-0.1835,0.230
2.520153,0.0613,0.0031,-0.2822,0.289
2.525092,0.0264,-0.0877,-0.3472,0.359
2.530399,0.0007,-0.1114,-0.3976,0.413
2.535118,0.0176,-0.1687,-0.4288,0.461
2.540229,0.0246,-0.1924,-0.5127,0.548
2.545743,0.0456,-0.2447,-0.5681,0.620
2.549984,0.0324,-0.3592,-0.6331,0.729
2.555060,0.0090,-0.4065,-0.5498,0.684
2.560119,-0.0199,-0.4251,-0.4954,0.653
2.565050,-0.0305,-0.4341,-0.4028,0.593
2.570110,-0.1714,-0.4289,-0.3008,0.551
2.574968,-0.1313,-0.5099,-0.2273,0.574
2.580062,-0.0441,-0.6435,-0.1634,0.665
2.585021,0.0378,-0.6622,-0.1234,0.675
2.590479,0.0665,-0.6332,-0.0782,0.641
2.595016,0.0710,-0.5659,-0.0857,0.577
2.604404,0.0895,-0.4890,-0.1797,0.529
2.604860,0.0071,-0.4696,-0.2934,0.554
2.609711,-0.0133,-0.4882,-0.3218,0.585
2.614820,0.0475,-0.5018,-0.3511,0.614
2.620162,0.0552,-0.4402,-0.3644,0.574
2.624712,0.0058,-0.3695,-0.3545,0.512
2.629651,0.0424,-0.3419,-0.2932,0.452
2.634756,0.0695,-0.3287,-0.1946,0.388
2.639670,0.0679,-0.3299,-0.0684,0.344
2.645364,0.0093,-0.3406,0.0426,0.343
2.650295,-0.0586,-0.3418,0.1674,0.385
2.654670,-0.1454,-0.3289,0.2252,0.424
2.659576,-0.1847,-0.2736,0.1594,0.367
2.664592,-0.1719,-0.2519,0.0799,0.315
2.669661,-0.1168,-0.2067,-0.0611,0.245
2.674594,-0.1097,-0.1520,-0.2065,0.279
2.679543,-0.0690,-0.1119,-0.3231,0.349
2.684727,-0.0471,-0.1288,-0.3683,0.393
2.689530,-0.0821,-0.1216,-0.3619,0.390
2.694662,-0.1399,-0.0809,-0.2995,0.340
2.702377,-0.1636,-0.0308,-0.2907,0.335
2.704562,-0.1867,0.0001,-0.2494,0.312
2.710071,-0.2331,0.0452,-0.1565,0.284
2.714418,-0.2933,0.0803,-0.0504,0.308
2.719971,-0.3628,0.1389,0.0979,0.401
2.724817,-0.4558,0.1541,0.2311,0.534
2.729384,-0.5251,0.1689,0.3263,0.641
2.734549,-0.5328,0.2117,0.4551,0.732
2.739345,-0.5415,0.2537,0.5937,0.843
2.745165,-0.5894,0.2854,0.6332,0.911
2.749867,-0.5812,0.3019,0.7026,0.960
2.754501,-0.6029,0.2750,0.7304,0.986
2.759239,-0.6354,0.2573,0.7265,0.999
2.764326,-0.5882,0.3200,0.6674,0.945
2.769942,-0.5046,0.3436,0.5627,0.830
2.774876,-0.3699,0.3858,0.4362,0.690
2.779308,-0.2082,0.3609,0.3402,0.538
2.784294,-0.1332,0.3266,0.2502,0.432
2.789099,-0.0539,0.3019,0.1994,0.366
2.794429,-0.0513,0.3154,0.1590,0.357
2.803401,-0.0106,0.3097,0.1525,0.345
2.804389,0.0443,0.3516,0.0702,0.361
2.809107,0.0752,0.3361,-0.0065,0.345
2.814157,0.0919,0.2923,-0.0776,0.316
2.819347,0.1420,0.3011,-0.1291,0.357
2.824900,0.1682,0.3241,-0.1470,0.394
2.829644,0.2326,0.2853,-0.1793,0.409
2.834033,0.2779,0.2421,-0.1828,0.411
2.839038,0.2803,0.2231,-0.1626,0.393
2.844585,0.2733,0.2043,-0.1236,0.363
2.849833,0.2952,0.1715,-0.1041,0.357
2.853907,0.3458,0.1581,-0.1468,0.408
2.858908,0.4155,0.1402,-0.1852,0.476
2.863891,0.4521,0.1180,-0.1909,0.505
2.868957,0.4509,0.0868,-0.1834,0.494
2.874504,0.4409,0.0657,-0.1770,0.480
2.878736,0.4551,0.0972,-0.1241,0.482
2.883925,0.4412,0.0907,-0.0678,0.456
2.889314,0.4377,0.0703,-0.0318,0.444
2.893863,0.4301,0.0359,0.0081,0.432
2.899137,0.4092,0.0163,0.0373,0.411
2.903808,0.3701,-0.0268,0.0566,0.375
2.908715,0.2892,-0.0172,0.0993,0.306
2.913678,0.2377,-0.0457,0.1416,0.280
2.918739,0.1868,-0.0741,0.2267,0.303
2.924805,0.0650,-0.0833,0.2355,0.258
2.928668,-0.0564,-0.1401,0.2685,0.308
2.933691,-0.0918,-0.1491,0.2875,0.337
2.938596,-0.1274,-0.1771,0.2546,0.335
2.943651,-0.1824,-0.1670,0.2367,0.342
2.949734,-0.2090,-0.1428,0.2475,0.354
2.953534,-0.2168,-0.1806,0.2253,0.361
2.958454,-0.1490,-0.1422,0.1893,0.280
2.963439,-0.0865,-0.1325,0.1820,0.241
2.968657,0.0279,-0.1182,0.1273,0.176
2.973536,0.1037,-0.0708,0.0872,0.153
2.978474,0.0749,-0.0475,0.0857,0.123
2.985506,0.0799,-0.0196,0.0794,0.114
2.988642,0.0469,-0.0300,0.0255,0.061
2.996490,0.0238,-0.0259,-0.1044,0.110
2.998325,-0.0084,-0.0787,-0.1671,0.185
3.003500,-0.0499,-0.1215,-0.2346,0.269
3.008600,-0.0529,-0.1637,-0.2213,0.280
3.013287,-0.0844,-0.1676,-0.1703,0.253
3.018307,-0.1157,-0.1857,-0.1150,0.247
3.023210,-0.1420,-0.1847,-0.0073,0.233
3.028390,-0.1637,-0.2029,0.0764,0.272
3.033388,-0.2187,-0.2355,0.1128,0.341
3.038182,-0.3071,-0.2727,0.0879,0.420
3.043282,-0.3429,-0.2480,0.0352,0.425
3.048159,-0.3361,-0.2188,-0.0451,0.404
3.053586,-0.3156,-0.1614,-0.0630,0.360
3.058191,-0.2765,-0.1139,-0.1809,0.349
3.063140,-0.1897,-0.0806,-0.8079,0.834
3.068153,0.0064,-0.0421,-1.2713,1.272
3.073189,0.0779,0.0299,-0.9064,0.910
3.078228,0.1114,0.0350,-0.2316,0.259
3.085960,0.1928,-0.0457,0.1102,0.227
3.087966,0.2364,-0.0688,0.2077,0.322
3.093088,0.2664,-0.0775,0.2051,0.345
3.097852,0.1969,-0.0720,0.2076,0.295
3.102931,0.1425,-0.0049,0.2154,0.258
3.107797,0.0554,0.0616,0.1805,0.199
3.112967,0.0021,0.0847,0.0701,0.110
3.117853,-0.0176,0.1124,0.0271,0.117
3.122885,-0.0277,0.1399,-0.0584,0.154
3.127823,-0.0379,0.1292,-0.1529,0.204
3.133114,-0.0956,0.0807,-0.1900,0.227
3.137757,-0.0958,0.0803,-0.3702,0.391
3.142792,-0.0723,0.1183,-0.5457,0.563
3.147647,-0.0393,0.1373,-0.6168,0.633
