0.001676,-0.1068,-0.0183,-1.4832,1.487
0.002178,-0.2113,0.0969,-1.4168,1.436
0.007361,-0.0575,0.1078,-1.3977,1.403
0.012925,0.0488,0.0480,-1.3446,1.346
0.017010,0.1841,-0.0202,-1.1998,1.214
0.022001,0.3775,-0.0539,-0.9589,1.032
0.026976,0.5240,-0.0681,-0.5876,0.790
0.032052,0.5621,-0.0917,-0.2573,0.625
0.037687,0.5494,-0.0533,-0.0196,0.552
0.042079,0.5426,0.0086,0.2412,0.594
0.046892,0.4931,0.0174,0.5117,0.711
0.051872,0.3870,0.0306,0.6294,0.739
0.057549,0.2618,0.0625,0.8057,0.849
0.068383,0.2130,0.1079,0.8882,0.920
0.068716,0.2160,0.1382,0.9301,0.965
0.071847,0.0111,0.0530,1.1811,1.182
0.076777,0.0534,0.2441,1.2152,1.241
0.082158,0.2438,0.4383,0.9989,1.118
0.087234,0.4298,0.3733,0.7474,0.940
0.091785,0.5350,0.1505,0.6370,0.845
0.096850,0.4593,0.0428,0.6379,0.787
0.101909,0.2982,0.0163,0.6255,0.693
0.106635,0.1755,0.0851,0.6474,0.676
0.112872,0.2055,0.2058,0.6799,0.740
0.116919,0.2545,0.2877,0.5938,0.707
0.121580,0.3234,0.2546,0.3409,0.534
0.126561,0.2925,0.1359,0.1410,0.352
0.131932,0.0379,-0.0155,0.0459,0.062
0.136715,0.2393,0.1298,-0.0790,0.283
0.141723,0.9873,-0.0736,-0.5014,1.110
0.146581,0.2559,0.3920,-0.3701,0.597
0.151580,-0.2134,0.6364,-0.3505,0.757
0.156509,-0.3087,0.5654,-0.3992,0.758
0.161589,-0.2508,0.3425,-0.4209,0.598
0.166724,-0.2459,0.0734,-0.4726,0.538
0.171573,-0.3929,0.1110,-0.3915,0.566
0.176713,-0.5774,0.2774,-0.2014,0.672
0.181766,-0.5944,0.3144,-0.0695,0.676
0.186560,-0.5733,0.1891,0.1002,0.612
0.191652,-0.5098,0.0021,0.2652,0.575
0.201451,-0.4473,-0.1462,0.3832,0.607
0.201823,-0.4325,-0.2038,0.5501,0.729
0.206802,-0.4609,-0.1711,0.7138,0.867
0.211299,-0.5085,-0.1200,0.7120,0.883
0.216376,-0.4940,-0.1699,0.6118,0.804
0.221246,-0.4990,-0.1816,0.4607,0.703
0.226353,-0.5571,-0.2030,0.3014,0.665
0.231203,-0.5288,-0.2769,0.1238,0.610
0.236167,-0.3379,-0.4410,-0.1204,0.568
0.241252,-0.6534,-0.3370,-0.2022,0.762
0.246086,-0.8582,-0.1804,-0.3613,0.948
0.251237,-0.9293,-0.1001,-0.4596,1.042
0.256255,-0.8820,-0.1197,-0.4783,1.010
0.261257,-0.7543,-0.2196,-0.5039,0.933
0.266310,-0.5940,-0.3280,-0.5270,0.859
0.271078,-0.3628,-0.3827,-0.5141,0.736
0.276322,-0.2515,-0.3650,-0.4700,0.646
0.281481,-0.1879,-0.3563,-0.4139,0.578
0.286292,-0.2727,-0.3710,-0.2398,0.519
0.291145,-0.4051,-0.3520,-0.0719,0.541
0.295984,-0.4520,-0.3233,0.0091,0.556
0.301131,-0.4951,-0.3138,0.1093,0.596
0.305891,-0.6204,-0.3761,0.2290,0.761
0.311170,-0.6460,-0.6152,0.4312,0.991
0.316285,-0.5913,-0.8160,0.4874,1.119
0.321065,-0.8537,-0.4583,0.6417,1.162
0.325951,-1.1757,-0.0025,0.8991,1.480
0.330861,-1.2431,0.2169,0.9918,1.605
0.335761,-1.1855,0.2152,1.0446,1.595
0.342097,-1.0417,0.1315,1.0865,1.511
0.347424,-0.8926,0.0092,1.0357,1.367
0.350796,-0.7814,-0.0085,0.9600,1.238
0.355669,-0.6791,-0.0173,0.8927,1.122
0.360849,-0.6332,-0.0219,0.7522,0.983
0.365684,-0.6672,-0.0461,0.6481,0.931
0.370997,-0.6327,-0.0561,0.6135,0.883
0.375651,-0.6440,-0.0567,0.6331,0.905
0.380661,-0.6592,-0.0004,0.7368,0.989
0.385504,-0.7207,0.0746,0.8237,1.097
0.390633,-0.7951,0.2064,0.9131,1.228
0.395429,-0.8346,0.3758,0.9285,1.304
0.400815,-0.7680,0.4444,0.9370,1.290
0.405454,-0.6037,0.4652,0.8945,1.175
0.410972,-0.3433,0.4669,0.8553,1.033
0.415519,-0.0614,0.4688,0.8133,0.941
0.420595,0.2714,0.5092,0.8926,1.063
0.425407,0.6700,0.7071,0.9927,1.391
0.430574,1.0583,0.9426,1.2189,1.869
0.435513,1.4816,1.0435,1.3403,2.254
0.440451,1.9583,1.1103,1.4981,2.704
0.447847,2.4814,1.2288,1.7100,3.254
0.450315,2.9422,1.3367,1.8371,3.717
0.455865,3.4664,1.4287,1.9467,4.225
0.460316,3.9402,1.4907,2.0050,4.666
0.465239,4.3457,1.4750,2.0293,5.018
0.470357,4.6158,1.4675,1.9451,5.219
0.475192,4.6033,1.4591,1.7839,5.148
0.480007,4.4859,1.5023,1.5691,4.984
0.485210,4.3629,1.5876,1.3872,4.846
0.490120,4.0949,1.6242,1.2330,4.575
0.495669,3.7588,2.1048,0.9372,4.409
0.500214,3.5935,2.5022,0.6737,4.430
0.505039,3.5729,2.3492,0.3697,4.292
0.510011,3.4149,1.8818,-0.1425,3.902
0.514942,3.2391,1.5833,-0.5045,3.640
0.520263,3.0829,1.5201,-0.6398,3.496
0.524961,2.8733,1.4961,-0.7118,3.317
0.529962,2.5691,1.4771,-0.6998,3.045
0.534832,2.2737,1.3680,-0.6182,2.725
0.539927,2.0297,1.2263,-0.5137,2.426
0.545261,2.0279,1.1189,-0.4047,2.351
0.550057,2.0574,0.9692,-0.3148,2.296
0.554763,2.0071,0.8160,-0.1730,2.174
0.559850,1.9229,0.5443,-0.1648,2.005
0.564965,1.8701,0.2788,-0.2284,1.905
0.570904,1.7146,0.0246,-0.3304,1.746
0.574709,1.5620,-0.1945,-0.5142,1.656
0.579778,1.4266,-0.3785,-0.7173,1.641
0.584718,1.2200,-0.5417,-0.7969,1.555
0.589850,0.9544,-0.6604,-0.8864,1.460
0.594901,0.6996,-0.7440,-0.9192,1.374
0.599700,0.5985,-0.9218,-0.9957,1.483
0.604719,0.5505,-1.1171,-1.1201,1.675
0.609627,0.4793,-1.3010,-1.2063,1.838
0.614743,0.3924,-1.4116,-1.3362,1.983
0.620225,0.0444,-1.4634,-1.6049,2.172
0.624571,-0.5049,-1.4756,-2.0085,2.543
0.629551,-0.9881,-1.6012,-2.3901,3.042
0.634462,-1.2961,-1.8591,-2.7838,3.590
0.639549,-1.5446,-2.1152,-3.0996,4.058
0.645243,-1.7644,-2.3651,-3.3045,4.430
0.649552,-2.0001,-2.6467,-3.4225,4.766
0.654338,-2.3110,-2.9223,-3.5060,5.116
0.659463,-2.6976,-3.1440,-3.5024,5.425
0.664466,-3.1793,-3.3363,-3.5124,5.794
0.670500,-3.6465,-3.6139,-3.5740,6.256
0.674372,-3.4788,-4.2827,-3.8357,6.720
0.679626,-4.2772,-4.4193,-3.9292,7.298
0.684462,-5.6226,-4.2220,-3.3662,7.796
0.689324,-6.2922,-4.4230,-3.1512,8.312
0.694424,-6.6367,-4.8734,-2.9045,8.731
0.699350,-7.0776,-5.3339,-2.3470,9.168
0.704407,-7.7400,-5.6568,-1.6631,9.730
0.709239,-8.5445,-5.9626,-1.0334,10.470
0.714292,-9.8807,-6.1517,-0.6269,11.656
0.719960,-11.6367,-6.2252,-0.2836,13.200
0.724280,-12.9553,-6.7190,-0.2319,14.596
0.729194,-14.1474,-7.2879,-0.2457,15.916
0.734130,-15.3002,-7.8596,-0.2323,17.202
0.739154,-16.0435,-8.4338,-0.4225,18.130
0.744183,-16.1943,-9.1468,-0.7854,18.615
0.749188,-16.0923,-10.2300,-1.1030,19.101
0.754295,-15.8277,-11.3880,-1.0703,19.528
0.759076,-15.3787,-12.3829,-0.8036,19.761
0.764053,-14.6402,-13.3449,-0.2923,19.812
0.769155,-13.4944,-14.2463,0.1627,19.624
0.774304,-12.0380,-14.9773,0.4322,19.220
0.779149,-10.4008,-15.4389,0.2878,18.618
0.783878,-8.6930,-15.6334,-0.3953,17.892
0.789205,-7.0158,-15.3873,-1.4048,16.969
0.794097,-5.1407,-14.9423,-2.9402,16.073
0.798885,-3.0646,-14.0370,-4.7523,15.133
0.803880,-0.0676,-12.3526,-6.9083,14.153
0.808847,4.5103,-10.6964,-9.8114,15.199
0.813894,9.2173,-8.4388,-12.8751,17.943
0.818970,13.9080,-5.3774,-15.5745,21.562
0.823919,19.3223,-2.3664,-17.8278,26.397
0.831421,24.9259,0.1641,-19.4069,31.590
0.833779,29.8162,2.6789,-20.1290,36.074
0.840892,33.5465,5.2566,-19.8176,39.316
0.843903,35.7133,7.4824,-18.7752,41.036
0.848912,36.4582,9.0749,-17.1562,41.302
0.854235,35.9619,10.1637,-14.9884,40.264
0.858727,34.5393,10.7725,-12.5058,38.281
0.863713,32.5169,10.8189,-10.2256,35.763
0.869091,30.0483,10.3069,-8.2568,32.822
0.873885,26.9680,9.4840,-6.7064,29.363
0.886281,23.6967,8.2762,-5.7411,25.749
0.886699,20.9726,6.6597,-5.1212,22.593
0.888676,18.3298,5.0056,-4.6677,19.566
0.893490,15.7894,3.3172,-4.0891,16.644
0.899119,13.2250,1.5753,-3.5631,13.787
0.904511,10.3525,-0.1347,-3.3151,10.871
0.908716,7.3465,-1.7236,-3.4321,8.290
0.913510,4.4854,-3.1861,-3.7855,6.678
0.918955,1.9287,-4.7985,-4.5277,6.874
0.923802,-0.6626,-6.4745,-5.4822,8.510
0.928717,-3.3885,-7.9260,-6.3443,10.703
0.933500,-6.3073,-9.0378,-7.1155,13.118
0.938479,-9.3733,-9.8250,-7.7925,15.656
0.943438,-12.7592,-10.5321,-8.1036,18.423
0.948807,-17.0257,-10.9617,-7.9044,21.737
0.953989,-21.2775,-11.1646,-7.1411,25.067
0.958894,-24.6425,-11.3464,-5.6496,27.711
0.965348,-27.4258,-11.3451,-3.3995,29.874
0.968527,-29.4172,-11.4669,-0.9882,31.589
0.973352,-30.5502,-11.9255,0.6961,32.803
0.979629,-31.3337,-12.6978,1.9385,33.864
0.983227,-31.5185,-13.7300,2.9187,34.503
0.988295,-30.3586,-15.0623,3.0856,34.030
0.993274,-29.9853,-15.7096,2.7880,33.966
0.998507,-27.2392,-17.6371,1.3655,32.479
1.004103,-23.9664,-19.6935,-0.3903,31.022
1.008352,-21.3260,-20.5676,-2.1759,29.708
1.013667,-18.3931,-20.8460,-4.0410,28.093
1.019087,-15.2741,-20.7662,-6.1481,26.502
1.023193,-12.0186,-20.1036,-8.2825,24.844
1.029933,-8.4194,-18.7179,-10.1245,22.886
1.033274,-4.2624,-16.7127,-11.9872,21.004
1.041505,0.1405,-14.2918,-14.0111,20.015
1.048541,4.4492,-11.2803,-16.0311,20.101
1.055213,9.4055,-8.3878,-17.5138,21.577
1.060796,14.8918,-5.4175,-18.2119,24.141
1.061230,20.0408,-2.1441,-17.8197,26.903
1.066249,24.4410,1.0184,-16.5408,29.530
1.068297,28.2457,3.8364,-14.6672,32.057
1.073943,31.4800,6.1213,-12.6945,34.491
1.079777,33.9797,7.7667,-10.8927,36.518
1.082941,35.4686,8.8359,-9.3367,37.726
1.087872,35.6271,9.4593,-7.8558,37.689
1.093082,34.7664,9.0712,-6.6372,36.538
1.097991,31.8769,8.7496,-5.4208,33.497
1.103083,27.5063,9.0424,-3.5196,29.168
1.107868,23.1712,9.1310,-1.8012,24.971
1.113660,19.2844,8.4777,-0.7315,21.078
1.117797,15.9863,7.5394,-0.0607,17.675
1.122740,13.1062,6.5595,0.5179,14.665
1.128011,10.5984,5.5214,1.0128,11.993
1.132760,8.3836,4.4513,1.4366,9.600
1.138360,6.3366,3.2955,1.6801,7.337
1.142680,4.5751,2.1517,1.6867,5.330
1.147809,3.0070,1.1569,1.5311,3.567
1.153569,1.6626,0.2349,1.1551,2.038
1.157742,0.4483,-0.6905,0.6290,1.036
1.162559,-0.7202,-1.5278,-0.0731,1.691
1.167617,-1.7394,-2.2948,-0.7597,2.978
1.172722,-2.4899,-3.0178,-1.3500,4.139
1.178441,-3.0782,-3.6957,-1.7809,5.129
1.182583,-3.6644,-4.2713,-1.9182,5.946
1.187548,-4.1455,-4.6542,-1.9392,6.527
1.192771,-4.7056,-4.9266,-1.9392,7.083
1.198389,-5.1728,-5.1845,-1.8590,7.556
1.203690,-5.4951,-5.3293,-1.7062,7.843
1.207550,-5.8637,-5.3330,-1.5509,8.076
1.212436,-6.1694,-5.2829,-1.3550,8.234
1.217379,-6.2742,-5.1467,-1.1278,8.193
1.222335,-6.2168,-4.9542,-0.8166,7.991
1.228453,-6.0085,-4.7497,-0.4825,7.674
1.232427,-5.6446,-4.5864,-0.1364,7.274
1.237372,-5.2076,-4.4460,0.2471,6.852
1.242272,-4.7776,-4.1807,0.6150,6.378
1.248273,-4.3344,-3.9251,0.8236,5.905
1.254628,-3.8293,-3.7319,0.8913,5.421
1.258076,-3.2716,-3.5773,0.8557,4.923
1.262032,-2.7724,-3.3466,0.6725,4.398
1.267224,-2.3939,-3.1544,0.3549,3.976
1.272397,-2.0825,-3.0152,-0.0074,3.665
1.277255,-1.8474,-2.8761,-0.3584,3.437
1.282262,-1.6306,-2.6702,-0.6278,3.191
1.287092,-1.3799,-2.4885,-0.8505,2.970
1.291999,-1.2224,-2.3068,-1.0699,2.821
1.297120,-1.0626,-2.1395,-1.2389,2.691
1.302049,-0.9143,-2.0154,-1.3531,2.594
1.307094,-0.7677,-1.8768,-1.4178,2.474
1.311985,-0.6082,-1.7477,-1.4426,2.346
1.317655,-0.5513,-1.6473,-1.3316,2.189
1.322127,-0.5472,-1.5324,-1.1469,1.991
1.327087,-0.6013,-1.4605,-0.9502,1.843
1.332152,-0.6800,-1.2786,-0.6787,1.599
1.337804,-0.6162,-1.2022,-0.3989,1.409
1.342201,-0.5342,-1.1640,-0.0956,1.284
1.347153,-0.4390,-1.1642,0.0840,1.247
1.351946,-0.4442,-1.1739,0.1309,1.262
1.356998,-0.5214,-1.2360,0.0931,1.345
1.361842,-0.6228,-1.2550,-0.0009,1.401
1.366834,-0.6626,-1.2883,-0.1035,1.452
1.372740,-0.5976,-1.2880,-0.2005,1.434
1.377301,-0.6488,-1.2591,-0.3302,1.454
1.381650,-0.7431,-1.3066,-0.5360,1.596
1.386672,-0.8767,-1.4593,-0.6698,1.829
1.391618,-1.0594,-1.5782,-0.8805,2.095
1.396707,-1.3057,-1.6732,-1.1730,2.425
1.401598,-1.5778,-1.7777,-1.4855,2.803
1.406885,-1.8334,-1.9924,-1.7944,3.248
1.411563,-2.0056,-2.2452,-2.0386,3.636
1.416859,-2.2389,-2.4598,-2.1319,3.951
1.421561,-2.4430,-2.6555,-2.1890,4.220
1.426594,-2.7093,-2.8708,-2.2337,4.536
1.431630,-3.0479,-3.1154,-2.2801,4.919
1.436917,-3.4980,-3.4230,-2.3517,5.430
1.441579,-4.1947,-3.7316,-2.4539,6.127
1.446465,-5.0539,-3.9747,-2.4091,6.866
1.451615,-6.0734,-4.2536,-2.3080,7.766
1.456931,-7.4472,-4.6021,-2.0921,9.001
1.461481,-9.0494,-4.9541,-1.6261,10.444
1.466501,-10.6241,-5.4294,-1.0369,11.976
1.471349,-12.2020,-6.1147,-0.5325,13.659
1.476425,-13.7955,-6.9763,-0.0079,15.459
1.481485,-15.4381,-8.0707,0.6755,17.434
1.486427,-17.2394,-9.0714,1.2650,19.521
1.491240,-18.8106,-9.9812,1.6381,21.358
1.496417,-19.8613,-11.1213,1.7626,22.831
1.501351,-20.3653,-12.5447,1.5626,23.970
1.507080,-20.2176,-14.2486,1.0002,24.754
1.514744,-19.3535,-15.9386,0.0996,25.072
1.516354,-17.7340,-17.6600,-1.0797,25.051
1.521325,-15.4524,-19.1101,-2.2857,24.682
1.526557,-12.8348,-19.9848,-3.5864,24.021
1.531443,-9.8531,-20.2748,-5.1271,23.118
1.536243,-6.5184,-19.8964,-6.9246,22.052
1.541177,-2.9433,-18.1275,-9.3103,20.590
1.547716,1.5068,-15.4810,-12.8166,20.154
1.551433,7.6905,-12.5029,-17.2129,22.622
1.556530,15.2931,-8.8094,-21.2882,27.653
1.562869,23.6828,-4.6967,-23.4828,33.681
1.566638,31.8492,-0.5737,-23.9024,39.825
1.571367,38.3525,3.2218,-22.7342,44.701
1.576626,42.2903,6.7892,-20.2969,47.398
1.580975,43.7070,9.6980,-17.3959,48.031
1.589060,43.2958,11.3652,-14.5882,47.080
1.591134,41.6653,11.6550,-12.0845,44.921
1.596622,38.9707,11.2274,-10.0592,41.785
1.600902,35.1250,10.4940,-8.4780,37.627
1.606068,30.0871,9.6611,-7.1293,32.394
1.615073,24.2637,8.8916,-6.1752,26.569
1.615892,18.8907,8.1046,-5.6421,21.316
1.622987,14.8955,7.1148,-5.3535,17.354
1.626049,11.9522,5.7656,-4.9765,14.173
1.632294,9.4881,4.3186,-4.3409,11.292
1.637491,7.3519,2.8909,-3.8036,8.768
1.640686,5.3733,1.4315,-3.5263,6.585
1.645774,3.4889,-0.1230,-3.4383,4.900
1.650973,1.5809,-1.6455,-3.3588,4.061
1.655901,-0.3715,-2.9702,-3.2606,4.426
1.661398,-2.2527,-4.0964,-3.0711,5.593
1.665791,-3.9474,-5.0189,-2.7982,6.971
1.670527,-5.4169,-5.7381,-2.4203,8.254
1.675689,-6.6453,-6.2826,-2.0814,9.379
1.680870,-7.6205,-6.6220,-1.8127,10.257
1.686184,-8.2823,-6.8385,-1.7022,10.875
1.690447,-8.7581,-6.9196,-1.7020,11.291
1.695724,-9.0453,-6.8864,-1.7889,11.508
1.700763,-9.0928,-6.7455,-1.8971,11.480
1.705605,-8.8697,-6.5176,-2.0702,11.200
1.711366,-8.5830,-6.2379,-2.3499,10.867
1.715569,-8.2052,-5.9698,-2.6513,10.488
1.720578,-7.7882,-5.5753,-2.9716,10.028
1.725667,-7.2975,-5.1940,-3.1263,9.487
1.730363,-6.7079,-4.7546,-3.2277,8.833
1.735727,-5.9996,-4.3198,-3.4019,8.138
1.740402,-5.2170,-4.0044,-3.6180,7.506
1.745276,-4.4786,-3.8132,-3.7673,6.985
1.750229,-3.8783,-3.5595,-3.7650,6.472
1.755312,-3.4340,-3.2960,-3.5977,5.967
1.760227,-3.1161,-2.9989,-3.3568,5.475
1.765495,-2.8385,-2.8021,-2.9897,4.985
1.771673,-2.6723,-2.5955,-2.5786,4.531
1.775201,-2.5795,-2.3073,-2.0898,4.043
1.780602,-2.3925,-1.9952,-1.5946,3.500
1.786184,-2.1444,-1.8122,-1.1310,3.027
1.790190,-1.8055,-1.6386,-0.6454,2.522
1.795166,-1.4324,-1.4221,-0.0883,2.020
1.800221,-1.0054,-1.2823,0.4154,1.682
1.805193,-0.5616,-1.0948,0.8047,1.470
1.810063,-0.1188,-0.9937,1.0947,1.483
1.815299,0.2905,-0.9981,1.2377,1.616
1.819999,0.6675,-0.9547,1.2913,1.739
1.825336,0.9944,-0.9066,1.2364,1.827
1.830103,1.2957,-0.7772,1.0620,1.847
1.836338,1.4668,-0.6524,0.8251,1.805
1.839986,1.5369,-0.5609,0.5203,1.717
1.845026,1.5781,-0.5263,0.2809,1.687
1.849952,1.5474,-0.4910,0.1017,1.627
1.855683,1.4013,-0.4120,-0.0460,1.461
1.860281,1.1877,-0.3224,-0.1584,1.241
1.864951,0.9442,-0.2128,-0.2158,0.992
1.870124,0.7947,-0.2411,-0.2279,0.861
1.874958,0.6763,-0.3256,-0.2040,0.778
1.879872,0.4161,-0.3756,-0.0475,0.563
1.884834,0.1326,-0.3580,0.1087,0.397
1.889777,-0.0880,-0.3396,0.2589,0.436
1.896996,-0.2372,-0.3542,0.3806,0.571
1.899916,-0.3633,-0.3924,0.5033,0.734
1.905994,-0.4233,-0.4306,0.6324,0.874
1.909564,-0.4990,-0.4354,0.6965,0.961
1.914663,-0.6198,-0.3977,0.7256,1.034
1.919839,-0.7616,-0.3603,0.7423,1.123
1.930637,-0.8624,-0.3616,0.6368,1.131
1.936361,-0.8840,-0.3585,0.5001,1.077
1.937003,-0.8888,-0.3364,0.3218,1.003
1.940187,-0.8192,-0.3622,0.1396,0.906
1.944621,-0.8089,-0.4117,-0.0469,0.909
1.949483,-0.7670,-0.4752,-0.1614,0.917
1.954664,-0.7893,-0.5480,-0.1179,0.968
1.959401,-0.8287,-0.7533,-0.4023,1.190
1.964550,-0.8466,-1.0429,-0.8227,1.575
1.969469,-1.1523,-0.7870,0.2267,1.414
1.974520,-1.2537,-0.4175,0.9368,1.620
1.979635,-1.0970,-0.2169,1.5478,1.909
1.984757,-0.9252,-0.3959,1.8313,2.090
1.989565,-0.6410,-0.6091,1.7251,1.939
1.994535,-0.3056,-0.7563,1.5943,1.791
1.999660,-0.0621,-0.7851,1.5822,1.767
2.004375,-0.0297,-0.6813,1.6313,1.768
2.009461,-0.0984,-0.5744,1.6841,1.782
2.014325,-0.2012,-0.4260,1.6591,1.725
2.022216,-0.1182,-0.2933,1.5076,1.540
2.024555,0.0265,-0.2237,1.1620,1.184
2.029197,0.1666,-0.1879,0.8464,0.883
2.034908,0.2164,-0.1331,0.6466,0.695
2.040032,0.2192,-0.0259,0.5717,0.613
2.044354,0.2608,0.0908,0.5880,0.650
2.049163,0.2593,0.1500,0.6329,0.700
2.054541,0.1955,0.2425,0.6350,0.707
2.059116,0.1987,0.2917,0.5989,0.695
2.064166,0.6769,0.2738,0.7500,1.047
2.069340,1.7559,0.4036,1.2136,2.172
2.074366,2.0234,0.8679,0.9067,2.381
2.078969,1.5900,1.1407,0.6904,2.075
2.084131,1.3076,1.1554,0.5930,1.843
2.089309,1.3201,1.0177,0.1880,1.677
2.094602,1.3645,0.9581,-0.1517,1.674
2.099691,1.2682,0.9432,-0.2978,1.608
2.111055,1.0499,0.9824,-0.4800,1.516
2.111592,0.8725,0.8703,-0.5651,1.356
2.116706,0.6826,0.7602,-0.5049,1.140
2.119047,0.5610,0.6180,-0.4041,0.927
2.124218,0.4832,0.4915,-0.3244,0.762
2.128772,0.3288,0.3326,-0.2175,0.516
2.133838,0.0827,0.1506,-0.1068,0.202
2.138706,-0.1317,-0.0217,-0.0003,0.133
2.146489,-0.3620,-0.1503,0.0623,0.397
2.148794,-0.5373,-0.2648,0.1640,0.621
2.154367,-0.6198,-0.3463,0.3005,0.771
2.159086,-0.6959,-0.4430,0.4437,0.937
2.164053,-0.7366,-0.5697,0.5701,1.092
2.169235,-0.7276,-0.6501,0.6995,1.201
2.173729,-0.6974,-0.6888,0.7452,1.231
2.178533,-0.7174,-0.7721,0.7317,1.283
2.183843,-0.6389,-0.8183,0.5724,1.186
2.189032,-0.5861,-0.7890,0.3387,1.040
2.194176,-0.6307,-0.7511,0.1643,0.994
2.198735,-0.6765,-0.7235,0.0346,0.991
2.203516,-0.7477,-0.7108,-0.0847,1.035
2.208795,-0.8199,-0.7174,-0.1651,1.102
2.213601,-0.8018,-0.7386,-0.2067,1.110
2.219083,-0.7556,-0.7694,-0.1666,1.091
2.223473,-0.7195,-0.8148,-0.0640,1.089
2.228631,-0.7270,-0.7886,0.0582,1.074
2.233882,-0.7353,-0.7630,0.2482,1.088
2.238740,-0.6769,-0.7572,0.4438,1.108
2.249752,-0.5520,-0.7379,0.6791,1.145
2.250239,-0.4755,-0.7290,0.7577,1.154
2.254181,-0.3944,-0.6873,0.7322,1.079
2.258461,-0.3414,-0.6368,0.6697,0.985
2.263508,-0.3074,-0.5774,0.6515,0.923
2.269249,-0.2491,-0.5137,0.7491,0.942
2.273467,-0.1714,-0.4125,0.8141,0.929
2.278836,-0.1074,-0.3550,0.8850,0.960
2.283367,-0.0478,-0.2506,1.0098,1.042
2.288605,0.0558,-0.1376,1.1360,1.146
2.294430,0.1502,-0.0353,1.2543,1.264
2.298413,0.2168,0.0515,1.3265,1.345
2.303246,0.2555,0.1131,1.3526,1.381
2.308215,0.2473,0.1691,1.2750,1.310
2.313328,0.1584,0.2053,1.1843,1.212
2.318124,0.0799,0.2268,0.9651,0.995
2.323248,-0.0605,0.2338,0.7655,0.803
2.328214,-0.2247,0.2602,0.5852,0.679
2.333168,-0.3460,0.2200,0.3756,0.556
2.338741,-0.4484,0.1470,0.1652,0.500
2.344326,-0.5657,0.1419,-0.0703,0.587
2.348217,-0.7891,0.0852,-0.2115,0.821
2.353641,-0.8222,0.0056,-0.2344,0.855
2.357985,-0.6119,-0.0590,-0.1626,0.636
2.362972,-0.3254,-0.0754,-0.0435,0.337
2.367848,-0.1110,-0.0534,0.0896,0.152
2.373030,-0.0115,-0.0700,0.3093,0.317
2.380220,0.0456,-0.0823,0.4387,0.449
2.382911,0.1273,-0.1095,0.5020,0.529
2.387953,0.2243,-0.1275,0.4513,0.520
2.393011,0.2651,-0.1458,0.3916,0.495
2.398524,0.2065,-0.1067,0.3321,0.405
2.402929,0.1250,-0.1011,0.2343,0.284
2.408196,0.0347,-0.0808,0.1695,0.191
2.413607,0.0213,-0.0364,0.0852,0.095
2.417797,0.0373,-0.0250,-0.0047,0.045
2.422728,0.0922,0.0157,-0.1100,0.144
2.427733,0.1481,0.0283,-0.1733,0.230
2.432834,0.2239,0.0510,-0.1610,0.280
2.437723,0.2669,0.1075,-0.1447,0.322
2.442697,0.3105,0.1500,-0.1197,0.365
2.447674,0.3259,0.1114,-0.1047,0.360
2.453226,0.3130,0.0634,-0.0566,0.324
2.458195,0.2476,0.0442,0.0058,0.252
2.462620,0.1823,0.0154,0.0586,0.192
2.467417,0.1455,-0.0040,0.0543,0.155
2.472664,0.1612,-0.0427,0.0744,0.183
2.477592,0.1384,-0.1151,0.0518,0.187
2.482945,0.0865,-0.1447,0.0539,0.177
2.487392,-0.0092,-0.1412,0.0473,0.149
2.492764,-0.0628,-0.1236,-0.0113,0.139
2.497484,-0.0885,-0.0776,-0.0789,0.142
2.505356,-0.1060,-0.0942,-0.1505,0.207
2.507554,-0.0673,-0.1302,-0.1639,0.220
2.514105,-0.0582,-0.1139,-0.1574,0.203
2.517845,-0.0838,-0.0933,-0.1643,0.207
2.522260,-0.1009,-0.0635,-0.1991,0.232
2.527420,-0.0707,-0.0387,-0.2334,0.247
2.532543,0.0120,-0.0570,-0.2818,0.288
2.537264,0.0998,-0.1039,-0.3686,0.396
2.542170,0.2555,-0.0787,-0.4034,0.484
2.547187,0.3651,-0.0770,-0.3338,0.501
2.552596,0.3664,-0.0702,-0.1788,0.414
2.557203,0.2638,-0.0104,0.0038,0.264
2.562172,0.1862,-0.0221,0.1616,0.247
2.567077,0.2103,-0.1006,0.2996,0.380
2.572179,0.2692,-0.1742,0.4274,0.534
2.577753,0.2478,-0.1565,0.5118,0.590
2.582207,0.1601,-0.0433,0.4860,0.513
2.586971,0.0583,0.0076,0.4649,0.469
2.592310,-0.0243,-0.0087,0.4059,0.407
2.597460,-0.0547,-0.0442,0.3615,0.368
2.602126,-0.0761,-0.0032,0.3272,0.336
2.606998,-0.1364,0.0134,0.3271,0.355
2.611981,-0.1976,-0.0183,0.3855,0.434
2.616955,-0.2502,-0.1127,0.4497,0.527
2.622330,-0.3087,-0.1167,0.4482,0.557
2.631767,-0.4072,-0.0828,0.4142,0.587
2.632120,-0.5266,-0.0779,0.2517,0.589
2.637401,-0.4992,-0.0396,0.0564,0.504
2.641563,-0.4394,-0.0154,-0.1581,0.467
2.646776,-0.3274,-0.0195,-0.3637,0.490
2.651931,-0.2682,-0.0276,-0.5081,0.575
2.656896,-0.1895,-0.0447,-0.5388,0.573
2.661761,-0.1008,-0.0324,-0.5133,0.524
2.666779,-0.0402,-0.0294,-0.3162,0.320
2.671863,0.0161,-0.0694,-0.0621,0.095
2.677126,0.0348,-0.1001,0.2303,0.254
2.681935,0.0154,-0.0880,0.4179,0.427
2.686583,0.0536,-0.0763,0.6061,0.613
2.691906,0.0771,-0.0600,0.7468,0.753
2.697175,0.1148,0.0031,0.7876,0.796
2.702062,0.1761,0.0700,0.7150,0.740
2.706770,0.2085,0.1740,0.6580,0.712
2.711666,0.3357,0.2721,0.5689,0.714
2.716622,0.4814,0.3787,0.4000,0.732
2.721904,0.5554,0.4323,0.2037,0.733
2.728339,0.5965,0.4810,0.0321,0.767
2.731644,0.5905,0.4488,-0.0343,0.742
2.736717,0.5614,0.4553,-0.1152,0.732
2.741489,0.5190,0.4430,-0.1676,0.703
2.746651,0.3869,0.4167,-0.1486,0.588
2.751859,0.2845,0.3291,-0.0588,0.439
2.756337,0.1874,0.2137,0.0159,0.285
2.761404,0.0332,0.1371,0.0763,0.160
2.766515,-0.1065,0.0275,0.2703,0.292
2.771444,-0.1993,-0.0913,0.4454,0.496
2.777036,-0.3407,-0.1244,0.5734,0.679
2.781280,-0.3401,-0.1153,0.5504,0.657
2.786183,-0.1887,-0.1449,0.4912,0.546
2.791239,-0.0864,-0.0892,0.4005,0.419
2.796574,0.0199,0.0277,0.2918,0.294
2.802780,0.0972,-0.0131,-0.0061,0.098
2.806470,0.0985,0.0181,-0.1408,0.173
2.811628,0.0243,0.0972,-0.2615,0.280
2.816418,-0.0249,0.0669,-0.3159,0.324
2.822041,-0.0734,-0.0053,-0.3283,0.336
2.827098,-0.1544,-0.0954,-0.2326,0.295
2.831171,-0.2158,-0.1180,-0.1000,0.266
2.836141,-0.2913,-0.1641,0.0552,0.339
2.841219,-0.3476,-0.2051,0.1858,0.444
2.846119,-0.3472,-0.1986,0.3257,0.516
2.854490,-0.3379,-0.2068,0.4275,0.583
2.856142,-0.2483,-0.1964,0.4630,0.561
2.861354,-0.1883,-0.1674,0.4518,0.517
2.866037,-0.1097,-0.1105,0.3749,0.406
2.871132,-0.1553,-0.1443,0.1801,0.278
2.875966,-0.5002,-0.2679,-0.1227,0.581
2.881058,-0.9527,-0.4800,-1.0230,1.478
2.885970,-0.3612,-0.2804,-1.3863,1.460
2.891022,-0.3449,-0.1814,-0.7365,0.833
2.895898,-0.4004,-0.2398,-0.2160,0.514
2.900881,-0.1272,-0.2789,-0.1459,0.340
2.905703,0.1209,-0.2847,-0.0048,0.309
2.910724,0.2637,-0.3097,0.1355,0.429
2.915693,0.3260,-0.3111,0.3086,0.546
2.920725,0.3410,-0.2181,0.4435,0.600
2.925674,0.3567,-0.1216,0.4310,0.573
2.930866,0.2638,-0.0880,0.3716,0.464
2.935614,0.2246,-0.0880,0.2464,0.345
2.941113,0.1862,-0.0689,0.1506,0.249
2.945529,0.1297,-0.0070,0.1355,0.188
2.950664,0.0120,0.0642,0.0818,0.105
2.955757,0.0142,0.0878,-0.0675,0.112
2.960727,-0.0735,0.0311,-0.2458,0.258
2.965663,0.0541,-0.0148,-0.5436,0.546
2.970625,0.1866,0.0214,-0.6848,0.710
2.975589,0.1672,0.0774,-0.7423,0.765
