0.002344,0.9382,0.0893,-0.2896,0.986
0.002886,1.0572,0.1470,-0.1837,1.083
0.006329,1.0312,0.3476,0.0010,1.088
0.011372,1.2518,0.3758,0.2693,1.334
0.016348,1.3889,0.3134,0.5403,1.523
0.021346,1.4859,0.2463,0.7333,1.675
0.027355,1.5046,0.1698,0.9208,1.772
0.031329,1.4925,0.2078,1.0033,1.810
0.036230,1.3553,0.2499,1.0342,1.723
0.041200,1.2017,0.2818,0.9137,1.536
0.046490,0.9115,0.4040,0.7521,1.249
0.056894,0.5461,0.4443,0.6163,0.936
0.057467,0.1129,0.4415,0.6544,0.797
0.061283,-0.1501,0.4911,0.4071,0.655
0.066105,-0.1927,0.6358,-0.0386,0.666
0.071196,-0.0921,0.4557,-0.2577,0.532
0.076326,-0.0206,0.1714,-0.3131,0.358
0.081137,-0.0362,0.0173,-0.3060,0.309
0.086097,-0.1197,0.0214,-0.2939,0.318
0.091314,-0.1570,0.0257,-0.3678,0.401
0.096070,-0.1706,0.0491,-0.4936,0.525
0.102152,-0.1846,-0.0084,-0.5334,0.564
0.106190,-0.1463,-0.1513,-0.4876,0.531
0.111526,-0.1081,-0.2599,-0.4474,0.529
0.116057,-0.0888,-0.3010,-0.4221,0.526
0.121099,-0.0888,-0.2415,-0.3641,0.446
0.127046,-0.2023,-0.2252,-0.3301,0.448
0.130929,-0.3153,-0.2326,-0.2916,0.488
0.135856,-0.4806,-0.2874,-0.3062,0.638
0.140958,-0.6124,-0.3370,-0.3356,0.775
0.146027,-0.8019,-0.3099,-0.3795,0.940
0.151054,-0.9732,-0.3399,-0.4096,1.109
0.156697,-1.0584,-0.3697,-0.4777,1.219
0.161082,-1.1067,-0.3514,-0.6465,1.329
0.165912,-1.1324,-0.3327,-0.7492,1.398
0.171384,-1.2216,-0.2804,-0.7717,1.472
0.175510,-1.3025,-0.2470,-0.7622,1.529
0.180769,-1.3229,-0.2563,-0.6920,1.515
0.185673,-1.2439,-0.3034,-0.6711,1.446
0.190713,-1.2094,-0.3309,-0.6518,1.413
0.195719,-1.2337,-0.2911,-0.6006,1.403
0.200611,-1.1924,-0.1891,-0.5845,1.341
0.205761,-1.1626,-0.1970,-0.5460,1.299
0.210585,-1.1923,-0.3383,-0.4178,1.308
0.215865,-1.2574,-0.4074,-0.3432,1.366
0.220539,-1.1576,-0.3807,-0.3462,1.267
0.226821,-0.9568,-0.5398,-0.1602,1.110
0.231125,-1.0087,-0.5836,-0.1101,1.171
0.235471,-1.3599,-0.2838,-0.2700,1.415
0.240551,-1.6081,-0.0142,-0.2087,1.622
0.245565,-1.6341,0.0678,-0.0030,1.635
0.250807,-1.4665,-0.0370,0.1644,1.476
0.257441,-1.1917,-0.1224,0.4034,1.264
0.260389,-0.9956,-0.2079,0.4468,1.111
0.265554,-0.8624,-0.3170,0.3957,1.000
0.270743,-0.7388,-0.4595,0.4890,0.998
0.275368,-0.6019,-0.4489,0.5926,0.957
0.280553,-0.5958,-0.5771,0.5969,1.022
0.285282,-0.6897,-0.3519,0.5023,0.923
0.290845,-0.7052,0.0200,0.4240,0.823
0.295160,-0.4283,0.0847,0.3144,0.538
0.300118,-0.2093,-0.1137,0.2590,0.352
0.305252,-0.1916,-0.3259,0.1666,0.413
0.310003,-0.2786,-0.3656,0.0562,0.463
0.315165,-0.3412,-0.2478,-0.0384,0.423
0.320028,-0.4423,-0.1450,-0.1941,0.504
0.326344,-0.4863,-0.1667,-0.2677,0.580
0.330423,-0.5214,-0.2646,-0.3887,0.702
0.335011,-0.5726,-0.3145,-0.4564,0.797
0.340030,-0.5919,-0.3022,-0.5191,0.843
0.344967,-0.5892,-0.3329,-0.5336,0.862
0.354432,-0.6128,-0.2918,-0.5957,0.903
0.354982,-0.6914,-0.2795,-0.6525,0.991
0.359906,-0.8009,-0.2767,-0.6851,1.090
0.365002,-0.9143,-0.3361,-0.7024,1.201
0.369854,-1.0218,-0.3666,-0.7047,1.294
0.374828,-1.1049,-0.4352,-0.6581,1.358
0.379819,-1.1115,-0.4463,-0.5527,1.319
0.384905,-1.2187,-0.4623,-0.3978,1.363
0.389972,-1.2531,-0.4355,-0.1309,1.333
0.395017,-1.2033,-0.4092,0.2068,1.288
0.399997,-1.2879,-0.4549,0.5291,1.465
0.405327,-1.4018,-0.4819,0.7705,1.671
0.410400,-1.3829,-0.4852,1.0130,1.782
0.414926,-1.1745,-0.4887,1.1906,1.742
0.419721,-0.8267,-0.4876,1.3456,1.653
0.425162,-0.4046,-0.3815,1.5000,1.600
0.429720,0.2292,-0.1802,1.4663,1.495
0.434818,0.8943,0.0161,1.2773,1.559
0.439711,1.4688,0.1932,0.8984,1.733
0.445035,1.9447,0.3562,0.5049,2.040
0.449604,2.2677,0.5914,0.1789,2.350
0.454655,2.4256,0.8508,-0.0726,2.571
0.461991,2.6308,1.1056,-0.1623,2.858
0.464707,2.8931,1.2986,-0.2399,3.180
0.470169,3.2128,1.5108,-0.2825,3.562
0.474565,3.6480,1.6944,-0.3436,4.037
0.479672,4.0952,1.9156,-0.3489,4.535
0.484749,4.5434,2.0262,-0.3774,4.989
0.489663,4.9037,2.1073,-0.3446,5.348
0.494673,5.1288,2.1825,-0.2747,5.581
0.499520,5.2863,2.2802,-0.2009,5.761
0.504525,5.3334,2.3955,-0.2045,5.850
0.509828,5.3609,2.4757,-0.2384,5.910
0.514554,5.3021,2.4538,-0.3921,5.856
0.519409,5.2191,2.3733,-0.5469,5.759
0.524524,5.1120,2.2820,-0.6457,5.635
0.530103,4.8991,2.1992,-0.7074,5.416
0.534528,4.5468,2.0820,-0.7699,5.060
0.539153,4.1875,1.9454,-0.7662,4.680
0.544349,4.0185,1.7077,-0.6430,4.413
0.549390,3.9048,1.4748,-0.4426,4.197
0.554271,3.6545,1.3280,-0.2790,3.898
0.561393,3.3252,1.1238,-0.2805,3.521
0.564299,3.2656,0.9152,-0.3228,3.407
0.569344,3.1295,0.6835,-0.4008,3.228
0.574275,2.8146,0.4858,-0.6106,2.921
0.579483,2.4629,0.3129,-0.8082,2.611
0.584944,2.1502,0.0552,-0.8883,2.327
0.589406,1.7707,-0.1579,-0.9946,2.037
0.594191,1.3714,-0.2739,-1.2465,1.873
0.599143,0.8205,-0.4166,-1.6627,1.900
0.604083,0.3463,-0.6245,-1.9331,2.061
0.609415,0.0797,-0.8015,-1.9909,2.148
0.614094,-0.1427,-0.9000,-2.0463,2.240
0.619008,-0.4647,-0.9726,-2.0844,2.347
0.624265,-0.7287,-1.1532,-2.1285,2.528
0.629105,-0.8035,-1.3603,-2.1104,2.636
0.634464,-0.8431,-1.5557,-1.9880,2.661
0.638959,-0.9645,-1.6009,-1.9081,2.671
0.644372,-1.1052,-1.7497,-1.9037,2.812
0.649248,-1.1652,-1.9683,-1.9746,3.022
0.654221,-1.1733,-2.1897,-2.0390,3.214
0.663053,-1.3039,-2.3567,-2.1681,3.458
0.663815,-1.4963,-2.4694,-2.2868,3.683
0.668821,-1.7142,-2.6046,-2.3849,3.926
0.673884,-1.9344,-2.7479,-2.5392,4.212
0.678944,-2.3291,-2.8708,-2.6301,4.537
0.683807,-2.7556,-3.0022,-2.6435,4.857
0.688708,-3.1493,-3.1377,-2.6557,5.178
0.693884,-3.5751,-3.2629,-2.6919,5.538
0.698764,-4.0400,-3.3351,-2.8234,5.951
0.703728,-4.3773,-3.4552,-2.9979,6.331
0.709528,-4.6116,-3.6995,-3.0677,6.661
0.713640,-4.8822,-4.0106,-3.0619,7.021
0.718689,-5.2336,-4.2313,-2.9987,7.368
0.723632,-5.7032,-4.4143,-2.9172,7.780
0.728813,-6.1106,-4.6415,-2.8166,8.174
0.734403,-6.5337,-4.9274,-2.8160,8.654
0.738719,-7.1268,-5.1244,-2.7379,9.195
0.743525,-8.0021,-5.2238,-2.6914,9.928
0.748416,-9.2332,-5.3889,-2.6897,11.024
0.753804,-10.4225,-5.7734,-2.5847,12.192
0.761672,-11.6113,-6.1953,-2.3037,13.361
0.763455,-12.7650,-6.4354,-1.8784,14.418
0.768341,-13.5522,-6.7234,-1.4635,15.199
0.773398,-14.1049,-7.2547,-1.0745,15.898
0.778315,-14.4738,-7.9839,-0.6548,16.543
0.784272,-14.5667,-8.7044,-0.2272,16.971
0.788282,-14.4268,-9.4418,0.0367,17.242
0.793416,-14.0615,-10.3411,0.3393,17.458
0.798475,-13.7058,-11.0491,0.4656,17.611
0.803401,-13.0718,-11.6240,0.2904,17.495
0.808252,-11.8496,-12.2146,0.1330,17.018
0.813392,-10.4790,-12.6828,-0.1554,16.453
0.818192,-9.0821,-12.7715,-0.5170,15.680
0.823189,-7.2828,-12.3448,-1.1570,14.380
0.828102,-4.3563,-11.5316,-2.6299,12.604
0.833159,-0.0333,-10.4256,-5.2417,11.669
0.838101,5.1347,-8.6206,-8.4434,13.114
0.843167,10.6751,-6.0511,-12.0363,17.189
0.848157,16.5168,-3.0006,-15.2335,22.669
0.854361,22.1756,0.2400,-17.4260,28.204
0.858126,27.2967,3.2522,-18.5892,33.185
0.866148,31.6282,5.9314,-18.6705,37.204
0.873292,34.6785,8.1272,-18.0247,39.919
0.873633,36.0700,9.6440,-16.7376,40.917
0.879535,35.6343,10.3549,-14.8767,39.979
0.882908,33.7060,10.4151,-12.2457,37.343
0.888196,30.9195,10.1155,-9.3101,33.838
0.892977,27.6675,9.3364,-6.2605,29.864
0.897859,24.2518,8.3383,-3.1872,25.842
0.902766,20.6157,7.3685,-0.7042,21.904
0.907746,17.3206,6.4103,0.8894,18.490
0.913229,14.5789,5.4955,1.6544,15.668
0.917889,12.5404,4.4391,1.8493,13.431
0.922812,10.9440,3.1805,1.7059,11.524
0.927645,9.4294,1.8663,1.3357,9.705
0.932908,7.6446,0.6705,0.7061,7.706
0.937940,5.6658,-0.5378,-0.2779,5.698
0.942937,3.4760,-1.7236,-1.5293,4.170
0.947774,1.1528,-2.9330,-2.8181,4.228
0.952755,-1.1312,-4.1312,-4.1108,5.937
0.957598,-3.4014,-5.2447,-5.1929,8.127
0.963460,-5.5999,-6.1893,-6.1859,10.389
0.973852,-7.7663,-7.0412,-7.0711,12.645
0.974388,-9.9888,-7.8303,-7.3636,14.673
0.979645,-12.0450,-8.4154,-7.1142,16.325
0.982542,-14.2451,-8.5513,-6.5503,17.859
0.987472,-17.0337,-8.5487,-5.8649,19.941
0.992629,-19.2167,-8.8840,-4.9573,21.744
0.997604,-20.8094,-9.0390,-3.9083,23.022
1.004507,-22.2911,-8.9840,-2.6447,24.178
1.007520,-23.3397,-9.3570,-1.5240,25.192
1.012758,-23.8707,-10.2581,-0.8265,25.995
1.017442,-24.0448,-11.2261,-0.2100,26.537
1.022410,-23.7952,-12.2065,-0.0128,26.743
1.027206,-22.9329,-13.4009,-0.5620,26.567
1.032299,-21.5794,-14.7225,-1.5973,26.172
1.038173,-19.9985,-15.9315,-2.9946,25.743
1.043035,-18.2766,-16.8652,-4.5309,25.278
1.047367,-16.4573,-17.4006,-6.1426,24.726
1.052189,-14.5184,-17.4964,-7.6600,23.991
1.057337,-12.4427,-17.2183,-9.1365,23.125
1.062358,-10.2860,-16.6287,-10.1718,22.040
1.069101,-7.8270,-15.7240,-10.8435,20.642
1.072413,-4.8507,-14.4542,-11.3539,19.010
1.077307,-1.4215,-12.7834,-12.1030,17.661
1.082230,2.2310,-10.8140,-13.0611,17.103
1.087292,5.9013,-8.7229,-13.9015,17.440
1.092155,9.5503,-6.3934,-14.3640,18.396
1.097141,13.5682,-3.7475,-14.3463,20.099
1.104766,17.7556,-1.0568,-14.2714,22.805
1.106944,21.7373,1.3016,-14.0316,25.905
1.112165,25.2684,3.2026,-13.2964,28.732
1.117249,28.1954,4.8952,-12.0653,31.057
1.122188,30.2594,6.5209,-10.5937,32.717
1.129197,31.2853,7.7163,-8.8810,33.424
1.132121,31.3055,8.3022,-7.0240,33.141
1.137757,30.3878,8.4081,-5.1345,31.945
1.142088,28.4888,8.4394,-3.3136,29.897
1.146963,25.7373,8.3736,-1.6655,27.116
1.151857,22.4422,8.0542,-0.2574,23.845
1.157032,19.1450,7.6251,0.7324,20.621
1.162503,16.1036,7.0711,1.2631,17.633
1.172092,13.3196,6.3880,1.5008,14.848
1.172613,10.7172,5.5652,1.4814,12.167
1.176892,8.4172,4.6212,1.1862,9.675
1.181807,6.3306,3.6440,0.6787,7.336
1.187148,4.5175,2.6109,0.1654,5.220
1.192205,2.8748,1.5997,-0.3534,3.309
1.196984,1.3686,0.6179,-0.7410,1.674
1.201800,0.0690,-0.3465,-1.0307,1.090
1.206888,-1.0293,-1.2004,-1.3201,2.060
1.212006,-1.9863,-2.0199,-1.5661,3.237
1.217051,-2.7811,-2.7806,-1.8070,4.328
1.221842,-3.4841,-3.5253,-2.0241,5.354
1.226975,-4.2592,-4.1528,-2.2642,6.365
1.231731,-4.8972,-4.6460,-2.3352,7.143
1.236732,-5.4228,-4.9570,-2.2018,7.670
1.242185,-5.8572,-5.0963,-1.8683,7.986
1.246649,-6.2117,-5.0986,-1.5729,8.189
1.251945,-6.4828,-4.9987,-1.4343,8.311
1.256432,-6.5213,-4.8833,-1.2747,8.246
1.261996,-6.3999,-4.7160,-1.2208,8.043
1.270930,-6.2645,-4.5642,-1.2769,7.855
1.271997,-6.0765,-4.4002,-1.3908,7.630
1.276316,-5.7875,-4.2008,-1.3717,7.282
1.281362,-5.4063,-3.9714,-1.3019,6.833
1.286462,-5.0389,-3.7363,-1.2679,6.400
1.291986,-4.5911,-3.5440,-1.2139,5.926
1.296394,-4.1779,-3.3610,-1.1595,5.486
1.301449,-3.7458,-3.1876,-1.2011,5.063
1.306358,-3.3896,-3.0382,-1.2198,4.713
1.311922,-3.1322,-2.8124,-1.2405,4.389
1.317367,-2.7824,-2.5918,-1.1872,3.984
1.321466,-2.3914,-2.4528,-1.1039,3.599
1.326629,-2.0020,-2.3379,-1.0820,3.263
1.331259,-1.6948,-2.2185,-1.0358,2.978
1.336416,-1.3923,-2.0610,-0.8843,2.640
1.342147,-1.1275,-1.8513,-0.6898,2.275
1.346216,-0.9284,-1.5655,-0.4378,1.872
1.351233,-0.7515,-1.3521,-0.1949,1.559
1.356202,-0.5724,-1.1153,-0.0091,1.254
1.361626,-0.4053,-0.9555,0.0861,1.041
1.369899,-0.1972,-0.7913,0.1482,0.829
1.371509,-0.0625,-0.6036,0.2056,0.641
1.376015,0.1095,-0.4210,0.2868,0.521
1.381197,0.3095,-0.2388,0.3774,0.543
1.386051,0.5046,-0.0713,0.4056,0.651
1.391790,0.6379,0.0576,0.4716,0.795
1.396095,0.7048,0.1958,0.4032,0.835
1.400928,0.7538,0.3004,0.3631,0.889
1.405995,0.7754,0.3425,0.3416,0.914
1.411031,0.7888,0.3703,0.4248,0.969
1.415895,0.8134,0.4315,0.5697,1.083
1.421034,0.8490,0.5021,0.6620,1.188
1.426157,0.9008,0.5582,0.6587,1.248
1.431441,1.0360,0.5137,0.6845,1.344
1.435715,1.1975,0.5076,0.7204,1.487
1.442129,1.2229,0.4487,0.7809,1.519
1.445865,1.2367,0.4760,0.7656,1.530
1.450781,1.1050,0.5032,0.7320,1.418
1.455688,0.9422,0.5495,0.6418,1.266
1.463172,0.7720,0.5813,0.5714,1.123
1.465652,0.6559,0.6036,0.4150,0.983
1.473290,0.6037,0.5781,0.3304,0.899
1.475697,0.4905,0.4762,0.2122,0.716
1.480613,0.4264,0.4273,0.0647,0.607
1.486850,0.4782,0.3596,-0.0362,0.599
1.496419,0.5932,0.2683,-0.1142,0.661
1.502407,0.7099,0.1630,-0.1457,0.743
1.503010,0.8382,0.1012,-0.1447,0.857
1.505442,0.8921,0.0972,-0.0679,0.900
1.510616,0.8959,0.0886,-0.0586,0.902
1.515375,0.8687,0.0611,-0.0783,0.874
1.520503,0.8624,0.0579,-0.1365,0.875
1.526035,0.8257,0.0407,-0.3293,0.890
1.530441,0.7627,0.0240,-0.5180,0.922
1.535499,0.6636,-0.0114,-0.6168,0.906
1.540375,0.5667,-0.0798,-0.6402,0.859
1.545435,0.4332,-0.1427,-0.6930,0.830
1.553032,0.2431,-0.1957,-0.6840,0.752
1.555272,0.1267,-0.2384,-0.6564,0.710
1.560450,0.0304,-0.2903,-0.6434,0.707
1.565317,-0.0412,-0.3990,-0.6689,0.780
1.570408,-0.0453,-0.5167,-0.7137,0.882
1.575367,-0.0679,-0.6624,-0.7971,1.039
1.580486,-0.1965,-0.7836,-0.9140,1.220
1.585253,-0.3289,-0.9232,-0.9693,1.378
1.590276,-0.4379,-1.0526,-1.0491,1.549
1.595141,-0.5812,-1.1432,-1.1632,1.731
1.600190,-0.7498,-1.3243,-1.2686,1.981
1.605374,-0.9005,-1.5240,-1.3126,2.204
1.610736,-1.1637,-1.6850,-1.4625,2.516
1.614931,-1.4759,-1.8838,-1.6422,2.902
1.620085,-1.7857,-2.1636,-1.8230,3.346
1.625483,-2.1220,-2.4191,-2.0623,3.822
1.629934,-2.4999,-2.6408,-2.3126,4.310
1.635121,-3.0635,-3.0538,-2.6556,5.076
1.639817,-3.8567,-3.4093,-3.0429,5.980
1.645397,-4.9045,-3.7172,-3.3174,6.991
1.651140,-6.3679,-4.0262,-3.5315,8.321
1.654901,-8.1165,-4.3896,-3.6331,9.917
1.659916,-10.1980,-4.8561,-3.5984,11.854
1.664782,-12.6269,-5.4025,-3.4220,14.154
1.670517,-14.9914,-6.1587,-2.9293,16.470
1.674971,-17.0089,-6.9531,-2.0130,18.485
1.679998,-18.6893,-7.9962,-1.0601,20.356
1.687000,-20.4430,-9.1816,-0.5663,22.417
1.689843,-22.2740,-10.3494,0.0880,24.561
1.694707,-23.7207,-11.6882,1.1074,26.467
1.701001,-24.3238,-13.1594,2.3582,27.756
1.704774,-24.0985,-15.0925,3.4676,28.645
1.709839,-22.8442,-17.1490,3.8714,28.826
1.714672,-21.0707,-18.8133,3.4811,28.461
1.719831,-18.7439,-20.2502,1.8179,27.653
1.728560,-16.0063,-21.0707,-0.8764,26.475
1.730280,-12.7333,-21.1304,-4.4593,25.070
1.734633,-8.7020,-20.4415,-8.5359,23.800
1.739607,-3.8473,-18.8012,-12.7724,23.053
1.744609,1.6074,-16.1069,-17.0037,23.476
1.750091,7.7264,-12.8251,-20.8570,25.675
1.754662,14.6248,-9.7383,-22.8709,28.841
1.762536,22.1584,-6.5017,-22.3690,32.150
1.764744,28.8306,-2.7723,-20.0934,35.251
1.769587,33.9202,1.1022,-17.3294,38.106
1.774692,37.8082,4.2263,-14.8407,40.836
1.779532,40.0093,6.4071,-12.9837,42.548
1.785485,40.4179,7.6898,-11.6495,42.760
1.790207,39.3668,8.0982,-10.8171,41.621
1.794418,36.8294,8.2071,-10.1709,39.080
1.801037,32.8885,8.5166,-9.2877,35.220
1.804398,28.9758,8.1726,-7.9156,31.130
1.809364,25.2030,7.5760,-6.3301,27.068
1.814814,20.8984,7.5239,-4.9574,22.758
1.821567,16.9212,7.0663,-4.0106,18.771
1.830465,13.7548,6.1602,-3.4090,15.452
1.830827,11.0787,5.2172,-3.2138,12.660
1.835671,8.7987,4.4447,-3.1802,10.358
1.839462,6.8829,3.5090,-3.1797,8.354
1.844238,5.0895,2.4781,-3.1324,6.470
1.849739,3.3658,1.3840,-3.0081,4.721
1.854230,1.6907,0.3387,-2.7589,3.253
1.859420,0.1982,-0.6260,-2.3155,2.407
1.864160,-0.9803,-1.5094,-1.8020,2.547
1.869744,-1.9047,-2.4165,-1.4437,3.399
1.877242,-2.7020,-3.2560,-1.3322,4.436
1.879252,-3.3390,-4.0457,-1.2171,5.385
1.884093,-4.0039,-4.7066,-1.1017,6.277
1.889381,-4.7686,-5.1421,-0.9172,7.073
1.894334,-5.3528,-5.3670,-0.8255,7.625
1.899905,-5.6295,-5.4538,-0.7830,7.877
1.904196,-5.7338,-5.5277,-0.9240,8.018
1.909275,-5.7304,-5.5702,-1.2237,8.085
1.913951,-5.7014,-5.5448,-1.5509,8.103
1.919013,-5.6251,-5.3180,-1.9004,7.971
1.924695,-5.5013,-4.9959,-2.1865,7.746
1.928874,-5.3107,-4.7180,-2.3717,7.489
1.933808,-5.0625,-4.4323,-2.4948,7.176
1.939011,-4.7430,-4.1534,-2.5749,6.810
1.943945,-4.3440,-3.8727,-2.6238,6.384
1.950472,-3.9665,-3.5855,-2.6704,5.977
1.954413,-3.6246,-3.3494,-2.7105,5.631
1.959018,-3.3608,-3.1696,-2.7204,5.361
1.963852,-3.1654,-2.9741,-2.6724,5.100
1.969728,-3.0873,-2.7297,-2.5759,4.860
1.973768,-2.9427,-2.4461,-2.5143,4.579
1.980307,-2.7182,-2.2431,-2.4636,4.300
1.983598,-2.5000,-2.1301,-2.3767,4.054
1.989031,-2.3164,-2.0209,-2.2445,3.806
1.993626,-2.1530,-1.8726,-1.9905,3.479
1.998690,-1.9667,-1.7331,-1.6854,3.116
2.003613,-1.7705,-1.5452,-1.3207,2.696
2.008624,-1.5212,-1.4094,-0.9762,2.292
2.013667,-1.3239,-1.2875,-0.6947,1.973
2.018731,-1.0487,-1.1892,-0.3221,1.618
2.023597,-0.7381,-1.1145,-0.0353,1.337
2.028553,-0.3817,-1.0397,0.1807,1.122
2.033365,-0.0979,-0.9360,0.2487,0.973
2.038334,0.1953,-0.8754,0.3417,0.960
2.043437,0.4461,-0.8530,0.5269,1.097
2.048593,0.6646,-0.8019,0.7035,1.257
2.053542,0.8467,-0.6791,0.7281,1.307
2.058707,0.9592,-0.5469,0.6729,1.293
2.063238,0.9931,-0.4865,0.4981,1.213
2.068321,0.9727,-0.4641,0.1700,1.091
2.073198,0.8741,-0.4412,-0.1830,0.996
2.078238,0.6824,-0.3842,-0.4565,0.906
2.083171,0.4885,-0.3550,-0.6990,0.924
2.088248,0.2626,-0.2819,-0.8432,0.927
2.093361,0.0195,-0.2268,-0.8185,0.850
2.098204,-0.1223,-0.1755,-0.6384,0.673
2.103069,-0.3211,-0.0994,-0.3596,0.492
2.108134,-0.4482,-0.0418,-0.1490,0.474
2.113034,-0.4608,-0.0457,0.0419,0.465
2.118061,-0.4601,-0.0492,0.2624,0.532
2.123027,-0.4597,-0.1334,0.4733,0.673
2.128103,-0.4408,-0.2028,0.5800,0.756
2.133254,-0.4367,-0.2528,0.6453,0.819
2.138280,-0.4764,-0.3027,0.7411,0.932
2.142946,-0.4448,-0.3189,0.7331,0.915
2.148254,-0.3473,-0.3542,0.6985,0.857
2.153159,-0.3168,-0.4369,0.5929,0.802
2.160997,-0.3009,-0.4954,0.4548,0.737
2.162848,-0.3284,-0.5392,0.4039,0.749
2.168147,-0.3852,-0.6114,0.4114,0.832
2.172853,-0.4911,-0.6786,0.4918,0.971
2.177892,-0.5795,-0.7078,0.6458,1.120
2.182760,-0.6742,-0.7036,0.8154,1.271
2.187804,-0.7614,-0.6617,0.9970,1.418
2.192760,-0.8225,-0.6399,1.1816,1.575
2.197867,-0.8290,-0.5905,1.3024,1.653
2.202733,-0.8434,-0.5282,1.4076,1.724
2.207810,-0.8371,-0.4339,1.5217,1.790
2.212636,-0.7717,-0.3984,1.5721,1.796
2.217695,-0.7093,-0.3357,1.5881,1.771
2.222591,-0.5585,-0.2697,1.5692,1.687
2.227556,-0.3907,-0.1668,1.4578,1.518
2.232538,-0.2866,-0.1797,1.3011,1.344
2.237622,-0.1548,-0.2030,1.1038,1.133
2.242814,-0.0520,-0.2122,0.8838,0.910
2.247612,-0.0450,-0.1786,0.7222,0.745
2.252833,-0.0715,-0.1451,0.6185,0.639
2.260959,-0.1125,-0.1404,0.5102,0.541
2.262499,-0.1969,-0.1500,0.4786,0.539
2.270411,-0.2242,-0.1883,0.5044,0.583
2.272530,-0.2139,-0.2170,0.5972,0.670
2.277531,-0.1515,-0.1982,0.7049,0.748
2.282469,-0.1234,-0.1846,0.8136,0.843
2.287510,-0.0384,-0.2003,0.9473,0.969
2.292322,0.0937,-0.1735,1.0873,1.105
2.297418,0.1584,-0.0998,1.1430,1.158
2.302443,0.1750,-0.0605,1.1241,1.139
2.307473,0.2154,-0.0698,1.0881,1.111
2.312260,0.3040,-0.0990,1.0733,1.120
2.317369,0.5569,-0.1101,1.2865,1.406
2.322237,1.4601,-0.1665,2.5683,2.959
2.327144,2.1418,-0.0394,4.1632,4.682
2.332419,1.6517,0.2774,3.3204,3.719
2.337151,1.0136,0.3974,2.0584,2.329
2.342097,0.3278,0.4842,1.0268,1.182
2.347150,-0.3630,0.5669,-0.0150,0.673
2.352135,-0.6040,0.5786,-0.7039,1.093
2.360097,-0.5197,0.5151,-0.9455,1.196
2.362094,-0.3161,0.4530,-0.9845,1.129
2.368201,-0.1657,0.4688,-0.8883,1.018
2.372019,-0.0444,0.4904,-0.7663,0.911
2.377213,0.0674,0.4506,-0.5749,0.734
2.382397,0.1317,0.4256,-0.3753,0.583
2.387050,0.1769,0.3485,-0.2823,0.482
2.391975,0.1553,0.2718,-0.3052,0.437
2.397142,0.1627,0.2530,-0.3146,0.435
2.401970,0.1896,0.1629,-0.4112,0.481
2.407382,0.0777,0.1931,-0.6238,0.658
2.411910,-0.1109,0.2428,-0.7132,0.762
2.416987,-0.1656,0.1543,-0.7371,0.771
2.421820,-0.0817,0.0043,-0.7099,0.715
2.426842,0.0118,-0.0159,-0.5545,0.555
2.432299,0.0332,0.0214,-0.3662,0.368
2.436911,0.1212,0.0443,-0.1829,0.224
2.441780,0.0747,-0.0194,0.0920,0.120
2.447074,0.0132,-0.0166,0.3871,0.388
2.452146,-0.0589,-0.1245,0.6835,0.697
2.457248,-0.0939,-0.2524,0.8334,0.876
2.461671,-0.1446,-0.2806,0.9424,0.994
2.470366,-0.2590,-0.2333,1.0296,1.087
2.471649,-0.2649,-0.1822,1.0281,1.077
2.477049,-0.2193,-0.1990,0.9423,0.988
2.482556,-0.2467,-0.2403,0.7673,0.841
2.486944,-0.2175,-0.2390,0.5840,0.667
2.491687,-0.2081,-0.1996,0.4013,0.494
2.496745,-0.2422,-0.1363,0.2475,0.372
2.501663,-0.2627,-0.1018,0.1224,0.307
2.507358,-0.2021,-0.0383,0.0397,0.209
2.512071,-0.1274,-0.0561,0.0427,0.146
2.516510,-0.0720,-0.0689,0.1076,0.147
2.521568,-0.0979,-0.0627,0.2111,0.241
2.526801,-0.2196,-0.1334,0.3582,0.441
2.531411,-0.1692,-0.1707,0.4341,0.496
2.536490,-0.1908,-0.1795,0.3813,0.463
2.541384,-0.2367,-0.0784,0.2286,0.338
2.546903,-0.1770,-0.0395,0.0089,0.182
2.551385,-0.0836,-0.0625,-0.1636,0.194
2.557197,-0.0519,-0.0897,-0.3322,0.348
2.561411,-0.0628,-0.0543,-0.4301,0.438
2.568417,-0.0635,-0.0422,-0.3762,0.384
2.571586,-0.0831,-0.0393,-0.3330,0.345
2.576299,-0.0834,-0.0362,-0.2810,0.295
2.581310,-0.1361,-0.0521,-0.2007,0.248
2.586401,-0.1503,-0.0870,-0.1399,0.223
2.591246,-0.2558,-0.1123,-0.0263,0.281
2.596272,-0.2610,-0.1187,0.0636,0.294
2.601933,-0.3196,-0.1110,0.1158,0.358
2.606303,-0.4076,-0.1036,0.1639,0.451
2.611257,-0.4243,-0.1396,0.1648,0.476
2.616168,-0.4704,-0.1758,0.1235,0.517
2.621181,-0.4836,-0.1405,0.0874,0.511
2.626540,-0.5071,-0.1196,0.0037,0.521
2.632136,-0.4691,-0.1035,-0.0752,0.486
2.636087,-0.3979,-0.1112,-0.1065,0.427
2.641025,-0.3650,-0.1284,-0.1189,0.405
2.646027,-0.3370,-0.1358,-0.1129,0.380
2.650987,-0.2754,-0.0711,-0.1026,0.302
2.655985,-0.2470,-0.0494,-0.0117,0.252
2.661027,-0.2089,-0.0946,0.1270,0.262
2.666028,-0.1420,-0.0872,0.2371,0.290
2.670917,-0.0749,-0.1039,0.3522,0.375
2.675951,-0.0601,-0.1255,0.4151,0.438
2.681024,-0.0640,-0.1376,0.4737,0.497
2.686088,-0.0482,-0.1546,0.4562,0.484
2.691312,-0.0898,-0.0999,0.4487,0.468
2.695816,-0.1310,-0.1171,0.3886,0.426
2.700759,-0.0712,-0.0960,0.2762,0.301
2.705782,-0.0206,-0.0557,0.2163,0.224
2.710912,0.0403,-0.0535,0.1465,0.161
2.715755,0.0923,-0.0607,0.1003,0.149
2.720662,0.1114,-0.0390,0.1161,0.166
2.726158,0.0497,0.0019,0.1173,0.127
2.730542,0.0411,-0.0003,0.0607,0.073
2.735682,-0.0007,0.0169,0.0231,0.029
2.740640,0.0054,0.0341,-0.0003,0.035
2.745701,-0.0315,0.0658,-0.0576,0.093
2.751144,-0.0542,0.0831,-0.1103,0.148
2.755623,-0.0530,0.0671,-0.1153,0.144
2.760731,-0.0138,0.0174,-0.0340,0.041
2.766375,-0.0707,-0.0180,0.0860,0.113
2.770573,-0.1183,-0.0440,0.1923,0.230
2.775601,-0.1857,-0.0895,0.2180,0.300
2.780554,-0.0860,-0.0777,0.1437,0.185
2.785700,0.0758,-0.0995,0.1083,0.165
2.790460,0.1275,-0.0879,0.1451,0.212
2.795587,0.1316,-0.0190,0.1727,0.218
2.800488,0.1742,-0.0171,0.1141,0.209
2.805508,0.2266,-0.0104,0.0073,0.227
2.811039,0.2409,0.0061,-0.0807,0.254
2.815433,0.2511,0.0230,-0.2271,0.339
2.820336,0.3741,-0.0110,-2.1441,2.177
2.825917,0.5183,0.1491,-3.5787,3.619
2.830281,0.4440,0.2750,-1.5838,1.668
2.835292,0.4362,0.2051,0.1427,0.503
2.840231,0.5334,0.1066,0.5501,0.774
2.845253,0.6119,-0.0724,0.6046,0.863
2.850178,0.6292,-0.2077,0.6226,0.909
2.855164,0.5279,-0.1428,0.7990,0.968
2.860300,0.3508,0.0491,0.9665,1.029
2.867042,0.1171,0.1960,0.8207,0.852
2.870663,0.0175,0.2559,0.5107,0.571
2.875115,0.0035,0.2773,0.2603,0.380
2.880034,0.0223,0.2320,0.1304,0.267
2.885297,0.0453,0.2682,0.0767,0.283
2.890262,0.1300,0.2806,0.0036,0.309
2.895208,0.2050,0.2553,-0.1747,0.371
2.900514,0.2184,0.2831,-0.4247,0.555
2.905016,0.2323,0.3684,-0.6414,0.775
2.910031,0.2612,0.3397,-0.7539,0.867
2.915411,0.3004,0.2454,-0.7961,0.886
