0.000490,0.0269,0.3056,-0.9974,1.043
0.006232,-0.0095,0.2747,-0.8708,0.913
0.009480,0.0922,0.1779,-0.8712,0.894
0.014438,0.1506,0.1252,-0.9069,0.928
0.019359,0.1807,0.0495,-0.7918,0.814
0.024379,0.3018,0.0504,-0.4645,0.556
0.029346,0.4182,0.1227,-0.1967,0.478
0.034362,0.4015,0.1800,0.0070,0.440
0.039228,0.3430,0.1798,0.1096,0.402
0.044506,0.3571,0.1463,0.1452,0.412
0.049258,0.4339,0.0986,0.1809,0.480
0.054526,0.3684,0.0988,0.1929,0.427
0.059600,0.2562,0.1274,0.2291,0.367
0.064367,0.2025,0.1272,0.2607,0.354
0.069408,0.1161,0.1079,0.2875,0.328
0.076972,0.0684,0.1077,0.2004,0.238
0.079407,0.0256,0.0600,0.1999,0.210
0.084484,-0.0123,0.0744,0.2231,0.235
0.093448,-0.0076,0.0887,0.1986,0.218
0.094277,-0.0456,0.0602,0.2075,0.221
0.099135,-0.0457,0.0177,0.2115,0.217
0.104182,-0.0794,0.0088,0.2060,0.221
0.109436,-0.0990,0.0285,0.2481,0.269
0.121122,-0.0808,0.0433,0.2708,0.286
0.127074,-0.0343,-0.0037,0.2692,0.271
0.127594,-0.0359,-0.0645,0.2580,0.268
0.128860,-0.0757,-0.0915,0.2941,0.317
0.134047,-0.0727,-0.1515,0.3203,0.362
0.139305,-0.0559,-0.1634,0.3416,0.383
0.144184,-0.0827,-0.1706,0.3343,0.384
0.148919,-0.0712,-0.1823,0.3123,0.369
0.154007,-0.0220,-0.2366,0.2808,0.368
0.158983,-0.0303,-0.2571,0.2636,0.369
0.169263,-0.0863,-0.2109,0.2178,0.315
0.169664,-0.1472,-0.2031,0.2628,0.363
0.173949,-0.1512,-0.2097,0.2221,0.341
0.179099,-0.1508,-0.2067,0.1579,0.301
0.183854,-0.1365,-0.1563,0.1419,0.251
0.188782,-0.1749,-0.1585,0.0883,0.252
0.193775,-0.1896,-0.1371,0.0449,0.238
0.198677,-0.1952,-0.1255,0.0738,0.243
0.203751,-0.2298,-0.1047,0.0414,0.256
0.208870,-0.2647,-0.0793,0.0144,0.277
0.213916,-0.2669,-0.0781,-0.0403,0.281
0.218732,-0.2794,-0.0628,-0.0607,0.293
0.223706,-0.3067,-0.0716,-0.0993,0.330
0.228635,-0.2966,-0.0614,-0.1037,0.320
0.234541,-0.2827,-0.0656,-0.0886,0.303
0.239600,-0.2891,-0.0985,-0.1016,0.322
0.249351,-0.3012,-0.1027,-0.1376,0.347
0.255549,-0.2044,-0.1688,-0.1444,0.302
0.256019,-0.1374,-0.1965,-0.1647,0.291
0.258718,-0.1286,-0.1955,-0.1699,0.289
0.264032,-0.1057,-0.1710,-0.1839,0.272
0.268683,-0.0785,-0.1279,-0.2114,0.259
0.273540,-0.0847,-0.0709,-0.2526,0.276
0.278420,-0.0720,-0.0477,-0.3551,0.365
0.287423,-0.0069,-0.0198,-0.4807,0.481
0.289039,0.0010,0.0031,-0.5772,0.577
0.293878,0.0187,0.0404,-0.5880,0.590
0.298801,0.0559,0.0632,-0.6138,0.620
0.303451,0.0744,0.0765,-0.5736,0.583
0.308327,0.0599,0.1088,-0.5533,0.567
0.313361,0.0745,0.0602,-0.5242,0.533
0.318284,0.0895,0.0217,-0.4959,0.504
0.323294,0.0906,-0.0117,-0.4349,0.444
0.328239,0.0493,-0.0495,-0.3700,0.376
0.334120,0.0513,-0.0870,-0.3341,0.349
0.338711,0.0342,-0.1051,-0.2369,0.261
0.343586,-0.0207,-0.1041,-0.2118,0.237
0.348238,-0.0516,-0.0841,-0.1964,0.220
0.353146,-0.0921,-0.0974,-0.2101,0.249
0.358747,-0.0992,-0.0819,-0.2291,0.263
0.367864,-0.0779,-0.0807,-0.2105,0.239
0.368205,-0.0331,-0.0365,-0.1549,0.163
0.373184,-0.0170,-0.0449,-0.1432,0.151
0.377997,0.0421,-0.0815,-0.1035,0.138
0.383217,0.0536,-0.0560,-0.0742,0.107
0.388747,0.0510,-0.0638,-0.0836,0.117
0.393082,0.0488,-0.0858,-0.0267,0.102
0.397965,0.0374,-0.0694,0.0342,0.086
0.403015,0.0122,-0.1007,0.0850,0.132
0.408012,-0.0364,-0.0701,0.1166,0.141
0.413544,-0.0751,-0.0968,0.0817,0.147
0.418611,-0.0850,-0.0710,0.0950,0.146
0.422970,-0.1046,-0.0789,0.1373,0.190
0.427908,-0.1384,-0.0821,0.1369,0.211
0.433576,-0.1675,-0.0045,0.1276,0.211
0.438744,-0.1588,0.0389,0.1476,0.220
0.442854,-0.1505,0.0486,0.1394,0.211
0.447872,-0.1711,0.0866,0.0700,0.204
0.452882,-0.1538,0.1195,0.0302,0.197
0.458044,-0.1465,0.0998,-0.0139,0.178
0.463858,-0.1346,0.1277,-0.0434,0.191
0.467924,-0.1279,0.1365,-0.0204,0.188
0.472832,-0.1356,0.1403,0.0169,0.196
0.478810,-0.1102,0.1536,0.0351,0.192
0.483099,-0.0754,0.1382,0.0393,0.162
0.492385,-0.0600,0.1180,0.0295,0.136
0.492926,-0.0637,0.0933,0.0152,0.114
0.497515,-0.0581,0.0829,0.0536,0.115
0.502811,-0.0430,0.1011,0.0874,0.140
0.508074,-0.0235,0.0809,0.0930,0.125
0.513654,-0.0277,0.0512,0.1324,0.145
0.517637,-0.0463,-0.0069,0.1249,0.133
0.522573,-0.0651,-0.0267,0.1135,0.134
0.527533,-0.0888,-0.0560,0.1223,0.161
0.533284,-0.0653,-0.0616,0.0890,0.126
0.538888,-0.0613,-0.1148,0.0427,0.137
0.542604,-0.0954,-0.1440,0.0116,0.173
0.547349,-0.1157,-0.1351,-0.0135,0.178
0.552653,-0.0886,-0.1834,0.0097,0.204
0.557591,-0.1001,-0.1887,-0.0379,0.217
0.563749,-0.1407,-0.1654,-0.0990,0.239
0.567535,-0.1435,-0.2090,-0.0831,0.267
0.572503,-0.1513,-0.1666,-0.1388,0.264
0.577321,-0.1646,-0.1483,-0.1607,0.274
0.582673,-0.1259,-0.1016,-0.1734,0.237
0.587542,-0.0783,-0.0455,-0.2626,0.278
0.593237,-0.0216,-0.0372,-0.3141,0.317
0.597781,0.0540,-0.0428,-0.3427,0.350
0.602481,0.0490,-0.0102,-0.3773,0.381
0.607199,0.0583,0.0225,-0.3794,0.384
0.612385,0.0439,0.0646,-0.2778,0.289
0.617571,0.0630,0.0970,-0.1969,0.228
0.622334,0.0868,0.0770,-0.1220,0.168
0.627466,0.1247,0.0905,-0.0431,0.160
0.632936,0.1291,0.0611,0.0684,0.158
0.637080,0.1091,0.0603,0.2653,0.293
0.642193,0.0838,0.0878,0.4568,0.473
0.647026,0.0578,0.1339,0.5722,0.590
0.652356,0.0498,0.1318,0.6692,0.684
0.657682,0.0404,0.1436,0.7149,0.730
0.662203,0.0395,0.1503,0.7473,0.763
0.667226,0.0886,0.2043,0.8050,0.835
0.674462,0.1500,0.2671,0.8306,0.885
0.677164,0.2142,0.3101,0.8621,0.941
0.683125,0.3145,0.4049,0.9327,1.064
0.686842,0.4890,0.4845,0.9947,1.210
0.692339,0.6809,0.5537,1.1147,1.419
0.696985,0.8079,0.6694,1.3221,1.688
0.702015,0.9144,0.8312,1.5830,2.008
0.706880,1.0956,1.0196,1.8164,2.354
0.711936,1.2797,1.1442,1.9513,2.599
0.717678,1.4290,1.2531,2.1024,2.834
0.722403,1.6209,1.3369,2.3023,3.117
0.726932,1.9307,1.3549,2.5617,3.482
0.732192,2.2989,1.4389,2.7962,3.895
0.736840,2.8082,1.5742,3.0445,4.431
0.741803,3.1109,1.7751,3.1342,4.759
0.746876,3.2796,1.9076,2.9742,4.821
0.751889,3.4154,1.9201,2.7727,4.800
0.756607,3.4987,1.8936,2.5797,4.742
0.761588,3.5205,1.9580,2.3013,4.639
0.766685,3.6339,2.0700,1.9175,4.601
0.774751,3.7913,2.1580,1.5897,4.643
0.777307,4.0312,2.1553,1.3215,4.758
0.783416,4.2817,2.1245,1.1156,4.908
0.786428,4.5166,2.1655,1.0026,5.108
0.791473,4.7170,2.2352,0.9432,5.304
0.797300,4.7687,2.2477,0.8321,5.337
0.801762,4.8680,2.2270,0.8032,5.413
0.806489,5.0049,2.1782,0.7129,5.505
0.811477,5.1010,2.0491,0.5509,5.525
0.816758,5.1946,1.7491,0.5489,5.509
0.821983,5.2174,1.5511,0.6349,5.480
0.826583,5.0355,1.3595,0.6235,5.253
0.831414,4.7348,1.1077,0.6213,4.902
0.836787,4.4103,0.8390,0.6150,4.531
0.841642,4.0429,0.6303,0.6716,4.147
0.847030,3.6863,0.3669,0.5965,3.752
0.851438,3.3317,-0.0464,0.4092,3.357
0.856271,3.0648,-0.4702,0.1247,3.103
0.861281,2.7027,-0.8567,-0.1033,2.837
0.866375,2.2399,-1.2106,-0.3080,2.565
0.874483,1.9059,-1.5990,-0.4954,2.537
0.876350,1.7317,-2.0162,-0.8122,2.779
0.882222,1.4780,-2.2953,-1.3591,3.050
0.886043,1.0718,-2.5848,-1.9112,3.389
0.891144,0.6223,-2.9850,-2.3687,3.861
0.897141,0.1382,-3.2713,-2.8520,4.342
0.901142,-0.3423,-3.5311,-3.3866,4.905
0.905990,-0.7211,-3.7009,-3.8894,5.417
0.911180,-0.9458,-3.9014,-4.2524,5.848
0.916463,-1.2035,-4.1759,-4.6099,6.335
0.921040,-1.7478,-4.4051,-5.0721,6.942
0.925987,-2.4207,-4.5607,-5.5341,7.569
0.931062,-2.9964,-4.7687,-6.0796,8.287
0.935831,-3.7182,-5.0180,-6.6978,9.158
0.941032,-4.7056,-5.2532,-7.4818,10.282
0.946045,-5.8118,-5.5138,-8.2226,11.480
0.951008,-6.8237,-5.8012,-8.6641,12.461
0.956068,-7.6767,-6.0498,-8.8174,13.164
0.961034,-8.4986,-6.2713,-8.6262,13.637
0.965834,-9.2403,-6.4036,-8.1002,13.856
0.970918,-9.8762,-6.4915,-7.3156,13.900
0.976508,-10.3791,-6.5696,-6.3437,13.825
0.986425,-10.7551,-6.6860,-5.4079,13.770
0.986790,-10.9815,-6.9079,-4.5164,13.737
0.993072,-11.2251,-7.2295,-3.7630,13.872
0.995692,-11.4268,-7.6277,-3.2862,14.126
1.000691,-11.6325,-7.9382,-2.8877,14.376
1.005751,-11.7419,-8.1077,-2.6335,14.510
1.010829,-11.7745,-8.3269,-2.6467,14.662
1.015806,-11.8123,-8.6565,-2.8532,14.920
1.020844,-12.0278,-9.0028,-3.1924,15.359
1.025974,-12.4744,-9.3774,-3.6339,16.023
1.030699,-12.8084,-9.8580,-4.1124,16.678
1.035571,-13.0113,-10.4806,-4.6399,17.340
1.040641,-13.2073,-11.1992,-5.0747,18.045
1.045476,-13.1802,-11.9677,-5.3273,18.583
1.050591,-12.9582,-12.7098,-5.5581,18.983
1.055564,-12.3265,-13.4584,-5.7463,19.134
1.060540,-11.6939,-13.9309,-5.4001,18.973
1.065596,-11.5252,-13.7560,-4.2019,18.431
1.070646,-9.4747,-14.7085,-3.0501,17.760
1.075539,-6.7885,-16.1217,-1.9784,17.604
1.081946,-4.1413,-16.8265,-1.2746,17.375
1.085411,-1.0929,-16.5463,-1.4432,16.645
1.090339,2.6074,-15.6858,-2.8066,16.147
1.095443,7.0596,-14.2403,-5.4334,16.797
1.100668,12.3027,-12.1476,-9.1010,19.538
1.105530,18.0175,-9.3167,-13.1431,24.170
1.110410,24.0145,-5.8270,-16.9859,29.986
1.116712,29.7024,-1.8533,-20.1872,35.961
1.120843,34.4855,2.1678,-22.0802,41.006
1.126775,39.3376,4.9280,-23.0716,45.870
1.130313,42.2235,7.1475,-23.3330,48.768
1.135085,42.7946,8.8389,-22.1877,49.008
1.140402,41.4100,10.0402,-19.9562,47.052
1.145197,38.8639,10.5032,-17.0656,43.726
1.150340,35.3494,10.0350,-14.0496,39.340
1.155530,31.1309,8.6344,-11.1525,34.177
1.160324,26.8228,6.7014,-8.7016,28.984
1.165196,22.8202,4.7584,-6.7339,24.264
1.170242,19.1337,2.9186,-5.1902,20.039
1.175170,15.8101,1.2024,-4.1324,16.385
1.181920,12.6343,-0.4613,-3.4321,13.100
1.185024,9.6488,-2.0778,-3.1565,10.362
1.190812,6.7382,-3.4386,-3.3068,8.256
1.195326,4.0360,-4.5421,-3.6984,7.113
1.200485,1.6446,-5.5809,-4.0148,7.069
1.204990,-0.4145,-6.5745,-4.2474,7.838
1.210058,-2.2451,-7.2808,-4.4433,8.820
1.214891,-3.9429,-7.8634,-4.7389,9.992
1.220240,-5.4791,-8.3954,-5.0757,11.237
1.225302,-6.9118,-8.8591,-5.5013,12.511
1.230587,-8.2735,-9.1134,-5.9365,13.666
1.234831,-9.6520,-9.4239,-6.5145,14.980
1.239982,-11.2241,-9.7211,-7.0282,16.428
1.244768,-13.6583,-9.7264,-7.2602,18.272
1.249982,-16.6224,-9.5117,-7.2625,20.482
1.258606,-18.8216,-9.5261,-7.0975,22.257
1.259716,-20.4571,-9.5639,-6.6435,23.539
1.267031,-21.8611,-9.5076,-5.7385,24.520
1.269910,-22.9785,-9.5479,-4.3867,25.267
1.274775,-23.1177,-10.1790,-2.8897,25.424
1.281986,-22.8394,-11.0754,-1.7420,25.443
1.284706,-23.9821,-10.8658,-0.4152,26.332
1.290327,-24.2888,-11.2819,0.4853,26.785
1.294916,-23.8179,-12.5650,0.7923,26.941
1.299756,-23.0518,-14.0681,0.5355,27.011
1.307336,-21.9326,-15.5038,0.0501,26.859
1.309582,-20.8659,-16.4316,-0.4824,26.563
1.314568,-19.4762,-17.1768,-1.1492,25.994
1.319528,-17.4227,-17.8958,-2.0817,25.063
1.324629,-15.1769,-18.1442,-3.2587,23.878
1.330210,-12.9708,-17.7691,-4.6621,22.488
1.334442,-10.6286,-17.0932,-6.2349,21.072
1.341953,-8.0092,-16.2104,-7.8268,19.702
1.344557,-4.9292,-15.2594,-9.2227,18.499
1.349557,-0.9260,-14.0828,-10.3537,17.504
1.354881,3.7849,-12.4129,-11.5195,17.352
1.359428,8.7644,-10.1984,-12.7868,18.556
1.364498,13.7473,-7.6317,-13.7418,20.882
1.369558,18.6147,-4.9011,-14.3092,23.985
1.375169,23.1701,-2.0465,-14.5358,27.429
1.385105,27.0944,0.8189,-14.4454,30.716
1.385509,29.9970,3.4248,-14.1517,33.344
1.389191,30.9762,5.9220,-13.2956,34.225
1.394313,32.5118,6.7301,-12.0390,35.316
1.399790,33.2229,6.5204,-11.5082,35.759
1.404419,31.6970,6.5353,-10.0847,33.899
1.411035,28.8451,6.8487,-8.1090,30.736
1.417480,25.8298,6.7330,-6.2264,27.409
1.419131,22.9181,5.8333,-4.7421,24.120
1.424608,19.9517,4.7167,-3.5378,20.805
1.429237,16.8675,3.9151,-2.3518,17.475
1.434027,13.9509,3.3417,-1.1628,14.393
1.439135,11.3112,2.9548,-0.1946,11.692
1.444281,9.0041,2.5698,0.4726,9.376
1.449036,7.0289,2.1290,0.9289,7.403
1.454051,5.3685,1.6291,1.0817,5.714
1.459249,3.8908,1.1043,1.0425,4.177
1.464043,2.5264,0.5458,0.9315,2.747
1.469016,1.3591,0.0417,0.7039,1.531
1.473904,0.4522,-0.5502,0.5057,0.873
1.479042,-0.3302,-1.1368,0.3296,1.229
1.483924,-1.0670,-1.6657,0.0115,1.978
1.488916,-1.6887,-2.2279,-0.4350,2.829
1.493879,-2.1403,-2.6322,-0.7812,3.481
1.499014,-2.6055,-2.8926,-1.0312,4.027
1.503879,-3.1302,-3.1217,-1.2515,4.595
1.509122,-3.4908,-3.2618,-1.4023,4.979
1.513817,-3.7649,-3.3519,-1.3878,5.228
1.518841,-3.9873,-3.3834,-1.2891,5.386
1.523889,-4.1008,-3.2903,-1.0819,5.368
1.528873,-4.0942,-3.1310,-0.8219,5.219
1.534241,-4.0382,-2.9498,-0.6213,5.039
1.538793,-3.9117,-2.7184,-0.5604,4.796
1.543740,-3.6615,-2.5189,-0.5823,4.482
1.548749,-3.2825,-2.4330,-0.6400,4.136
1.554114,-2.9461,-2.3555,-0.8110,3.858
1.559070,-2.7299,-2.3010,-0.9810,3.703
1.564124,-2.6628,-2.1742,-1.1131,3.613
1.568833,-2.7035,-1.9706,-1.2367,3.567
1.573477,-2.6843,-1.7764,-1.2956,3.470
1.578972,-2.5862,-1.6349,-1.3483,3.344
1.583690,-2.4283,-1.5603,-1.4049,3.210
1.592998,-2.1874,-1.4763,-1.4278,3.000
1.593629,-1.9133,-1.4688,-1.3170,2.748
1.598458,-1.7212,-1.4470,-1.1345,2.519
1.603514,-1.5481,-1.3679,-0.8467,2.233
1.608527,-1.3840,-1.2509,-0.6156,1.964
1.613537,-1.1759,-1.1296,-0.3405,1.666
1.618837,-0.9624,-0.9801,-0.1216,1.379
1.623244,-0.7895,-0.8310,-0.0401,1.147
1.628366,-0.5662,-0.7111,0.0424,0.910
1.633629,-0.3973,-0.6203,0.1356,0.749
1.638318,-0.1958,-0.4818,0.2104,0.561
1.643066,-0.0378,-0.3435,0.2237,0.412
1.648201,0.0574,-0.2056,0.1756,0.276
1.653148,0.1439,-0.1250,0.1613,0.250
1.658218,0.2116,-0.0683,0.1803,0.286
1.663206,0.2754,-0.0115,0.2515,0.373
1.668355,0.3305,-0.0022,0.2837,0.436
1.673234,0.3149,0.0169,0.3396,0.463
1.678910,0.3523,0.0123,0.3808,0.519
1.683095,0.3344,0.0176,0.3886,0.513
1.692270,0.2653,-0.0101,0.4394,0.513
1.693064,0.2122,0.0009,0.5187,0.560
1.698111,0.2708,0.0076,0.6027,0.661
1.703009,0.3790,-0.0043,0.6865,0.784
1.708290,0.5127,-0.0397,0.7658,0.922
1.713565,0.5638,-0.1363,0.7357,0.937
1.718104,0.5651,-0.1698,0.6921,0.910
1.722985,0.5115,-0.2216,0.6973,0.893
1.728182,0.3982,-0.3061,0.7270,0.884
1.733672,0.2823,-0.2558,0.7336,0.827
1.738683,0.2006,-0.2673,0.7453,0.817
1.742879,0.0927,-0.2635,0.7004,0.754
1.747986,-0.0378,-0.2925,0.5844,0.655
1.752884,-0.1434,-0.3974,0.5028,0.657
1.757998,-0.1909,-0.4823,0.4694,0.700
1.763062,-0.2043,-0.5617,0.4701,0.760
1.768044,-0.1753,-0.5976,0.5337,0.820
1.774628,-0.1347,-0.6373,0.5074,0.826
1.778043,-0.0404,-0.7000,0.5542,0.894
1.783648,0.0599,-0.7760,0.6791,1.033
1.787874,0.0995,-0.8271,0.8490,1.189
1.792810,0.0879,-0.8676,0.8922,1.248
1.798484,0.1483,-0.9552,0.9475,1.354
1.802789,0.2448,-1.0174,1.0060,1.452
1.807997,0.3716,-1.0210,0.9579,1.448
1.812609,0.3084,-1.0664,0.8036,1.370
1.817836,0.1025,-1.0964,0.4520,1.190
1.822684,-0.2226,-1.1065,0.0797,1.131
1.827770,-0.4155,-1.1307,-0.2628,1.233
1.832980,-0.5654,-1.1827,-0.5609,1.426
1.837764,-0.7123,-1.2919,-0.8255,1.691
1.842536,-0.7797,-1.4055,-1.0423,1.916
1.847665,-0.8635,-1.4614,-1.2539,2.110
1.852494,-0.9014,-1.5124,-1.3745,2.234
1.858260,-0.8895,-1.5398,-1.4864,2.318
1.863896,-0.9305,-1.6812,-1.5402,2.463
1.867531,-1.0012,-1.7933,-1.5607,2.580
1.872970,-1.0582,-1.9191,-1.5809,2.702
1.877784,-1.0675,-2.1062,-1.6057,2.856
1.883003,-1.3070,-2.1680,-1.8166,3.116
1.887501,-1.5958,-2.1821,-2.1759,3.470
1.892772,-1.9561,-2.3772,-2.6112,4.037
1.897428,-2.4279,-2.6727,-3.2485,4.857
1.902364,-2.9502,-2.9401,-3.9306,5.727
1.907409,-3.4815,-3.2569,-4.5912,6.619
1.912346,-4.0758,-3.6622,-5.1452,7.516
1.917966,-4.7733,-4.0423,-5.5746,8.379
1.922435,-5.5503,-4.4121,-5.8369,9.184
1.927546,-6.5669,-4.7923,-5.9669,10.084
1.933632,-7.7917,-5.3230,-5.8274,11.091
1.937427,-9.0736,-5.7616,-5.4204,12.038
1.944218,-10.3719,-5.9085,-4.9424,12.920
1.948963,-11.7743,-5.9513,-4.4167,13.913
1.952219,-13.0983,-6.1934,-3.8397,14.989
1.957216,-14.2311,-6.8164,-3.1972,16.100
1.962032,-15.5447,-7.5187,-2.4508,17.441
1.967140,-16.6982,-8.1615,-1.6042,18.655
1.974454,-17.4563,-8.8258,-1.0271,19.588
1.977772,-17.6042,-10.1015,-1.2218,20.333
1.982249,-19.3747,-10.4495,-1.1591,22.043
1.987091,-20.2024,-11.1584,-1.2085,23.111
1.992177,-20.2193,-12.6390,-1.5099,23.892
1.997931,-19.7412,-14.5585,-2.0874,24.618
2.002029,-18.9848,-16.4975,-2.7907,25.306
2.006996,-17.8403,-18.2267,-3.5912,25.756
2.012104,-16.2422,-19.9514,-4.7510,26.162
2.016979,-14.3000,-21.6953,-6.0960,26.690
2.025191,-11.8523,-23.0163,-7.4793,26.947
2.026938,-8.7957,-23.7190,-8.9587,26.837
2.032339,-5.1892,-23.8404,-10.6495,26.622
2.037445,-1.3838,-23.1463,-12.5338,26.358
2.041712,3.3011,-21.3226,-14.2633,25.865
2.047086,9.7861,-18.9233,-15.8982,26.582
2.051949,17.2167,-16.0407,-17.6136,29.393
2.056759,24.2465,-12.2725,-19.2763,33.318
2.061808,30.3115,-8.0780,-20.0119,37.209
2.066974,35.4007,-3.8736,-19.8531,40.772
2.074639,39.4659,-0.1440,-18.9869,43.796
2.076952,42.1264,2.9526,-17.4735,45.702
2.085619,42.9008,5.1136,-15.4901,45.897
2.086729,41.8502,5.9274,-13.4152,44.346
2.091558,39.5634,5.6645,-11.3814,41.556
2.099192,36.1069,5.1961,-9.8341,37.781
2.101689,31.6156,4.8965,-8.4958,33.101
2.106571,26.9325,4.3074,-7.5440,28.299
2.111693,22.2528,3.4512,-7.1603,23.630
2.116634,17.8894,2.5931,-7.0890,19.417
2.123646,14.0535,1.8436,-6.9480,15.785
2.126630,10.7815,1.2378,-6.5389,12.670
2.131416,7.9743,0.6782,-5.9868,9.995
2.136452,5.3922,0.1459,-5.2066,7.497
2.141430,2.5430,-0.1554,-4.3413,5.034
2.146711,-1.0685,-0.1745,-3.6585,3.815
2.151400,-4.9955,-0.1916,-3.2118,5.942
2.156901,-8.0899,-0.3915,-2.8002,8.570
2.161265,-10.1130,-0.6480,-2.2081,10.372
2.166513,-11.4429,-0.8314,-1.2359,11.539
2.174404,-12.0356,-1.0535,-0.1425,12.082
2.176439,-12.0086,-1.3163,0.7552,12.104
2.181740,-11.4685,-1.6358,1.3643,11.665
2.186243,-10.3975,-1.9656,1.7207,10.721
2.191300,-8.9970,-2.4037,1.7090,9.468
2.197246,-7.5300,-2.8170,1.4588,8.171
2.201291,-6.1279,-3.1683,1.0798,6.982
2.206217,-4.8694,-3.3151,0.8120,5.946
2.211396,-3.7136,-3.3447,0.5797,5.031
2.216646,-2.5959,-3.2243,0.3323,4.153
2.221945,-1.5612,-3.0792,0.1532,3.456
2.226184,-0.6354,-2.9434,0.0603,3.012
2.231034,0.1883,-2.8413,-0.0044,2.848
2.236193,0.8069,-2.7824,-0.0794,2.898
2.240958,1.1932,-2.6282,-0.0105,2.886
2.246110,1.3577,-2.4554,0.1283,2.809
2.251070,1.3015,-2.1777,0.2939,2.554
2.256066,1.1534,-1.8526,0.4604,2.230
2.261000,0.9323,-1.5375,0.5820,1.890
2.266392,0.6761,-1.2082,0.7464,1.573
2.271381,0.3985,-0.9940,0.8450,1.364
2.276590,0.1559,-0.7988,0.8081,1.147
2.283949,-0.0560,-0.6229,0.8118,1.025
2.285871,-0.2523,-0.4517,0.8527,0.997
2.290718,-0.3281,-0.3332,0.8595,0.978
2.296025,-0.2642,-0.2100,0.7796,0.849
2.301009,-0.1469,-0.0966,0.6467,0.670
2.305831,-0.0676,-0.0838,0.5133,0.524
2.310782,-0.0688,0.0056,0.3490,0.356
2.315835,-0.1128,-0.0197,0.1389,0.180
2.320861,-0.1184,-0.0493,-0.0513,0.138
2.325955,-0.0190,-0.0927,-0.2798,0.295
2.330721,0.0325,-0.2071,-0.4619,0.507
2.335717,-0.0169,-0.3157,-0.6221,0.698
2.340588,-0.0365,-0.4136,-0.7049,0.818
2.345593,-0.0314,-0.5103,-0.7915,0.942
2.350711,0.0270,-0.5866,-0.8341,1.020
2.355967,0.0767,-0.5993,-0.7799,0.987
2.360647,0.1367,-0.6110,-0.6761,0.921
2.365918,0.1540,-0.6311,-0.5499,0.851
2.370764,0.1874,-0.6502,-0.4121,0.792
2.375661,0.1838,-0.6395,-0.2802,0.722
2.383110,0.1287,-0.5802,-0.1394,0.610
2.385586,0.0119,-0.5440,0.0064,0.544
2.390481,-0.1192,-0.5024,0.2009,0.554
2.395404,-0.2660,-0.4941,0.4220,0.702
2.400497,-0.4039,-0.5140,0.6496,0.922
2.405514,-0.5387,-0.5051,0.8518,1.127
2.410404,-0.6280,-0.4629,1.0003,1.269
2.415506,-0.6723,-0.4929,1.0907,1.373
2.420407,-0.7194,-0.5567,1.1470,1.464
2.425433,-0.7698,-0.6451,1.1412,1.520
2.430435,-0.8276,-0.7051,1.1199,1.561
2.435494,-0.8643,-0.7753,1.0597,1.572
2.440277,-0.8799,-0.7647,1.0127,1.544
2.445245,-0.8266,-0.7022,0.9213,1.423
2.450309,-0.7278,-0.6498,0.7706,1.243
2.455280,-0.6075,-0.6220,0.6226,1.069
2.460185,-0.5411,-0.5610,0.4570,0.904
2.465322,-0.4234,-0.5338,0.3407,0.762
2.470407,-0.3502,-0.5260,0.3261,0.711
2.475410,-0.3307,-0.4658,0.4036,0.699
2.484193,-0.3079,-0.3870,0.4924,0.698
2.485122,-0.3057,-0.2946,0.6120,0.745
2.489964,-0.3192,-0.2411,0.6425,0.757
2.495082,-0.3489,-0.1979,0.7037,0.810
2.500191,-0.3759,-0.1602,0.6807,0.794
2.505175,-0.3863,-0.1039,0.7409,0.842
2.510014,-0.3989,-0.1105,0.7883,0.890
2.515100,-0.3994,-0.1319,0.8087,0.912
2.519965,-0.3923,-0.1731,0.8262,0.931
2.525081,0.6644,-0.4407,1.6765,1.856
2.530181,4.0926,-0.5097,3.2951,5.279
2.535040,3.4504,0.8549,2.6685,4.445
2.540094,1.0135,1.4658,1.9684,2.655
2.544969,0.7547,0.8990,1.1016,1.610
2.549933,0.9276,0.3098,0.2390,1.007
2.555177,0.9486,0.0718,-0.3289,1.007
2.559797,0.8940,0.2466,-0.5215,1.064
2.564807,0.8262,0.4702,-0.5643,1.106
2.569661,0.8793,0.5079,-0.4568,1.113
2.575097,0.9191,0.4172,-0.3326,1.063
2.583675,0.8698,0.3607,-0.3682,1.011
2.584794,0.7550,0.3431,-0.4531,0.945
2.589701,0.4976,0.3308,-0.5007,0.780
2.594650,-0.0133,0.2661,-0.3911,0.473
2.599895,-0.4149,0.0630,-0.3681,0.558
2.604862,-0.8756,-0.1351,-0.4507,0.994
2.609723,-1.3767,-0.2131,-0.5769,1.508
2.614613,-1.6756,-0.2479,-0.6077,1.800
2.619662,-1.9069,-0.2828,-0.5527,2.005
2.624774,-2.0182,-0.2987,-0.4165,2.082
2.630057,-1.9616,-0.3244,-0.2373,2.002
2.634520,-1.7556,-0.3840,-0.0528,1.798
2.639468,-1.4568,-0.4009,0.0942,1.514
2.644633,-1.1841,-0.4135,0.3047,1.291
2.649658,-0.9558,-0.4411,0.5216,1.175
2.655233,-0.7573,-0.4216,0.6781,1.100
2.659462,-0.7274,-0.3933,0.7459,1.114
2.664572,-0.9094,-0.4232,0.7296,1.240
2.669486,-0.7817,-0.4633,0.6337,1.108
2.674676,-0.7989,-0.4846,0.4772,1.049
2.682476,-0.8988,-0.4345,0.2309,1.025
2.684549,-0.8994,-0.3797,0.0138,0.976
2.689245,-0.6856,-0.3679,-0.1650,0.795
2.694537,-0.4530,-0.3130,-0.2722,0.614
2.699406,-0.2638,-0.2149,-0.3508,0.489
2.705309,-0.1556,-0.1025,-0.2956,0.349
2.709329,0.1306,0.0050,-0.2359,0.270
2.714227,0.3652,0.0551,-0.1712,0.407
2.719236,0.4339,0.0906,-0.0966,0.454
2.724354,0.4182,0.1836,-0.1082,0.469
2.729092,0.3993,0.2239,-0.0959,0.468
2.734320,0.3481,0.2403,-0.0887,0.432
2.739119,0.2022,0.2138,-0.1536,0.332
2.744263,0.0953,0.1971,-0.1614,0.272
2.749241,0.0562,0.1806,-0.1842,0.264
2.754171,-0.0305,0.1165,-0.1981,0.232
2.759024,-0.1650,0.0670,-0.1693,0.246
2.764173,-0.2229,0.0032,-0.1551,0.272
2.769004,-0.2378,-0.0412,-0.1460,0.282
2.775521,-0.2000,-0.1382,-0.1751,0.300
2.779123,-0.0756,-0.1874,-0.0745,0.215
2.784304,0.0061,-0.2079,-0.0261,0.210
2.788928,0.0215,-0.1666,-0.0196,0.169
2.793925,0.0133,-0.1782,-0.0218,0.180
2.798966,0.0582,-0.1662,-0.0230,0.178
2.804125,0.0844,-0.1735,-0.0569,0.201
2.808837,0.0727,-0.1283,-0.1428,0.205
2.813823,0.0709,-0.0832,-0.2908,0.311
2.818844,0.0742,-0.0523,-0.4773,0.486
2.823870,0.0588,0.0028,-0.6217,0.624
2.828838,0.0579,0.0248,-0.7101,0.713
2.833803,0.0524,0.0522,-0.7047,0.709
2.838714,0.0522,0.0848,-0.6580,0.666
2.843979,0.0619,0.0413,-0.5936,0.598
2.848716,0.0675,0.0124,-0.4345,0.440
2.853677,0.1215,-0.0019,-0.3146,0.337
2.858588,0.1714,-0.0112,-0.2383,0.294
2.863770,0.2266,-0.0682,-0.1914,0.304
2.868801,0.2299,-0.0867,-0.1257,0.276
2.874255,0.1762,-0.0765,-0.0457,0.197
2.878898,0.0895,-0.0234,0.1495,0.176
2.883936,0.0842,-0.0997,0.2733,0.303
2.888361,0.1031,-0.1426,0.3114,0.358
2.893649,0.1125,-0.1615,0.2729,0.336
2.898529,0.0888,-0.1516,0.1625,0.239
2.903506,0.0700,-0.1177,0.0662,0.152
2.908487,0.0560,-0.0405,0.0602,0.092
2.913461,0.0802,-0.0542,0.0441,0.106
2.918497,0.1140,-0.0103,0.0849,0.143
2.923808,0.1336,-0.0094,0.1254,0.183
2.928406,0.1052,-0.0852,0.1947,0.237
2.933748,0.0240,-0.0940,0.2930,0.309
2.938617,-0.0575,-0.1125,0.3009,0.326
2.943310,-0.1156,-0.1503,0.3381,0.388
2.948364,-0.2271,-0.1597,0.3620,0.456
2.953354,-0.2770,-0.1981,0.2959,0.451
2.958266,-0.3182,-0.2175,0.1827,0.427
2.963491,-0.3700,-0.1989,0.1517,0.447
2.968193,-0.4082,-0.1470,0.1358,0.455
2.973334,-0.5481,-0.1816,0.0919,0.585
2.978181,-0.5603,-0.2068,0.0921,0.604
2.983429,-0.4829,-0.1893,0.1268,0.534
2.989717,-0.4974,-0.1674,0.0955,0.533
2.993195,-0.3784,-0.1505,0.0364,0.409
2.998470,-0.2793,-0.1482,-0.0267,0.317
3.003306,-0.2381,-0.1316,-0.0752,0.282
3.008262,-0.1249,-0.1006,-0.1142,0.197
3.013475,-0.0451,-0.0599,-0.1295,0.150
3.018106,-0.0704,-0.0624,-0.1450,0.173
3.023181,-0.0716,-0.0694,-0.0700,0.122
3.028287,-0.0967,-0.0908,-0.0096,0.133
3.033428,-0.1074,-0.0642,-0.0117,0.126
3.038592,-0.0896,-0.0423,0.0099,0.100
3.043282,-0.0714,-0.0250,0.0594,0.096
3.048025,-0.0201,0.0018,0.0940,0.096
3.053033,0.0450,0.0522,0.1043,0.125
3.058358,0.0621,0.0308,0.1146,0.134
3.063686,0.1030,0.0144,0.1869,0.214
3.068072,0.1202,0.0312,0.1876,0.225
3.072924,0.0995,0.0668,0.1460,0.189
3.077832,0.0077,0.0545,0.0861,0.102
3.083009,-0.0597,-0.0195,0.0459,0.078
3.089635,-0.0603,0.0258,0.0303,0.072
3.092892,-0.0896,0.0279,0.0294,0.098
3.097711,-0.1332,0.0108,0.0480,0.142
3.102797,-0.1863,0.0080,0.0668,0.198
3.107933,-0.2015,-0.0234,0.1048,0.228
3.113586,-0.1883,-0.0592,0.1331,0.238
3.118332,-0.0994,-0.1281,0.1900,0.250
3.122725,-0.0348,-0.1014,0.2275,0.252
3.127673,-0.0134,-0.0465,0.1604,0.168
3.133567,0.0225,-0.0490,0.1081,0.121
3.137586,0.1061,-0.0466,0.0415,0.123
3.142738,0.1470,-0.0297,-0.0396,0.155
3.147543,0.1598,-0.0413,-0.1207,0.204
3.152670,0.1542,0.0045,-0.1545,0.218
3.158376,0.1442,0.0074,-0.1366,0.199
3.162612,0.1156,0.0247,-0.1150,0.165
3.167690,0.1302,0.0468,-0.0466,0.146
3.174136,0.1307,0.0497,0.0258,0.142
3.178120,0.1314,0.0098,0.1073,0.170
3.182508,0.1561,0.0368,0.1835,0.244
3.187459,0.1712,0.0159,0.1881,0.255
3.192651,0.1578,0.0284,0.2215,0.273
3.197409,0.1066,0.0598,0.1929,0.228
3.202522,0.1128,0.1194,0.1501,0.223
3.207339,0.1478,0.1455,0.0689,0.219
3.212482,0.1637,0.1622,-0.0128,0.231
3.217476,0.1798,0.1790,-0.0283,0.255
3.222343,0.1440,0.1295,-0.0259,0.195
3.227313,0.0756,0.0806,0.0277,0.114
3.232867,0.0314,0.0466,0.0897,0.106
3.238502,-0.0505,0.0414,0.1461,0.160
3.242332,-0.1083,0.0125,0.2070,0.234
3.247104,-0.1801,-0.0639,0.2441,0.310
3.252236,-0.1946,-0.0970,0.2151,0.306
3.257389,-0.2191,-0.1252,0.1917,0.317
3.262217,-0.3104,-0.1153,0.1264,0.354
3.267225,-0.3302,-0.1200,0.0623,0.357
3.274108,-0.3125,-0.1200,0.0326,0.336
3.277072,-0.2955,-0.0821,-0.0155,0.307
3.282481,-0.1839,-0.0255,-0.1343,0.229
3.287099,-0.0732,0.0069,-0.2286,0.240
3.292385,0.0084,0.0343,-0.2939,0.296
3.297946,0.0516,0.0855,-0.2641,0.282
3.302141,0.0379,0.0841,-0.5017,0.510
3.306967,-0.0323,0.1023,-0.9435,0.950
3.312025,0.0122,0.1209,-0.9087,0.917
3.316949,0.0184,0.1016,-0.6525,0.661
3.321924,-0.0373,0.0779,-0.4654,0.473
3.326855,-0.0308,0.0545,-0.3419,0.348
3.332377,-0.0528,-0.0353,-0.2858,0.293
3.336788,-0.0650,-0.0864,-0.1585,0.192
3.341898,-0.0153,-0.0803,0.0685,0.107
3.346790,0.0625,-0.1175,0.3810,0.404
3.351912,0.1018,-0.0315,0.5365,0.547
3.357419,0.1222,-0.0132,0.5266,0.541
3.361833,0.1569,-0.0525,0.5045,0.531
3.366930,0.1772,-0.0397,0.4556,0.490
3.374495,0.1069,-0.0367,0.3560,0.374
3.376676,0.0463,0.0280,0.1625,0.171
3.383244,0.0287,0.0876,-0.2109,0.230
3.386675,0.1110,0.0901,-0.6401,0.656
