0.000977,0.2256,0.3062,-0.8413,0.923
0.006059,0.2622,0.3165,-0.9768,1.060
0.009401,0.3148,0.2904,-0.9701,1.060
0.014369,0.4114,0.2604,-0.9329,1.052
0.019268,0.4184,0.2025,-0.8648,0.982
0.024508,0.5844,0.1832,-0.6124,0.866
0.030290,1.0718,0.0732,-0.1563,1.086
0.034321,0.7433,0.1542,-0.0932,0.765
0.039451,0.5410,0.1775,-0.0921,0.577
0.044991,0.4643,0.0909,-0.1048,0.485
0.049401,0.3361,0.0428,-0.1744,0.381
0.055688,0.2466,0.0186,-0.2099,0.324
0.059370,0.1676,0.0185,-0.2215,0.278
0.064302,0.1174,0.0136,-0.2474,0.274
0.069089,0.0575,0.0231,-0.2400,0.248
0.074254,0.0644,-0.0006,-0.2616,0.269
0.080508,0.0808,-0.0526,-0.2836,0.300
0.084393,0.0444,-0.1042,-0.3157,0.335
0.089127,0.0660,-0.1123,-0.3629,0.386
0.094201,0.0733,-0.1249,-0.3775,0.404
0.099028,0.0571,-0.1371,-0.3358,0.367
0.105111,0.0318,-0.1871,-0.3049,0.359
0.109186,0.0306,-0.2176,-0.2462,0.330
0.114785,0.0247,-0.2335,-0.2216,0.323
0.119196,-0.0379,-0.1966,-0.1550,0.253
0.124300,-0.0808,-0.2456,-0.1128,0.282
0.129128,-0.0901,-0.2658,-0.0564,0.286
0.137081,-0.1138,-0.1810,-0.0050,0.214
0.138704,-0.1660,-0.1443,0.0512,0.226
0.144095,-0.1511,-0.1742,0.0507,0.236
0.148817,-0.1980,-0.1326,0.0694,0.248
0.153717,-0.2733,-0.1153,0.1030,0.314
0.158744,-0.2772,-0.0508,0.1561,0.322
0.164517,-0.3104,-0.0298,0.2383,0.392
0.168676,-0.3203,-0.0045,0.2923,0.434
0.173990,-0.2741,0.0107,0.3187,0.420
0.178792,-0.2616,0.0256,0.3074,0.404
0.183891,-0.2734,0.0165,0.2398,0.364
0.188604,-0.2951,0.0501,0.1971,0.358
0.193739,-0.3073,0.0502,0.1739,0.357
0.198709,-0.3436,0.0312,0.1177,0.365
0.203911,-0.3184,0.0552,0.1523,0.357
0.208635,-0.2931,0.0601,0.1387,0.330
0.213789,-0.2776,0.0270,0.0774,0.289
0.218812,-0.2667,0.0181,0.0970,0.284
0.224027,-0.2034,0.0094,0.1255,0.239
0.228613,-0.1497,0.0151,0.1680,0.225
0.233656,-0.1628,0.0445,0.1816,0.248
0.240163,-0.1562,0.0784,0.1853,0.255
0.243749,-0.1826,0.0646,0.1794,0.264
0.248478,-0.2277,0.0700,0.1544,0.284
0.253684,-0.2533,0.0849,0.1723,0.318
0.261162,-0.2884,0.0568,0.2046,0.358
0.263735,-0.3095,0.0337,0.2560,0.403
0.268679,-0.3494,0.0247,0.2886,0.454
0.273452,-0.3850,0.0632,0.3359,0.515
0.278234,-0.4590,0.0441,0.3313,0.568
0.283410,-0.5428,0.0392,0.3275,0.635
0.288386,-0.5699,0.0105,0.3004,0.644
0.293399,-0.5648,-0.0039,0.2740,0.628
0.298254,-0.5653,-0.0087,0.2052,0.601
0.303645,-0.5121,0.0438,0.1804,0.545
0.308374,-0.4454,0.0724,0.1459,0.474
0.316736,-0.3702,0.0342,0.0632,0.377
0.318343,-0.3007,0.0155,0.1282,0.327
0.323168,-0.2318,0.0351,0.1782,0.294
0.328174,-0.1633,0.1073,0.2419,0.311
0.333334,-0.0954,0.1697,0.3246,0.378
0.338356,-0.0374,0.1506,0.4309,0.458
0.343263,-0.0224,0.1219,0.4990,0.514
0.348043,0.0116,0.1742,0.5868,0.612
0.353127,0.0166,0.2307,0.7087,0.746
0.358182,0.0210,0.3152,0.8316,0.890
0.367153,0.0441,0.3654,0.9031,0.975
0.367952,0.0666,0.4054,0.9520,1.037
0.372941,0.1795,0.3683,0.9307,1.017
0.377922,0.3307,0.4025,0.8061,0.960
0.382879,0.4485,0.4316,0.6923,0.931
0.387868,0.4805,0.4315,0.6565,0.921
0.392928,0.4726,0.4530,0.5854,0.878
0.397990,0.3607,0.5456,0.5295,0.842
0.402810,0.2974,0.6372,0.4695,0.846
0.408444,0.3013,0.6711,0.4102,0.842
0.413087,0.2956,0.6858,0.4129,0.853
0.417949,0.2612,0.7429,0.5162,0.942
0.423118,0.2647,0.8039,0.6290,1.055
0.427790,0.2915,0.8452,0.7655,1.177
0.432948,0.3175,0.8288,0.8974,1.262
0.438300,0.3573,0.7835,0.9823,1.306
0.442816,0.3393,0.8190,1.0345,1.362
0.448052,0.3161,0.8916,1.1456,1.486
0.452874,0.3447,0.9583,1.2193,1.589
0.458110,0.3886,0.9858,1.2907,1.670
0.463353,0.4654,0.9746,1.3542,1.732
0.467848,0.5801,1.0011,1.3239,1.758
0.473557,0.7044,0.9795,1.3043,1.777
0.477696,0.7524,0.9383,1.3162,1.783
0.483485,0.8109,0.9349,1.2869,1.785
0.490223,0.8175,0.9740,1.3171,1.831
0.492595,0.8440,0.9409,1.3300,1.835
0.497444,0.8667,0.8742,1.3115,1.799
0.502399,0.8709,0.8552,1.2655,1.758
0.508096,0.7850,0.8597,1.1936,1.667
0.513420,0.7381,0.8735,1.1567,1.627
0.517486,0.8016,0.8967,1.0735,1.612
0.522556,0.8993,0.8720,0.9582,1.577
0.527296,0.9739,0.8044,0.8063,1.499
0.533054,1.0254,0.7995,0.6447,1.451
0.539975,1.0637,0.7944,0.5522,1.438
0.542394,1.0175,0.7274,0.4702,1.336
0.547413,1.1597,0.6561,0.2404,1.354
0.552325,1.2942,0.5232,0.0493,1.397
0.557700,1.2776,0.4676,-0.1131,1.365
0.563263,1.1958,0.4463,-0.2101,1.294
0.567901,1.1021,0.4540,-0.2398,1.216
0.572407,1.0246,0.4192,-0.2752,1.141
0.577265,1.0302,0.3801,-0.2877,1.135
0.582305,1.0186,0.2843,-0.2960,1.098
0.589565,1.0232,0.1701,-0.3240,1.087
0.592430,0.9670,0.0663,-0.3678,1.037
0.597211,0.9087,0.0014,-0.4017,0.994
0.602161,0.9049,-0.1059,-0.3979,0.994
0.607412,0.8693,-0.2029,-0.3183,0.948
0.614132,0.8641,-0.2849,-0.2916,0.955
0.617062,0.8988,-0.3567,-0.2079,0.989
0.622173,0.8290,-0.4374,-0.2355,0.966
0.627074,0.6946,-0.4506,-0.3248,0.889
0.632051,0.6621,-0.4919,-0.3718,0.905
0.637019,0.6453,-0.5803,-0.4246,0.966
0.642192,0.7016,-0.6536,-0.4978,1.080
0.646759,0.7498,-0.6925,-0.5149,1.143
0.651924,0.8081,-0.7451,-0.5338,1.222
0.656855,0.8888,-0.7969,-0.6058,1.339
0.662109,0.9243,-0.8861,-0.7315,1.475
0.666974,0.8765,-0.9313,-0.8915,1.559
0.671914,0.7931,-0.9327,-0.8898,1.513
0.676818,0.7024,-0.9238,-0.9134,1.477
0.681746,0.7323,-0.8330,-0.9483,1.459
0.686810,1.0773,-0.6175,-0.9831,1.584
0.692038,1.0177,-1.2425,-1.1090,1.952
0.697040,0.6490,-1.7023,-1.0782,2.117
0.702130,-0.0678,-1.6729,-1.2264,2.075
0.707154,-0.3728,-1.4950,-1.5622,2.194
0.711846,-0.1818,-1.4604,-1.8745,2.383
0.716755,-0.0273,-1.7020,-2.0290,2.648
0.721642,-0.2505,-2.0092,-1.9599,2.818
0.726615,-0.6698,-2.1859,-1.8590,2.947
0.731700,-1.0612,-2.2281,-1.7972,3.053
0.736616,-1.3489,-2.2558,-1.8455,3.212
0.741664,-1.5634,-2.4221,-1.9946,3.506
0.748994,-1.7793,-2.6212,-2.2154,3.866
0.751779,-2.1132,-2.8629,-2.4033,4.294
0.757693,-2.5513,-3.0805,-2.5825,4.761
0.761437,-3.0321,-3.3220,-2.7535,5.274
0.766474,-3.5419,-3.5923,-2.9162,5.827
0.771703,-3.9865,-3.8487,-3.1332,6.366
0.776488,-4.4567,-4.1774,-3.1699,6.882
0.781440,-4.9252,-4.6073,-3.0111,7.386
0.786641,-5.6320,-4.9904,-2.7175,8.000
0.791668,-6.7315,-5.2989,-2.4023,8.897
0.796580,-8.1022,-5.6294,-1.9643,10.060
0.801384,-9.6406,-5.9919,-1.6664,11.473
0.806384,-11.4101,-6.3684,-1.6787,13.174
0.811802,-13.0977,-6.8163,-1.7999,14.875
0.816403,-14.3670,-7.3686,-1.7843,16.245
0.824348,-15.1294,-8.1629,-1.6869,17.274
0.826440,-15.5783,-9.0205,-1.8588,18.097
0.831502,-15.7906,-10.0436,-2.1450,18.837
0.836139,-16.0671,-11.0305,-2.0315,19.595
0.841360,-16.5354,-11.3899,-1.5342,20.137
0.846190,-15.9927,-12.4960,-1.2904,20.337
0.851232,-15.0285,-13.8361,-1.3259,20.471
0.856095,-13.8717,-14.7271,-1.5048,20.287
0.861209,-12.5655,-15.1766,-1.9516,19.800
0.866476,-11.0955,-15.4682,-2.4509,19.193
0.875014,-9.2843,-15.6096,-3.0728,18.420
0.876276,-7.2211,-15.2223,-3.9414,17.303
0.881439,-4.4800,-14.1787,-5.0583,15.706
0.886334,-0.8422,-12.8794,-6.6669,14.527
0.890858,3.3797,-11.1330,-8.8051,14.591
0.896495,7.8542,-8.8688,-11.0148,16.176
0.900970,12.6144,-6.1192,-12.8667,19.029
0.905917,17.6519,-3.1533,-14.3915,22.992
0.910906,22.7505,-0.0765,-15.2746,27.403
0.916170,27.3735,3.1833,-15.7066,31.720
0.923805,32.4150,5.7499,-15.9553,36.584
0.925843,36.8499,7.8136,-16.1558,40.988
0.930788,39.9108,9.6646,-15.5281,43.902
0.936122,41.4677,11.0158,-14.3867,45.254
0.940817,40.9154,11.7320,-12.9739,44.498
0.945944,38.5724,11.9111,-11.2845,41.917
0.950714,35.3029,11.8944,-9.2877,38.393
0.955702,31.3786,11.5463,-7.5781,34.284
0.960786,27.4513,10.6054,-6.3848,30.113
0.965746,24.0997,8.9503,-5.4795,26.286
0.973344,21.0831,7.1853,-4.5059,22.725
0.975799,17.9405,5.6025,-3.4767,19.114
0.981093,14.9172,3.9277,-2.7190,15.663
0.985526,12.0628,2.0947,-2.3145,12.460
0.990833,9.4973,0.0536,-2.3442,9.782
0.995909,7.0770,-2.0255,-2.7530,7.859
1.000559,4.5873,-3.9591,-3.4481,6.972
1.005934,1.8854,-5.7459,-4.4801,7.526
1.010840,-1.1268,-7.3451,-5.8243,9.442
1.016036,-4.3802,-8.5019,-7.2638,12.010
1.021356,-7.2857,-9.5451,-8.3774,14.641
1.025511,-9.8402,-10.6673,-8.7809,16.962
1.030463,-12.7215,-11.6358,-8.3622,19.161
1.035389,-16.2026,-12.0381,-7.4443,21.514
1.040739,-19.9163,-12.2808,-6.4162,24.262
1.047036,-22.9776,-12.6937,-5.2738,26.775
1.050410,-25.3044,-13.1518,-4.1068,28.812
1.055427,-27.4209,-13.5447,-2.5128,30.687
1.060415,-29.1114,-13.8710,-0.9129,32.260
1.066049,-30.1153,-14.2809,-0.0330,33.330
1.070190,-30.6853,-15.0274,0.2340,34.168
1.075237,-30.5601,-16.0653,0.0454,34.526
1.081444,-29.3359,-17.2184,-0.7505,34.024
1.085150,-27.4938,-18.3381,-2.0177,33.110
1.090435,-25.2213,-19.4385,-3.4503,32.029
1.095272,-22.7771,-20.3090,-4.8301,30.896
1.100260,-20.2795,-20.7117,-6.0737,29.616
1.106323,-17.6514,-20.6915,-7.2049,28.136
1.110207,-14.9406,-20.3042,-8.2132,26.513
1.115261,-12.1542,-19.6831,-9.0848,24.853
1.120083,-9.2004,-18.7282,-9.7007,23.011
1.125793,-5.7921,-17.4034,-10.1677,20.972
1.130570,-1.9779,-15.8157,-10.7139,19.205
1.134962,1.7499,-13.7684,-11.2545,17.869
1.140224,5.6227,-11.2756,-12.0237,17.416
1.144968,9.6119,-8.7369,-12.6986,18.165
1.149982,13.8885,-6.1447,-12.7158,19.808
1.154967,18.2793,-3.3960,-12.1235,22.196
1.160033,22.4373,-0.7441,-11.3579,25.159
1.165752,25.8680,1.6496,-10.3381,27.906
1.170020,28.3019,3.7609,-8.9899,29.933
1.175326,29.8345,5.8560,-7.8054,31.390
1.188002,30.4800,7.8095,-6.9659,32.226
1.189832,31.3878,8.5491,-6.8438,33.243
1.190859,31.0970,8.9224,-6.8429,33.067
1.199487,29.4415,9.5199,-6.4460,31.607
1.199823,27.0529,10.0240,-5.8002,29.428
1.205584,24.2980,10.1947,-4.9375,26.809
1.209805,21.4135,9.9461,-4.0231,23.951
1.214658,18.7927,9.5217,-3.0360,21.285
1.219829,16.4628,8.8837,-2.2510,18.842
1.224640,14.2813,8.0502,-1.6662,16.478
1.230280,12.2645,7.0499,-1.2765,14.204
1.234706,10.4107,6.0047,-1.0136,12.061
1.240767,8.7565,4.8782,-0.8241,10.057
1.245637,7.2426,3.7680,-0.8077,8.204
1.249544,5.8307,2.6970,-0.8654,6.482
1.254455,4.5872,1.6282,-0.9687,4.963
1.259735,3.5258,0.5847,-1.2686,3.792
1.264483,2.5720,-0.4372,-1.6083,3.065
1.269540,1.6133,-1.4223,-2.0899,2.999
1.275162,0.6754,-2.3076,-2.6583,3.584
1.280016,-0.1530,-3.0856,-3.0491,4.341
1.284414,-0.9763,-3.7072,-3.2349,5.016
1.289466,-1.6422,-4.2708,-3.1743,5.569
1.294445,-2.1566,-4.6136,-2.9326,5.877
1.299510,-2.5062,-4.8079,-2.5021,5.971
1.304867,-2.7730,-4.9069,-1.9955,5.979
1.309361,-2.9371,-4.9582,-1.4992,5.955
1.314280,-3.0158,-4.9547,-1.1356,5.910
1.319620,-3.0322,-4.9153,-0.8956,5.844
1.324483,-3.0871,-4.8744,-0.7065,5.813
1.329361,-3.1761,-4.7656,-0.5100,5.750
1.334136,-3.2522,-4.5131,-0.3731,5.575
1.339314,-3.3576,-4.1847,-0.3907,5.379
1.344142,-3.4579,-3.8581,-0.5136,5.206
1.349182,-3.4084,-3.6291,-0.7279,5.032
1.356028,-3.1659,-3.5458,-1.0111,4.860
1.359188,-2.8785,-3.5271,-1.2448,4.720
1.364630,-2.5889,-3.4489,-1.3920,4.532
1.369383,-2.3421,-3.3021,-1.4533,4.301
1.373935,-2.2098,-3.2066,-1.5118,4.177
1.379475,-2.1229,-3.1196,-1.5635,4.084
1.384047,-2.0380,-3.0172,-1.6621,4.002
1.389109,-1.8784,-2.9094,-1.6412,3.832
1.394078,-1.7536,-2.7483,-1.5967,3.630
1.399388,-1.6077,-2.5824,-1.5000,3.392
1.405362,-1.3744,-2.3874,-1.3374,3.062
1.409190,-1.1745,-2.2497,-1.1132,2.771
1.413940,-1.0650,-2.0786,-0.8559,2.487
1.419004,-0.9495,-1.9265,-0.5893,2.227
1.424457,-0.9042,-1.7316,-0.4036,1.995
1.429430,-0.8533,-1.5513,-0.2839,1.793
1.433924,-0.7798,-1.5049,-0.2020,1.707
1.438943,-0.7995,-1.4059,-0.1671,1.626
1.444038,-0.8835,-1.3691,-0.1220,1.634
1.449032,-0.8929,-1.3132,-0.0043,1.588
1.454357,-0.8752,-1.2430,0.0998,1.523
1.458859,-0.8459,-1.1874,0.1289,1.464
1.463800,-0.9268,-1.1221,0.1591,1.464
1.468816,-0.9993,-1.0855,0.2339,1.494
1.474041,-1.0679,-1.0634,0.3006,1.537
1.481976,-1.1472,-1.0509,0.3639,1.598
1.484148,-1.2994,-1.0193,0.4238,1.705
1.490916,-1.4153,-0.9355,0.3895,1.741
1.493577,-1.4555,-0.8423,0.3799,1.724
1.498821,-1.4543,-0.7828,0.2465,1.670
1.504043,-1.4788,-0.7954,0.1471,1.686
1.508658,-1.4144,-0.7986,0.0193,1.624
1.513529,-1.4237,-0.7685,-0.0990,1.621
1.518649,-1.4257,-0.7627,-0.1265,1.622
1.523786,-1.3475,-0.7808,-0.0827,1.560
1.529163,-1.2136,-0.7321,-0.0776,1.419
1.533666,-1.1624,-0.6980,-0.1395,1.363
1.538575,-1.0643,-0.7023,-0.1247,1.281
1.543789,-1.0199,-0.7258,-0.0810,1.254
1.548685,-1.0533,-0.7638,-0.0274,1.301
1.554061,-1.0682,-0.7875,0.0123,1.327
1.558504,-1.1036,-0.8306,0.0338,1.382
1.563467,-1.1450,-0.9122,0.0420,1.465
1.568401,-1.1975,-0.9607,0.0086,1.535
1.573363,-1.2518,-1.0143,-0.0137,1.611
1.579368,-1.3610,-1.0685,-0.0730,1.732
1.583266,-1.4002,-1.1663,-0.1406,1.828
1.588376,-1.3842,-1.2740,-0.3171,1.908
1.593591,-1.3274,-1.3726,-0.4638,1.965
1.598610,-1.3302,-1.4334,-0.6575,2.063
1.603442,-1.3159,-1.4707,-0.9226,2.178
1.608365,-1.3041,-1.5660,-1.1352,2.333
1.613179,-1.3086,-1.6663,-1.4105,2.545
1.618326,-1.3392,-1.7908,-1.7108,2.816
1.623345,-1.3672,-1.9683,-1.9645,3.099
1.631765,-1.4215,-2.1841,-2.2777,3.461
1.641153,-1.6939,-2.4194,-2.5265,3.887
1.645344,-2.0131,-2.7220,-2.7790,4.380
1.645706,-2.4513,-2.9774,-3.0404,4.911
1.648159,-3.1102,-3.1762,-3.2782,5.523
1.652949,-3.7563,-3.3573,-3.3781,6.066
1.658218,-4.5492,-3.6071,-3.5460,6.803
1.662964,-5.6669,-3.9449,-3.6943,7.831
1.668027,-6.8915,-4.5242,-3.5127,8.961
1.672928,-8.0618,-5.1248,-2.8612,9.972
1.678087,-9.4686,-5.6328,-1.9004,11.180
1.682823,-11.0631,-6.1689,-0.8904,12.698
1.687988,-12.8165,-6.8582,-0.1048,14.536
1.692870,-14.9138,-7.9444,0.5951,16.908
1.697912,-17.2894,-9.2177,0.9934,19.618
1.702915,-19.7458,-10.5949,1.0580,22.434
1.708308,-21.8002,-12.1788,1.2320,25.002
1.717130,-23.0962,-14.3187,1.5179,27.217
1.717867,-24.0824,-16.5485,1.8637,29.279
1.722840,-24.7911,-18.4349,2.6910,31.011
1.728084,-24.4623,-20.7307,3.4220,32.247
1.732941,-22.3865,-23.6588,3.3042,32.738
1.740277,-19.5385,-26.0221,2.1816,32.614
1.742840,-17.1854,-26.3211,0.5376,31.439
1.748853,-12.8211,-27.2183,-2.5935,30.198
1.752651,-8.5412,-26.7505,-7.0278,28.947
1.757854,-4.5455,-24.3500,-12.4719,27.733
1.762477,0.3518,-21.0206,-18.4593,27.977
1.767718,7.3897,-16.9557,-24.4165,30.631
1.772536,17.0122,-12.5404,-28.8241,35.742
1.778098,27.3823,-7.5801,-30.5289,41.704
1.782581,37.4042,-2.9137,-30.1724,48.145
1.787409,45.2964,1.5809,-28.6749,53.633
1.792476,49.9364,5.7832,-26.1656,56.672
1.798668,51.4523,8.8230,-23.8921,57.411
1.802482,50.2865,9.9135,-22.0081,55.780
1.807585,47.7886,9.2372,-20.6708,52.881
1.813062,42.8836,8.9533,-18.7613,47.657
1.817419,36.7724,9.0708,-15.7481,41.018
1.822316,30.8594,8.6148,-12.5289,34.402
1.827435,25.5990,7.8028,-9.9938,28.567
1.832356,20.6185,6.9352,-8.3729,23.309
1.840845,16.1325,5.9603,-7.3505,18.703
1.842203,12.4199,4.9141,-6.5191,14.863
1.848314,9.5033,3.6975,-5.5946,11.631
1.852262,7.1187,2.4161,-4.5574,8.791
1.857341,4.9092,1.1098,-3.4675,6.112
1.862056,2.8153,-0.0818,-2.3987,3.700
1.867197,0.9109,-1.3779,-1.5971,2.298
1.872111,-1.2851,-2.3307,-0.8228,2.786
1.877128,-3.2572,-3.2120,-0.1527,4.577
1.882128,-4.7700,-4.1919,0.1245,6.351
1.887190,-6.1869,-5.0311,0.2047,7.977
1.892116,-7.3881,-5.6681,0.1868,9.314
1.897162,-8.2389,-6.2331,0.0357,10.331
1.902056,-8.7075,-6.6212,-0.2247,10.941
1.908115,-8.7999,-6.8979,-0.6529,11.200
1.916985,-8.7411,-7.1787,-1.1535,11.370
1.917471,-8.7227,-7.3070,-1.5649,11.486
1.921964,-8.5816,-7.1888,-1.7587,11.332
1.927418,-8.3415,-6.9069,-1.7916,10.977
1.931958,-8.0751,-6.5535,-1.7193,10.541
1.937076,-7.8212,-6.1492,-1.6537,10.086
1.941896,-7.5905,-5.9002,-1.7943,9.780
1.946930,-7.4065,-5.6253,-1.8210,9.477
1.952073,-7.2068,-5.1575,-1.8208,9.047
1.956917,-6.9290,-4.7177,-1.9912,8.616
1.962170,-6.5445,-4.3920,-2.1079,8.159
1.966802,-6.0028,-4.0994,-2.1688,7.586
1.971773,-5.4669,-3.6916,-2.1459,6.937
1.976897,-4.9979,-3.2552,-2.0021,6.292
1.981644,-4.3986,-2.9241,-1.8532,5.598
1.986934,-3.7878,-2.6456,-1.6853,4.918
1.991833,-3.1358,-2.4581,-1.4557,4.242
1.996695,-2.5179,-2.1797,-1.1938,3.538
2.001654,-1.8997,-1.9013,-1.0053,2.870
2.006726,-1.2134,-1.6614,-0.8525,2.227
2.012045,-0.6156,-1.5028,-0.7409,1.785
2.016578,-0.1813,-1.3633,-0.6181,1.508
2.021462,0.2058,-1.2285,-0.4358,1.320
2.026624,0.6228,-1.1033,-0.2045,1.283
2.032278,1.0082,-0.9542,-0.0004,1.388
2.039537,1.3054,-0.7381,0.1143,1.504
2.041638,1.5007,-0.4982,0.2544,1.602
2.050091,1.7337,-0.3349,0.2860,1.789
2.051471,1.9089,-0.2196,0.2338,1.936
2.056741,1.9411,-0.1040,0.2253,1.957
2.061670,1.8829,-0.0408,0.2135,1.895
2.066507,1.7342,-0.0105,0.2271,1.749
2.071605,1.6098,0.0251,0.2572,1.630
2.076464,1.4087,-0.0009,0.2899,1.438
2.081404,1.1488,-0.0932,0.3409,1.202
2.087250,0.9122,-0.1032,0.4664,1.030
2.091339,0.6979,-0.1746,0.5722,0.919
2.096360,0.5677,-0.2740,0.6976,0.940
2.101428,0.5019,-0.3344,0.7857,0.991
2.106547,0.3759,-0.3991,0.8133,0.981
2.112465,0.2171,-0.4442,0.7763,0.920
2.116343,0.0698,-0.5221,0.7020,0.878
2.121397,-0.0292,-0.5659,0.6053,0.829
2.126542,-0.2192,-0.5516,0.5195,0.789
2.131214,-0.3954,-0.5273,0.5018,0.828
2.139659,-0.4912,-0.5359,0.5568,0.916
2.141298,-0.5460,-0.5635,0.7095,1.058
2.146697,-0.5344,-0.6098,0.9348,1.237
2.151333,-0.5243,-0.6082,1.1335,1.389
2.156230,-0.5492,-0.6116,1.2967,1.535
2.162070,-0.5805,-0.6153,1.4341,1.665
2.166164,-0.5898,-0.6577,1.5269,1.764
2.171055,-0.6640,-0.7201,1.5664,1.847
2.176150,-0.7592,-0.6968,1.5610,1.870
2.181402,-0.8090,-0.6935,1.5831,1.908
2.185959,-0.8664,-0.6624,1.5034,1.857
2.190914,-0.8882,-0.6274,1.4125,1.783
2.195989,-0.9420,-0.6411,1.2862,1.718
2.200929,-1.0043,-0.6606,1.2254,1.717
2.206404,-1.0603,-0.6378,1.1910,1.717
2.211004,-1.0866,-0.5540,1.1592,1.683
2.216045,-1.0641,-0.4999,1.0964,1.608
2.220878,-0.9639,-0.4468,1.0120,1.467
2.226573,-0.8718,-0.4474,0.9155,1.341
2.230965,-0.7877,-0.4536,0.8642,1.254
2.235911,-0.6966,-0.4080,0.8100,1.144
2.240962,-0.5748,-0.3249,0.7624,1.009
2.245844,-0.4217,-0.2904,0.7595,0.916
2.250726,-0.2607,-0.1944,0.7197,0.790
2.255836,-0.0577,-0.1660,0.7099,0.731
2.260705,0.0919,-0.1044,0.6197,0.635
2.266192,0.1596,-0.0576,0.5878,0.612
2.270763,0.1983,-0.0157,0.5421,0.577
2.275766,0.3089,0.0451,0.4871,0.579
2.281306,0.4198,0.0534,0.4034,0.585
2.285648,0.4977,0.0618,0.2668,0.568
2.290554,0.5286,0.0705,0.1582,0.556
2.298981,0.5413,0.0556,0.1304,0.560
2.300551,0.4973,0.0554,0.1497,0.522
2.305724,0.5307,0.0842,0.1873,0.569
2.310448,0.5792,0.1180,0.2340,0.636
2.315588,0.7535,0.0320,0.4677,0.887
2.320586,0.9628,0.0177,0.7407,1.215
2.325967,0.9390,0.0893,0.7896,1.230
2.330340,0.8347,0.2180,0.7772,1.161
2.335545,0.7407,0.2410,0.6749,1.031
2.340339,0.6569,0.2207,0.5353,0.876
2.345460,0.5498,0.2147,0.3341,0.678
2.350398,0.4764,0.2375,0.2001,0.569
2.355550,0.2691,0.2411,0.0901,0.372
2.360361,0.2005,0.2736,-0.0154,0.340
2.365429,0.2422,0.2632,-0.0688,0.364
2.370196,0.3895,0.2148,-0.0844,0.453
2.375713,0.3074,0.2479,-0.0764,0.402
2.380698,0.2639,0.2045,-0.0255,0.335
2.388540,0.0196,0.1037,0.1451,0.179
2.390232,-0.1341,-0.0450,0.3733,0.399
2.398684,-0.1833,-0.1506,0.4631,0.520
2.400200,-0.3339,-0.2518,0.5826,0.717
2.405295,-0.4807,-0.2769,0.6845,0.881
2.410084,-0.6052,-0.2835,0.6538,0.935
2.415504,-0.7169,-0.3289,0.5240,0.947
2.420185,-0.7923,-0.3748,0.3861,0.958
2.425329,-0.8457,-0.3923,0.2445,0.964
2.430029,-0.8866,-0.3577,0.1376,0.966
2.435143,-0.9437,-0.3667,0.1226,1.020
2.440068,-0.9834,-0.3808,0.1084,1.060
2.445672,-0.9627,-0.3378,0.0616,1.022
2.450005,-0.8909,-0.3525,-0.0808,0.961
2.455494,-0.8585,-0.3289,-0.2614,0.956
2.460002,-0.8797,-0.3482,-0.3228,1.000
2.465200,-0.8584,-0.3290,-0.3659,0.989
2.470022,-0.7849,-0.3000,-0.3525,0.911
2.475153,-0.7119,-0.2660,-0.2776,0.809
2.480274,-0.6727,-0.2224,-0.2464,0.750
2.484837,-0.5859,-0.2217,-0.1870,0.654
2.489895,-0.4994,-0.2735,-0.1855,0.599
2.494966,-0.3987,-0.2390,-0.1986,0.506
2.500150,-0.3266,-0.1902,-0.1112,0.394
2.505635,-0.1874,-0.1749,-0.1100,0.279
2.509710,-0.0433,-0.1691,-0.1375,0.222
2.514847,0.1253,-0.1393,-0.1077,0.216
2.520185,0.2991,-0.0855,-0.0969,0.326
2.525452,0.4068,-0.0365,-0.0429,0.411
2.529629,0.4485,0.0220,-0.0223,0.450
2.534734,0.4861,0.1283,-0.0206,0.503
2.539843,0.5244,0.1533,-0.1004,0.556
2.549305,0.5734,0.1736,-0.2429,0.646
2.549559,0.6621,0.2135,-0.4006,0.803
2.554635,0.7425,0.2538,-0.5305,0.947
2.559978,0.7622,0.2802,-0.5756,0.995
2.565415,0.7836,0.3022,-0.5551,1.007
2.569860,0.8065,0.2434,-0.5217,0.991
2.574743,0.7973,0.2280,-0.4223,0.931
2.580026,0.6982,0.1890,-0.2904,0.779
2.584593,0.6191,0.1215,-0.1733,0.654
2.589622,0.5692,0.0686,-0.0901,0.580
2.594918,0.5053,0.0635,-0.0211,0.510
2.599635,0.4224,0.0201,0.0241,0.424
2.604521,0.3347,-0.0185,-0.0121,0.335
2.609424,0.2472,-0.0665,-0.0963,0.273
2.614466,0.2122,-0.0953,-0.1710,0.289
2.620245,0.1100,-0.0713,-0.2509,0.283
2.625463,0.0315,-0.1094,-0.3169,0.337
2.629312,0.0198,-0.0947,-0.3693,0.382
2.634245,0.0077,-0.0988,-0.4131,0.425
2.639783,-0.0187,-0.1219,-0.4242,0.442
2.647724,-0.0356,-0.1495,-0.4074,0.435
2.649357,-0.0910,-0.1722,-0.3626,0.412
2.655930,-0.1274,-0.1563,-0.2850,0.349
2.659056,-0.1640,-0.1836,-0.1982,0.316
2.664314,-0.1627,-0.1629,-0.1356,0.267
2.669737,-0.1280,-0.1662,-0.1209,0.242
2.674301,-0.1464,-0.1695,-0.0822,0.239
2.679076,-0.1792,-0.1777,-0.0530,0.258
2.684601,-0.1643,-0.1668,-0.0044,0.234
2.688902,-0.1785,-0.1225,0.0302,0.219
2.694926,-0.2504,-0.1024,0.0604,0.277
2.698948,-0.2605,-0.0394,0.1436,0.300
2.704133,-0.2709,-0.0341,0.1844,0.329
2.708887,-0.2863,-0.0242,0.2545,0.384
2.713908,-0.2637,-0.0337,0.2629,0.374
2.719914,-0.2751,-0.0242,0.2480,0.371
2.724072,-0.2626,0.0330,0.2431,0.359
2.728956,-0.2200,0.1132,0.2462,0.349
2.733893,-0.1918,0.1025,0.2208,0.310
2.739320,-0.1445,0.1205,0.2430,0.307
2.744880,-0.1450,0.1145,0.2793,0.335
2.748863,-0.1356,0.1656,0.3155,0.381
2.753907,-0.1688,0.1830,0.3277,0.412
2.758978,-0.2253,0.2240,0.3590,0.479
2.763887,-0.2148,0.2123,0.4186,0.516
2.768834,-0.2138,0.2007,0.4162,0.509
2.774167,-0.2128,0.1939,0.4140,0.504
2.782635,-0.2402,0.2108,0.3693,0.488
2.783819,-0.2531,0.1896,0.3344,0.460
2.788805,-0.2754,0.1591,0.3284,0.457
2.794823,-0.2452,0.1383,0.3177,0.424
2.798661,-0.2438,0.1177,0.2929,0.399
2.804108,-0.2093,0.0924,0.3016,0.379
2.808596,-0.1800,0.0531,0.2821,0.339
2.813698,-0.1797,0.0139,0.3011,0.351
2.818619,-0.2130,-0.0584,0.2872,0.362
2.823858,-0.2179,-0.1730,0.3408,0.440
2.828517,-0.2517,-0.2109,0.3471,0.478
2.833683,-0.2812,-0.2773,0.2876,0.488
2.838619,-0.2874,-0.2529,0.1862,0.426
2.843709,-0.2274,-0.2669,0.0432,0.353
2.848643,-0.1587,-0.2903,-0.1179,0.351
2.853478,-0.1382,-0.2895,-0.2925,0.434
2.858824,-0.1130,-0.2694,-0.4191,0.511
2.864223,-0.0595,-0.2683,-0.4791,0.552
2.868316,0.0223,-0.2431,-0.5255,0.579
2.873469,0.0992,-0.2225,-0.5824,0.631
2.878323,0.1664,-0.2445,-0.5209,0.599
2.883365,0.2051,-0.2661,-0.4131,0.533
2.889241,0.2819,-0.2162,-0.2354,0.426
2.897352,0.2822,-0.1951,-0.0972,0.357
2.898262,0.2735,-0.2075,0.0021,0.343
2.903453,0.3126,-0.1818,0.0342,0.363
2.908253,0.3183,-0.1849,-0.0195,0.369
2.913269,0.3052,-0.1546,-0.0203,0.343
2.918236,0.3446,-0.1198,-0.0404,0.367
2.923399,0.2887,-0.0900,-0.0510,0.307
2.928251,0.2713,-0.0747,-0.0331,0.283
2.933329,0.2447,-0.1022,-0.0058,0.265
2.938391,0.2041,-0.1295,0.0022,0.242
2.943485,0.1783,-0.1281,-0.0230,0.221
2.948286,0.1146,-0.1077,0.0235,0.159
2.953157,0.0752,-0.1303,0.0601,0.162
2.958012,0.0314,-0.1289,0.0917,0.161
2.962952,-0.0026,-0.1419,0.1041,0.176
2.968026,-0.0505,-0.1452,0.1166,0.193
2.972988,-0.0840,-0.1914,0.1292,0.246
2.977942,-0.1315,-0.1612,0.1324,0.247
2.983262,-0.1171,-0.1361,0.1310,0.222
2.987860,-0.0935,-0.1349,0.0962,0.190
2.993170,-0.0415,-0.1432,0.0664,0.163
2.998813,-0.0089,-0.1228,-0.1014,0.160
3.006735,0.0383,-0.1166,-0.5113,0.526
3.007984,0.0377,-0.0672,-0.6436,0.648
3.012761,0.0135,-0.0132,-0.3434,0.344
3.017649,0.0372,-0.0214,-0.0981,0.107
3.022812,0.0513,-0.0343,-0.0113,0.063
3.028209,0.0321,-0.0329,-0.0010,0.046
3.032819,-0.0201,0.0112,-0.0907,0.094
3.037691,-0.1102,0.0313,-0.1893,0.221
3.042957,-0.1524,0.0798,-0.2924,0.339
3.047928,-0.1945,0.1280,-0.3143,0.391
3.052598,-0.1889,0.1618,-0.3463,0.426
3.057458,-0.1504,0.1574,-0.4024,0.457
3.062498,-0.1076,0.1484,-0.3540,0.399
3.067533,-0.0416,0.2013,-0.2255,0.305
3.072881,-0.0141,0.2252,-0.0314,0.228
3.077871,0.0463,0.2440,0.1237,0.278
3.082511,0.1013,0.2814,0.2263,0.375
3.087484,0.1322,0.2661,0.2765,0.406
3.092552,0.1010,0.2601,0.2892,0.402
3.097388,0.0222,0.2492,0.2455,0.350
3.102931,-0.0466,0.2573,0.1310,0.292
3.107675,-0.0243,0.2750,-0.1255,0.303
3.112353,0.0456,0.2976,-0.3238,0.442
3.117333,0.1155,0.2918,-0.3885,0.499
