0.001441,-0.4278,0.4070,0.6027,0.844
0.003236,-0.4607,0.5289,0.6457,0.953
0.008357,-0.5526,0.5919,0.6603,1.045
0.013474,-0.7365,0.5826,0.7416,1.197
0.018368,-0.5886,0.4446,0.8461,1.123
0.023271,-0.3629,0.3264,0.9643,1.081
0.028088,-0.3299,0.2421,0.8726,0.964
0.033233,-0.1067,0.1921,0.8052,0.835
0.037973,0.0001,0.1328,0.7862,0.797
0.043088,-0.0601,0.0882,0.7438,0.751
0.048076,0.0562,0.0864,0.7831,0.790
0.053366,0.1193,0.0844,0.7467,0.761
0.058560,0.2673,0.0535,0.7350,0.784
0.063031,0.3529,0.0322,0.6811,0.768
0.067926,0.4382,-0.0179,0.5623,0.713
0.073105,0.4001,-0.0966,0.5169,0.661
0.078039,0.4484,-0.2036,0.5583,0.744
0.083058,0.5013,-0.2531,0.5386,0.778
0.087933,0.5968,-0.2645,0.4865,0.814
0.093245,0.6353,-0.2282,0.4587,0.816
0.097977,0.6312,-0.2403,0.4753,0.826
0.102904,0.6711,-0.1814,0.4166,0.810
0.107865,0.6878,-0.1471,0.3928,0.806
0.113330,0.6241,-0.1184,0.3751,0.738
0.117875,0.4376,-0.0715,0.2542,0.511
0.123308,0.2763,0.0321,0.0348,0.280
0.127689,-0.0897,0.1293,-0.2436,0.290
0.132852,-0.7634,0.3064,-0.5196,0.973
0.138476,-1.0769,0.5200,-0.7081,1.390
0.142840,-1.1144,0.6750,-0.8385,1.549
0.147767,-0.8282,0.9809,-0.7645,1.494
0.152746,-0.6905,1.0473,-0.6498,1.413
0.157734,-0.7951,0.8753,-0.9068,1.490
0.162721,-0.8723,0.6244,-0.9724,1.448
0.167678,-0.8593,0.3526,-1.0245,1.383
0.174251,-0.7029,0.2037,-1.0637,1.291
0.177639,-0.4792,0.2856,-0.7899,0.967
0.183484,-0.1213,0.4493,-0.4238,0.629
0.187550,0.2421,0.5020,-0.2967,0.631
0.193327,0.2361,0.5109,-0.3161,0.646
0.197635,0.0347,0.5143,-0.6104,0.799
0.202662,-0.0691,0.4551,-0.9881,1.090
0.207647,0.0924,0.4487,-1.3348,1.411
0.214448,0.4245,0.4235,-1.4890,1.605
0.217507,0.7203,0.3644,-1.5357,1.735
0.222409,0.8378,0.2430,-1.3797,1.632
0.227676,0.7955,0.0064,-0.7676,1.106
0.232703,-0.0355,-0.5652,0.7054,0.905
0.237410,-2.0727,-1.3278,2.8983,3.803
0.242179,-2.6772,-2.0501,2.5782,4.245
0.247291,-1.6088,-2.8563,0.0733,3.279
0.252451,-0.6088,-3.3199,-0.1177,3.377
0.257413,-0.0101,-3.4130,-0.0327,3.413
0.262985,0.1434,-3.8907,-1.2210,4.080
0.267538,-1.0031,-4.7325,-2.1370,5.289
0.273988,-0.7492,-3.6255,-1.8606,4.143
0.277897,-0.7728,-1.7279,-1.0957,2.187
0.283753,-0.7801,0.1311,-0.0924,0.796
0.287214,-0.1886,1.0922,-0.1697,1.121
0.292482,0.8339,1.6832,-0.3158,1.905
0.297497,2.1167,2.0146,-0.2759,2.935
0.302055,3.0525,1.7099,-0.6899,3.566
0.307372,3.6500,1.3634,-0.9162,4.003
0.314046,3.9031,0.8232,-1.1724,4.158
0.317266,3.1820,-0.0099,-1.5216,3.527
0.322015,2.4478,-0.3802,-1.5628,2.929
0.326939,1.8178,-0.3226,-1.4883,2.371
0.332434,1.0558,-0.3776,-1.7108,2.046
0.337930,0.6203,-0.2621,-2.0690,2.176
0.341994,0.4812,0.1139,-2.2325,2.287
0.349701,0.4374,0.3669,-2.1095,2.185
0.352478,0.2015,0.2385,-1.8327,1.859
0.357165,-0.2171,-0.0943,-1.5247,1.543
0.362176,-0.5654,-0.4122,-1.2790,1.458
0.367010,-0.8248,-0.5382,-1.1579,1.520
0.372867,-0.8580,-0.4687,-0.9068,1.334
0.377252,-0.8862,-0.3857,-0.6220,1.149
0.382921,-1.0245,-0.4131,-0.5240,1.223
0.387109,-0.9798,-0.4497,-0.5653,1.217
0.391908,-0.4144,-0.3044,-0.6119,0.799
0.396758,0.1422,-0.1153,-0.5411,0.571
0.401889,0.4107,0.0215,-0.3855,0.564
0.407056,0.3390,-0.0375,-0.1162,0.360
0.412391,0.1313,-0.0488,0.3204,0.350
0.416709,0.0115,0.0443,0.7528,0.754
0.421671,0.0693,0.2122,0.9961,1.021
0.426565,0.1458,0.2780,1.0552,1.101
0.432026,0.2403,0.2892,1.0989,1.161
0.436468,0.3523,0.3607,1.1414,1.248
0.441730,0.4432,0.4731,1.1924,1.357
0.446633,0.4270,0.5641,1.2282,1.417
0.451576,0.3858,0.6105,1.0470,1.272
0.456701,0.3086,0.6412,0.8256,1.090
0.462811,0.1757,0.6325,0.5260,0.841
0.467145,0.0163,0.5174,0.2393,0.570
0.471481,-0.1833,0.3869,0.0615,0.433
0.476927,-0.4655,0.2600,-0.0217,0.534
0.482064,-0.6469,0.1845,-0.0631,0.676
0.486400,-0.7084,0.0453,-0.0191,0.710
0.491621,-0.7495,-0.1335,0.0334,0.762
0.496331,-0.8797,-0.2607,0.0796,0.921
0.501511,-1.0031,-0.4269,0.1381,1.099
0.507011,-1.0196,-0.5218,0.2557,1.174
0.512516,-0.9200,-0.6166,0.3309,1.156
0.516286,-0.7579,-0.6688,0.3359,1.065
0.521551,-0.6329,-0.6205,0.2411,0.919
0.526734,-0.4819,-0.5341,0.0176,0.720
0.531996,-0.2992,-0.4522,-0.2107,0.582
0.536441,-0.0935,-0.3841,-0.3682,0.540
0.541655,0.1212,-0.3722,-0.3468,0.523
0.546167,0.2731,-0.3687,-0.3373,0.569
0.551333,0.4097,-0.3065,-0.3167,0.602
0.556482,0.4299,-0.1477,-0.3993,0.605
0.561516,0.2654,0.0452,-0.5128,0.579
0.566351,0.1062,0.1765,-0.6042,0.638
0.571385,-0.0776,0.1985,-0.7932,0.821
0.576382,-0.1371,0.1493,-0.9447,0.966
0.581607,-0.0632,0.0483,-0.9108,0.914
0.586179,-0.0325,-0.0185,-0.7157,0.717
0.591134,0.1805,-0.0655,-0.6322,0.661
0.595913,0.0775,-0.3266,-0.5698,0.661
0.601679,-0.4029,-0.6721,-0.4382,0.898
0.606054,0.5222,-0.4181,-0.4438,0.803
0.611106,0.9148,0.0424,-0.5396,1.063
0.615998,0.7513,-0.0030,-0.7253,1.044
0.620972,0.6454,-0.0899,-0.8133,1.042
0.625935,0.4493,-0.1467,-0.5165,0.700
0.631807,0.3572,-0.1881,-0.0837,0.412
0.635837,0.3779,-0.0898,0.1264,0.408
0.641252,0.4087,-0.0103,0.0674,0.414
0.646021,0.4249,0.0930,-0.0101,0.435
0.650951,0.2156,0.1670,-0.0862,0.286
0.655952,-0.0380,0.1830,-0.2466,0.309
0.661383,-0.0504,0.2269,-0.4145,0.475
0.666020,-0.0555,0.2563,-0.5817,0.638
0.670904,-0.1171,0.1567,-0.8063,0.830
0.675783,-0.1206,-0.0043,-1.0317,1.039
0.680954,-0.1238,-0.0304,-1.1678,1.175
0.685727,-0.0692,0.0401,-1.1820,1.185
0.690971,0.1143,0.1540,-1.1407,1.157
0.700647,0.2502,0.2062,-0.9154,0.971
0.701011,0.3771,0.2060,-0.5100,0.667
0.705606,0.7693,-0.0472,-0.2405,0.807
0.710566,1.0348,0.4083,0.0077,1.112
0.715601,0.5885,0.5379,0.9235,1.220
0.721089,0.0913,0.1975,1.2947,1.313
0.725590,0.1470,-0.7219,1.0372,1.272
0.732862,0.1015,-1.0623,0.8893,1.389
0.735395,-0.3546,-0.6675,0.6497,0.997
0.740607,-0.4029,-0.3898,0.6148,0.832
0.745748,-0.4175,-0.1430,0.6217,0.762
0.750583,-0.3350,-0.0084,0.6038,0.691
0.755447,-0.3408,-0.0960,0.5093,0.620
0.760442,-0.1776,-0.1756,0.5580,0.611
0.766178,0.1198,0.0487,0.6208,0.634
0.770859,0.2512,-0.1021,0.6542,0.708
0.775330,-0.0182,-0.1492,0.8829,0.896
0.781044,0.0876,0.1226,1.1099,1.120
0.785445,0.2807,0.1437,0.9146,0.967
0.790485,0.2346,0.1208,0.6363,0.689
0.799072,0.3231,-0.0365,0.5610,0.648
0.800227,0.3535,-0.2511,0.5585,0.707
0.805374,0.3588,-0.1927,0.5467,0.682
0.810482,0.5967,-0.4106,0.2504,0.766
0.816092,0.3396,-0.2447,-0.0235,0.419
0.820678,-0.1039,0.1841,0.3377,0.398
0.825327,-0.0919,0.1815,0.2919,0.356
0.830770,0.0755,-0.1128,0.3230,0.350
0.835131,0.1229,-0.2965,0.3400,0.468
0.840764,0.2106,-0.3359,0.1795,0.435
0.845533,0.1675,-0.1835,-0.2010,0.320
0.850003,0.1246,-0.1165,-0.6017,0.625
0.854937,0.0445,-0.2063,-0.8313,0.858
0.860048,0.0323,-0.3187,-0.9426,0.996
0.865272,-0.1283,-0.3581,-1.0510,1.118
0.870495,-0.0501,-0.6497,-0.9939,1.188
0.874866,2.8590,-4.0661,-0.2440,4.977
0.879869,3.2278,-4.2092,-0.3948,5.319
0.885229,0.2518,-1.5267,-0.7126,1.704
0.890048,-0.6630,-0.4377,0.2862,0.844
0.900096,-1.5449,0.4040,0.6547,1.726
0.900536,-2.8179,1.2090,0.4899,3.105
0.904886,-3.3203,1.4703,0.4487,3.659
0.910095,-3.8788,1.8779,0.1136,4.311
0.915022,-3.9053,1.6909,-0.2105,4.261
0.920400,-1.9058,-0.2307,-0.2866,1.941
0.924872,-0.4797,-1.2199,0.1077,1.315
0.929919,-0.9171,-0.8104,0.2785,1.255
0.934699,-1.4244,-0.5216,-0.2057,1.531
0.939807,-1.2375,-0.5256,-0.3429,1.388
0.945567,-0.9773,-0.6975,-0.2623,1.229
0.949739,-0.7915,-0.9170,-0.2520,1.237
0.954716,-0.5570,-0.9592,-0.1407,1.118
0.960244,-0.4046,-0.7619,0.0222,0.863
0.964670,-0.4168,-0.5173,0.1418,0.679
0.970714,-0.3876,-0.3113,0.1078,0.509
0.974716,-0.1920,-0.2442,0.0112,0.311
0.979705,0.0177,-0.2294,-0.1580,0.279
0.984558,0.1993,-0.2091,-0.3523,0.456
0.992145,0.3394,-0.1831,-0.4005,0.556
0.999882,0.4470,-0.1611,-0.3548,0.593
1.000193,0.4693,-0.1003,-0.2299,0.532
1.004506,0.4539,-0.0056,-0.0828,0.461
1.009702,0.4578,0.0415,0.0962,0.470
1.014449,0.4810,0.0793,0.2930,0.569
1.020097,0.4663,0.0838,0.5555,0.730
1.024342,0.3994,0.1220,0.7168,0.830
1.029449,0.2417,0.1553,0.7724,0.824
1.034322,0.1069,0.1216,0.7513,0.769
1.039464,-0.0728,0.0689,0.7156,0.723
1.044419,-0.3404,0.0594,0.8137,0.884
1.049752,-0.4133,0.1502,0.9688,1.064
1.054427,-0.2881,0.2885,1.0093,1.089
1.059731,-0.2536,0.4454,1.0068,1.130
1.064575,0.0294,0.2149,0.7310,0.763
1.069486,-0.3733,0.0661,0.6526,0.755
1.074362,-0.7271,0.1179,0.8628,1.134
1.081409,-0.7448,0.2172,1.0599,1.314
1.085789,-0.6302,0.2295,1.3024,1.465
1.090130,-0.2442,-0.2372,1.5574,1.594
1.094266,0.8454,-1.3782,1.9362,2.522
1.099325,1.1684,-0.7876,2.2917,2.690
1.104095,0.3731,0.3021,2.6966,2.739
1.109405,-1.1044,1.1868,3.0471,3.451
1.114056,-1.3868,1.3497,2.9215,3.504
1.119053,-0.6170,1.0654,2.9841,3.228
1.124020,0.1650,0.5798,2.7771,2.842
1.129289,0.0311,0.3530,2.1408,2.170
1.134006,-0.3531,0.3660,1.3040,1.400
1.139680,-0.4514,0.3465,0.5600,0.798
1.143809,-0.4333,0.2897,0.1200,0.535
1.149447,-0.4223,0.2873,-0.0961,0.520
1.153823,0.1760,0.1239,-0.2617,0.339
1.159149,-0.5723,0.3829,0.1511,0.705
1.163832,-1.5583,0.5658,0.9290,1.900
1.169317,-1.9067,0.5439,1.2581,2.348
1.174335,-0.8865,0.9627,1.3719,1.896
1.182603,0.2132,1.0611,1.3850,1.758
1.183671,0.5731,0.7008,1.5622,1.806
1.193514,0.7312,0.3323,1.7554,1.930
1.193927,1.0748,0.4002,1.9506,2.263
1.199207,1.4328,0.7032,1.9400,2.512
1.203691,1.5603,0.9682,1.6749,2.485
1.208644,1.5454,1.0570,1.3726,2.322
1.213613,1.5553,1.0179,1.0412,2.131
1.218567,1.7097,0.9853,0.5206,2.041
1.224203,1.9027,0.9784,-0.0194,2.140
1.228698,1.9807,1.0401,-0.4779,2.288
1.233606,2.0193,1.1367,-0.8812,2.479
1.238556,2.3923,1.1339,-1.2769,2.939
1.243572,2.8510,1.1462,-1.7049,3.514
1.248629,3.2956,1.2257,-2.1613,4.127
1.253727,3.6884,1.1757,-2.5848,4.655
1.258607,4.0253,1.1251,-2.8912,5.082
1.263385,4.2694,1.1166,-2.9585,5.313
1.268419,4.4743,1.2167,-3.0132,5.530
1.273462,4.7271,1.3676,-3.2795,5.914
1.280894,4.7887,1.5021,-3.7048,6.238
1.283753,4.5298,1.3858,-4.1417,6.292
1.293349,4.1350,1.1867,-4.5103,6.233
1.293945,3.8919,0.9719,-4.7295,6.202
1.298360,3.4774,0.7658,-4.9147,6.069
1.303568,2.8955,0.5398,-4.8546,5.678
1.308673,2.3702,0.4237,-4.3610,4.982
1.313295,2.0019,0.3076,-3.5564,4.093
1.318362,1.6734,0.1397,-2.6000,3.095
1.323524,1.3250,-0.1085,-1.7586,2.205
1.328563,1.0455,-0.4077,-1.2722,1.696
1.333202,0.8297,-0.5758,-0.7270,1.244
1.338253,0.5433,-1.0147,-0.5808,1.289
1.343118,0.4677,-1.1214,-0.3309,1.259
1.348154,0.3132,-1.0066,-0.1303,1.062
1.353558,0.2165,-1.0103,-0.2056,1.053
1.358171,0.2136,-1.1420,-0.4746,1.255
1.363224,0.3432,-1.3585,-0.6081,1.528
1.368105,0.5144,-1.4781,-0.5542,1.660
1.373339,0.5695,-1.4291,-0.6193,1.658
1.380737,0.5645,-1.3938,-0.8217,1.714
1.383017,0.5171,-1.5250,-1.0436,1.919
1.388858,0.3058,-1.6983,-1.2993,2.160
1.393176,-0.0887,-1.6985,-1.5322,2.289
1.397998,-0.3841,-1.6455,-1.4413,2.221
1.403525,-0.7144,-1.8455,-1.6915,2.603
1.408011,-1.0042,-2.1069,-2.2095,3.214
1.412944,-1.2611,-2.2189,-2.4655,3.549
1.418145,-1.6354,-2.2540,-2.4889,3.735
1.422978,-2.0035,-2.4179,-2.4618,3.990
1.428345,-2.2221,-2.6198,-2.3453,4.159
1.432741,-2.3821,-2.7256,-2.2151,4.244
1.437882,-2.5563,-2.8935,-2.1369,4.413
1.443089,-2.7576,-3.1377,-2.0300,4.644
1.448029,-2.9439,-3.3483,-1.8690,4.834
1.453695,-3.1062,-3.4681,-1.6393,4.936
1.457895,-3.3646,-3.5693,-1.4695,5.121
1.462702,-3.5948,-3.7141,-1.4118,5.358
1.467687,-3.9029,-3.8264,-1.3843,5.638
1.472886,-4.2316,-3.9109,-1.3924,5.928
1.480960,-4.5775,-4.0160,-1.7623,6.339
1.482762,-4.8168,-4.1034,-1.9529,6.622
1.491558,-5.0506,-4.1305,-2.0024,6.825
1.492567,-5.3800,-4.0543,-1.9298,7.008
1.497751,-5.8442,-4.0713,-1.8301,7.354
1.503221,-6.3447,-4.1196,-1.7370,7.762
1.507768,-6.2837,-4.3377,-1.8369,7.853
1.512606,-7.3247,-4.4866,-1.7785,8.772
1.518059,-9.5526,-4.4046,-1.4257,10.615
1.522664,-11.0904,-4.7379,-0.8199,12.088
1.528468,-11.3507,-5.2745,-0.2802,12.519
1.532327,-11.0373,-6.0183,0.1458,12.572
1.537603,-11.7246,-6.5178,0.7983,13.438
1.542380,-12.2064,-7.3499,1.3765,14.315
1.547639,-12.2237,-8.5163,2.0390,15.037
1.552514,-12.1626,-9.4961,2.6913,15.664
1.557542,-12.1446,-10.3715,3.0587,16.261
1.562285,-12.1245,-11.3337,3.0215,16.870
1.567613,-11.7420,-12.3246,2.4979,17.205
1.572346,-10.9699,-13.2432,1.3630,17.250
1.580798,-9.9047,-13.4542,-0.5125,16.715
1.582317,-7.9109,-13.0003,-3.4071,15.595
1.589216,-4.9259,-12.1692,-7.3863,15.064
1.592209,-1.0108,-10.7825,-11.5928,15.864
1.597582,3.4220,-8.5001,-15.4366,17.951
1.602268,8.8205,-5.4867,-19.0204,21.672
1.607535,14.9510,-2.1815,-21.8607,26.574
1.612168,21.4934,0.8260,-22.6491,31.235
1.617323,28.2224,3.0594,-22.0884,35.969
1.623470,33.2555,4.8595,-20.3797,39.305
1.627420,35.7911,6.5678,-17.8146,40.515
1.634454,35.4914,7.9675,-15.1778,39.414
1.639862,32.7838,8.3688,-12.6044,36.107
1.641991,28.6341,7.7511,-9.9922,31.302
1.647082,24.1396,6.5416,-7.2485,26.039
1.652136,19.8282,5.3366,-4.7035,21.066
1.657217,15.9044,4.2057,-2.3186,16.614
1.661917,12.2799,3.2137,-0.2326,12.696
1.666965,9.2818,2.4129,1.1303,9.657
1.671899,7.3380,1.7805,1.8635,7.777
1.677150,6.1362,1.0744,1.8800,6.507
1.682040,4.8283,0.3341,1.4276,5.046
1.689882,2.7918,-0.3474,0.5015,2.858
1.691849,0.5164,-1.0610,-0.6592,1.352
1.696718,-1.6482,-1.9832,-1.6763,3.076
1.701856,-3.6305,-3.0179,-2.2048,5.211
1.706886,-5.8325,-4.3658,-2.3067,7.642
1.711684,-8.7613,-5.6456,-1.7697,10.572
1.716904,-12.1252,-6.3851,-0.5540,13.715
1.721749,-15.8888,-6.4639,0.7413,17.169
1.726672,-20.0373,-6.7051,1.8756,21.212
1.733183,-23.8414,-7.4045,2.9498,25.138
1.741395,-25.9170,-8.3498,3.9113,27.508
1.741982,-27.3831,-9.0362,5.3141,29.321
1.749708,-29.5083,-9.0447,7.0462,31.657
1.751506,-29.9325,-10.0778,8.0606,32.596
1.756926,-28.4973,-12.0289,7.9268,31.932
1.761657,-26.6249,-13.6657,6.3023,30.584
1.766531,-24.4246,-15.1581,3.9145,29.011
1.771464,-21.1256,-16.8764,1.1375,27.063
1.776631,-17.3046,-18.1778,-1.9129,25.170
1.781666,-13.6492,-18.6048,-5.0526,23.621
1.788706,-10.0869,-18.3395,-8.0415,22.422
1.791370,-6.3265,-17.2609,-10.8800,21.362
1.796427,-2.1372,-15.0539,-14.0205,20.682
1.801625,2.7020,-12.2290,-17.6822,21.668
1.806725,8.0183,-9.2859,-21.3288,24.606
1.814779,13.4901,-6.5354,-23.4903,27.866
1.816460,19.2282,-4.2186,-23.4749,30.636
1.824105,23.8851,-1.4579,-21.5320,32.191
1.826493,26.8999,1.7890,-18.7507,32.839
1.832022,28.6870,4.2780,-16.3190,33.280
1.836643,28.9949,5.4814,-13.9963,32.660
1.841509,27.6672,6.1006,-11.4041,30.541
1.848366,25.2083,6.9049,-8.4397,27.466
1.851484,22.8919,7.6861,-5.3168,24.726
1.857827,21.0971,7.9400,-2.6758,22.700
1.863478,19.5151,7.5117,-0.7714,20.925
1.866197,18.0852,6.7709,0.6575,19.322
1.871483,16.5680,6.2945,1.9410,17.829
1.876709,14.8927,6.0172,2.9121,16.324
1.881481,13.1315,5.6864,3.5180,14.736
1.887296,11.2336,5.1902,3.5214,12.866
1.891105,9.2369,4.5891,3.0234,10.748
1.902509,7.3339,3.7516,2.2390,8.537
1.903042,5.5082,2.7127,1.3460,6.286
1.906115,3.6230,1.6698,0.5797,4.031
1.911285,1.6994,0.6814,-0.0354,1.831
1.916155,0.0034,-0.3088,-0.5533,0.634
1.921408,-1.3323,-1.2444,-1.0118,2.085
1.926035,-2.3432,-2.1343,-1.5665,3.536
1.931511,-3.3538,-3.0841,-2.0932,5.014
1.936434,-4.3916,-3.9887,-2.3910,6.396
1.941109,-5.5180,-4.7057,-2.3453,7.622
1.945875,-6.4914,-5.1743,-2.0076,8.541
1.950899,-7.1430,-5.4634,-1.5235,9.121
1.956064,-7.6083,-5.7568,-1.1128,9.606
1.961531,-8.0045,-6.0515,-0.8237,10.068
1.965980,-8.1365,-6.2008,-0.4315,10.239
1.970801,-7.9904,-6.1013,0.0257,10.054
1.975764,-7.6243,-6.0034,0.4949,9.717
1.981445,-6.9526,-5.8742,0.9041,9.147
1.990346,-6.4827,-5.5420,1.0618,8.595
1.990834,-6.0839,-5.2419,0.8661,8.077
1.995585,-5.4523,-4.9257,0.5012,7.365
2.000629,-4.6046,-4.6983,-0.1261,6.580
2.005689,-3.8930,-4.4297,-0.8606,5.960
2.011477,-3.4203,-4.1006,-1.5796,5.569
2.015934,-2.9984,-3.8255,-2.2240,5.345
2.020499,-2.5926,-3.6039,-2.6186,5.154
2.025694,-2.1536,-3.3399,-2.7691,4.844
2.031101,-1.6607,-3.1146,-2.7095,4.450
2.035479,-1.2419,-2.9087,-2.5398,4.056
2.041070,-0.9488,-2.7174,-2.3262,3.701
2.045631,-0.8241,-2.5644,-2.0823,3.405
2.050544,-0.7671,-2.4404,-1.7071,3.075
2.056060,-0.8211,-2.2687,-1.3240,2.752
2.060401,-0.9288,-2.1071,-0.9850,2.505
2.065719,-1.0332,-1.9030,-0.6605,2.264
2.070305,-1.1872,-1.7857,-0.4553,2.192
2.075583,-1.2860,-1.7648,-0.1869,2.192
2.080453,-1.3252,-1.6777,0.0735,2.139
2.085460,-1.2616,-1.4669,0.2643,1.953
2.090428,-1.0089,-1.2523,0.4241,1.663
2.098954,-0.6715,-1.0575,0.4377,1.327
2.101067,-0.4168,-0.8633,0.2526,0.991
2.105289,-0.2055,-0.6502,0.0306,0.683
2.110153,-0.0324,-0.4709,-0.1766,0.504
2.115237,0.0938,-0.2628,-0.3457,0.444
2.120136,0.1687,-0.0212,-0.4918,0.520
2.125300,0.1497,0.1776,-0.6154,0.658
2.130769,0.1614,0.3286,-0.7405,0.826
2.135155,0.1609,0.3747,-0.8388,0.933
2.140064,0.1338,0.3925,-0.8575,0.953
2.145546,0.0943,0.4108,-0.8641,0.961
2.150157,0.0471,0.4726,-0.9064,1.023
2.155189,0.0348,0.4150,-0.9940,1.078
2.161318,-0.0196,0.2192,-0.9741,0.999
2.165261,-0.1406,0.0238,-0.8851,0.896
2.170048,-0.3584,-0.0661,-0.8225,0.900
2.175192,-0.7554,-0.2422,-0.7529,1.094
2.180019,-1.3806,-0.4713,-0.7427,1.637
2.185068,-1.9435,-0.7295,-0.7058,2.193
2.190141,-2.3259,-0.9549,-0.5419,2.572
2.198795,-2.6352,-1.1669,-0.3654,2.905
2.199857,-3.1786,-1.4663,-0.1850,3.505
2.205018,-3.8662,-1.8194,-0.0333,4.273
2.209827,-4.6377,-2.2219,0.2349,5.148
2.214923,-5.5620,-2.7600,0.5879,6.237
2.220324,-6.6719,-3.4483,0.8924,7.563
2.225205,-7.6914,-4.3771,0.9251,8.898
2.230011,-9.5334,-4.9914,1.4508,10.858
2.234846,-11.3451,-5.8511,2.1529,12.945
2.239767,-13.2270,-6.9839,3.0416,15.264
2.244742,-14.4951,-8.4353,3.6915,17.172
2.251272,-16.1676,-9.7436,3.9888,19.294
2.260837,-18.9630,-10.7421,4.2244,22.200
2.266729,-20.6174,-12.7172,3.5872,24.488
2.267564,-21.7518,-15.0232,2.0537,26.515
2.270329,-21.8181,-17.2014,-0.1009,27.784
2.274817,-20.7201,-19.3532,-2.7340,28.484
2.281557,-18.8183,-21.2178,-5.8183,28.951
2.284748,-16.3569,-22.4108,-9.1966,29.230
2.289636,-13.1076,-22.9142,-12.3222,29.133
2.295615,-9.2352,-22.7822,-14.8404,28.715
2.299685,-4.7630,-21.9467,-16.7703,28.028
2.305094,0.2326,-20.4209,-17.7696,27.071
2.309611,5.2439,-17.9788,-18.0428,26.005
2.314682,11.1046,-13.8100,-18.8644,25.882
2.319398,17.1884,-10.4626,-20.1104,28.449
2.324494,23.3167,-6.6027,-22.4210,33.015
2.331002,29.9854,-2.8392,-23.6374,38.287
2.334659,35.6216,1.3394,-23.4908,42.691
2.340242,39.3261,5.0263,-22.4081,45.540
2.346351,40.5815,7.4250,-20.7123,46.163
2.349419,39.8157,8.2865,-18.5625,44.705
2.354411,37.4112,8.3900,-16.2495,41.642
2.359353,33.8404,8.0613,-13.8719,37.451
2.364419,29.3928,7.4646,-11.0189,32.266
2.375865,24.9635,6.8964,-8.1558,27.152
2.376379,21.1506,6.3417,-5.8572,22.844
2.382047,17.8329,5.5785,-4.3001,19.174
2.384287,14.5549,4.5110,-3.2959,15.590
2.389163,11.3354,3.4030,-2.3552,12.067
2.395259,8.5960,2.3684,-1.2508,9.004
2.399723,6.0460,1.3050,0.0494,6.185
2.404121,3.3936,0.4271,1.6219,3.785
2.409301,1.0908,-0.0961,3.1704,3.354
2.414208,-0.8377,-0.5839,4.4006,4.517
2.419515,-2.6970,-1.1233,5.1607,5.930
2.424125,-4.5499,-1.7583,4.8963,6.911
2.428880,-5.6488,-2.4016,4.0049,7.329
2.433790,-6.3609,-2.3036,3.7528,7.736
2.438908,-7.1703,-2.5010,3.8036,8.493
2.444155,-7.5176,-3.3667,3.0506,8.784
2.449219,-7.5333,-4.0212,1.7106,8.709
2.454059,-7.6587,-4.1789,0.4213,8.735
2.459452,-7.5833,-4.3530,-0.8504,8.785
2.463858,-7.1419,-4.6590,-2.2078,8.808
2.469572,-6.5182,-5.0454,-3.3019,8.880
2.474030,-6.1404,-5.5073,-4.1441,9.231
2.478927,-6.1038,-5.7531,-4.6362,9.584
2.483846,-6.2076,-5.7691,-4.8897,9.784
2.488700,-6.1602,-5.7856,-4.8768,9.757
2.500755,-6.0104,-5.7263,-4.6682,9.524
2.501210,-5.8809,-5.4963,-4.2503,9.103
2.503636,-5.4898,-5.2159,-3.7074,8.431
2.508718,-4.9559,-4.9336,-3.1867,7.685
2.513934,-4.3833,-4.6882,-2.6386,6.939
2.519478,-3.8379,-4.3799,-2.0670,6.179
2.523717,-3.3669,-3.9948,-1.6188,5.469
2.528623,-3.0597,-3.6385,-1.3287,4.936
2.533693,-2.8346,-3.2298,-1.1291,4.443
2.538483,-2.6003,-2.8264,-1.0253,3.975
2.544417,-2.4137,-2.3227,-1.0092,3.498
2.548676,-2.1544,-1.8577,-1.1106,3.054
2.553577,-1.7645,-1.4742,-1.2879,2.635
2.558506,-1.4059,-1.1334,-1.3904,2.279
2.563577,-1.0062,-0.9213,-1.3801,1.941
2.569386,-0.6031,-0.9095,-1.1479,1.584
2.573732,-0.2101,-0.9254,-0.7324,1.199
2.578398,-0.0564,-0.7587,-0.1759,0.781
2.583449,0.1362,-0.7448,0.3986,0.856
2.588537,0.4828,-0.7877,0.8418,1.250
2.596659,0.6920,-0.7681,1.4474,1.779
2.598406,0.8742,-0.6672,1.9722,2.258
2.603294,0.9715,-0.5856,2.2637,2.532
2.608274,0.9434,-0.8486,2.4081,2.722
2.613688,0.6863,-0.6618,1.9763,2.194
2.618365,0.4823,0.3367,1.9092,1.998
2.623461,0.4984,0.8822,2.2844,2.499
2.628220,0.4110,0.8371,2.5549,2.720
2.633173,0.3423,0.6378,2.3035,2.415
2.638084,0.3255,0.6388,1.7216,1.865
2.643222,0.2894,0.8447,1.2254,1.516
2.648165,0.1869,1.0689,0.8658,1.388
2.653228,0.0315,1.1827,0.5172,1.291
2.658330,-0.1251,1.1483,0.1929,1.171
2.663126,-0.1584,1.0426,0.0069,1.055
2.667914,-0.1589,0.9519,-0.1132,0.972
2.673455,-0.0450,0.8043,-0.1574,0.821
2.680197,0.1077,0.7244,-0.0353,0.733
2.683116,0.1617,0.5878,-0.0776,0.615
2.688889,0.2977,0.5472,0.3250,0.703
2.693007,0.3070,0.6543,1.0838,1.303
2.697925,0.3855,0.6504,1.4478,1.633
2.702997,0.4913,0.4018,1.5079,1.636
2.707908,0.5267,0.3532,1.4184,1.554
2.713015,0.5783,0.2793,1.4483,1.584
2.717867,0.5254,0.1802,1.3774,1.485
2.723282,0.2758,0.0993,1.2335,1.268
2.727860,0.0028,-0.0873,0.7610,0.766
2.732839,-0.1416,-0.1302,0.3665,0.414
2.737955,-0.3326,-0.0399,0.5970,0.685
2.742785,-0.4561,0.0545,0.6047,0.759
2.747842,-0.5065,0.0620,0.5951,0.784
2.752715,-0.5694,-0.1079,0.5486,0.798
2.757673,-0.6445,-0.2066,0.4710,0.825
2.762724,-0.7988,-0.1384,0.5058,0.956
2.767675,-0.4913,-0.2433,0.6004,0.813
2.773036,-0.1910,-0.4395,0.4955,0.689
2.780892,-0.1889,-0.4251,0.3677,0.593
2.782760,-0.1633,-0.3583,0.2312,0.457
2.790517,-0.0856,-0.2774,0.1815,0.342
2.792617,0.0159,-0.2635,0.1845,0.322
2.797542,0.0840,-0.2449,0.1494,0.299
2.802577,0.1335,-0.2167,0.0856,0.269
2.807501,0.1693,-0.2074,-0.0217,0.269
2.812508,0.2683,-0.1693,-0.1439,0.348
2.817710,0.3112,-0.1211,-0.2866,0.440
2.822639,0.2930,-0.0772,-0.4549,0.547
2.827555,0.2474,-0.0661,-0.5725,0.627
2.832400,0.1308,-0.0304,-0.6734,0.687
2.837354,0.0339,0.0634,-0.6952,0.699
2.842439,-0.1059,0.1961,-0.5900,0.631
2.847393,0.0226,0.0565,-0.5061,0.510
2.852468,0.1127,-0.0871,-0.5200,0.539
2.857442,0.0931,-0.1199,-0.3873,0.416
2.863179,-0.0175,-0.0950,-0.1888,0.212
2.867776,-0.0181,-0.0175,0.0671,0.072
2.872441,0.0436,-0.0121,0.3761,0.379
2.878686,0.1196,-0.0454,0.5760,0.590
2.882521,0.1958,-0.1176,0.6578,0.696
2.888903,0.2100,-0.1614,0.6553,0.707
2.892412,0.1912,-0.1484,0.6066,0.653
2.898061,0.1390,-0.1166,0.5356,0.565
2.902180,0.1299,-0.0469,0.4608,0.481
2.907071,0.1113,0.0177,0.3150,0.335
2.912181,0.0783,-0.0230,0.0880,0.120
2.917235,0.0838,-0.0013,-0.1056,0.135
2.922334,0.0846,0.0446,-0.2568,0.274
2.927488,0.0712,0.0333,-0.4089,0.416
2.932253,0.0677,0.0704,-0.5051,0.514
2.936985,0.0118,0.2515,-0.5548,0.609
2.942079,0.0038,0.3274,-0.4669,0.570
2.947079,0.1824,0.1310,-0.6823,0.718
2.952422,0.2467,-0.0789,-0.7176,0.763
2.956900,0.3073,-0.1969,-0.6738,0.766
2.961951,0.2972,-0.0798,-0.6413,0.711
2.966887,0.2114,0.0327,-0.4712,0.518
2.972291,0.1019,0.0880,-0.3262,0.353
2.980513,0.0596,0.0525,-0.2442,0.257
2.982134,0.0508,-0.0594,-0.1820,0.198
2.989301,-0.0108,-0.1853,-0.1345,0.229
2.991874,-0.0823,-0.2298,-0.0437,0.248
2.996884,-0.1879,-0.2073,-0.0245,0.281
3.002637,-0.2418,-0.1706,-0.0289,0.297
3.006779,-0.2822,-0.1532,-0.0572,0.326
3.011733,-0.2232,-0.1597,-0.0805,0.286
3.016630,-0.1361,-0.1661,-0.1900,0.287
3.021871,-0.1212,-0.1678,-0.2946,0.360
3.027711,-0.1356,-0.1645,-0.3468,0.407
3.032304,-0.1313,-0.1899,-0.3417,0.412
3.036613,-0.0454,-0.2297,-0.1449,0.275
3.041752,0.0311,-0.2556,0.3836,0.462
3.046677,0.0163,-0.2391,0.8416,0.875
3.052655,-0.1767,-0.2469,0.8219,0.876
3.056693,-0.3036,-0.2790,0.7073,0.819
3.061643,-0.2876,-0.3066,0.7137,0.828
3.066531,-0.2001,-0.2674,0.6729,0.751
3.071666,-0.2092,-0.1995,0.4693,0.551
3.076484,-0.3052,-0.0979,0.1261,0.344
3.082160,-0.3828,-0.0725,-0.0983,0.402
3.087304,-0.3844,-0.0611,-0.1755,0.427
3.091950,-0.3434,-0.1020,-0.1771,0.400
3.097078,-0.2642,-0.1139,-0.1269,0.314
3.102029,-0.1612,-0.0633,-0.0824,0.192
3.106330,-0.0533,0.0018,-0.0768,0.094
3.111289,-0.0120,0.0909,-0.0717,0.116
3.116323,0.0917,-0.0638,-0.2061,0.234
3.121983,0.1484,-0.1989,-0.2550,0.356
3.126410,0.1674,-0.2189,-0.1990,0.340
3.132130,0.0477,-0.2292,-0.1241,0.265
3.136375,-0.0810,-0.1569,-0.1109,0.209
3.141587,-0.1998,-0.1755,-0.1453,0.303
3.146269,-0.2901,-0.2036,-0.1363,0.380
3.151367,-0.3523,-0.2696,-0.0699,0.449
3.156306,-0.3584,-0.2973,-0.0082,0.466
3.161375,-0.3468,-0.3155,0.0254,0.470
3.166268,-0.3032,-0.3625,0.1215,0.488
3.171300,-0.2563,-0.3335,0.1943,0.463
3.176180,-0.2012,-0.2956,0.2297,0.425
3.182154,-0.0949,-0.2442,0.2327,0.350
3.188765,0.0435,-0.1936,0.2795,0.343
3.191148,0.1381,-0.1247,0.3080,0.360
3.201608,0.1897,-0.0852,0.2323,0.312
3.201923,0.2320,0.0110,0.1290,0.266
3.206015,0.2414,0.0591,0.0119,0.249
3.210935,0.2565,0.1260,-0.0431,0.289
3.215871,0.2582,0.1405,-0.1371,0.324
3.221199,0.2562,0.1508,-0.2367,0.380
3.225919,0.2362,0.1902,-0.3088,0.433
3.231249,0.2365,0.1728,-0.3442,0.452
3.235747,0.2234,0.1421,-0.2862,0.390
3.241428,0.2018,0.1596,-0.2586,0.365
3.245794,0.1666,0.1253,-0.1850,0.279
3.250873,0.1462,0.0771,-0.0746,0.181
3.256013,0.1166,0.0389,0.0395,0.129
3.260786,0.1013,-0.0179,0.0911,0.137
3.265835,0.0428,-0.0364,0.1046,0.119
3.271124,-0.0347,-0.0550,0.0711,0.096
3.275770,-0.0554,-0.0593,0.0525,0.097
3.281070,-0.0481,-0.0732,0.0680,0.111
3.288069,-0.0748,-0.1014,-0.0065,0.126
3.290937,-0.0781,-0.0962,-0.1420,0.188
3.296795,-0.0486,-0.0768,-0.2287,0.246
3.301227,-0.0721,-0.0623,-0.2813,0.297
3.305694,-0.0912,-0.0858,-0.3718,0.392
3.310822,-0.0486,-0.0757,-0.4620,0.471
3.315703,-0.0066,-0.0702,-0.5472,0.552
3.320546,0.0256,-0.0408,-0.5895,0.591
3.325766,0.0670,-0.0304,-0.6128,0.617
3.331386,0.0795,-0.0105,-0.5745,0.580
3.335635,0.0775,-0.0383,-0.4556,0.464
3.340589,0.0564,-0.0755,-0.3706,0.382
3.345462,0.0254,-0.1174,-0.2379,0.267
3.350438,0.0038,-0.1310,-0.0575,0.143
3.355446,-0.0084,-0.2020,0.1325,0.242
3.361112,-0.0401,-0.2637,0.3943,0.476
3.365520,-0.1393,-0.2785,0.5473,0.630
3.370443,-0.2629,-0.3178,0.6684,0.785
3.375367,-0.3682,-0.3625,0.6961,0.867
3.380486,-0.4602,-0.3745,0.5974,0.842
3.388544,-0.4867,-0.3585,0.4825,0.773
3.390640,-0.5241,-0.3525,0.3078,0.703
3.395902,-0.5821,-0.3420,0.0782,0.680
3.400324,-0.6082,-0.3078,-0.1590,0.700
3.405731,-0.6308,-0.2498,-0.3947,0.785
3.410427,-0.5452,-0.2015,-0.4912,0.761
3.415225,-0.4664,-0.1771,-0.5401,0.735
3.420995,-0.4317,-0.1906,-0.4843,0.676
3.425572,-0.3699,-0.1897,-0.2579,0.489
3.430804,-0.3091,-0.1985,0.0575,0.372
3.435755,-0.2159,-0.2362,0.3339,0.462
3.440241,-0.1094,-0.2695,0.6146,0.680
3.445224,0.0299,-0.2843,0.8809,0.926
3.450202,0.1737,-0.2473,0.9902,1.035
3.455068,0.2506,-0.1876,1.0623,1.108
3.460533,0.2951,-0.1194,1.1069,1.152
3.465278,0.4407,-0.0520,0.9948,1.089
3.470073,0.4967,0.0624,0.8075,0.950
3.475102,0.6450,0.0953,0.5450,0.850
3.480909,0.8138,0.1758,0.3498,0.903
3.488610,0.9125,0.3179,0.2499,0.998
3.490298,0.9417,0.4688,0.1016,1.057
3.497505,0.8826,0.5762,-0.1328,1.062
3.500027,0.8305,0.6073,-0.2626,1.062
3.505253,0.8374,0.6149,-0.3595,1.099
3.510584,0.8316,0.6179,-0.3996,1.110
3.514970,0.8511,0.5876,-0.2733,1.070
3.519827,0.6094,0.4717,0.0190,0.771
3.524842,0.3121,0.4132,0.2632,0.581
3.530287,0.1300,0.2880,0.4362,0.539
3.535839,0.0002,0.1774,0.4677,0.500
3.540567,-0.1781,0.1050,0.3918,0.443
3.544714,-0.2190,0.1042,0.2943,0.381
3.549744,-0.3517,0.0697,0.1420,0.386
3.554761,-0.3805,0.0068,0.1063,0.395
3.560745,-0.3153,-0.0796,0.0577,0.330
3.564781,-0.2516,-0.1084,0.0389,0.277
3.569830,-0.1890,-0.1419,0.1254,0.268
3.574588,-0.2699,-0.1611,0.1933,0.369
3.579755,-0.2842,-0.1139,0.2190,0.376
3.585073,-0.2176,-0.0816,0.2977,0.378
3.589768,-0.0133,-0.0876,0.2195,0.237
3.597897,-0.1812,0.0490,-0.0389,0.192
3.600124,-0.3617,0.1090,-0.1442,0.404
3.604424,-0.0409,-0.0640,-0.1119,0.135
3.610425,0.0553,-0.1353,-0.1481,0.208
3.614531,-0.0479,-0.0439,-0.0907,0.112
3.619438,-0.1065,0.0044,0.0124,0.107
3.624341,-0.0832,0.0337,0.0658,0.111
3.629939,-0.0834,0.0440,0.1937,0.215
3.634464,-0.0594,0.0877,0.2916,0.310
3.639720,0.1507,0.1167,0.3220,0.374
3.644250,0.4263,0.1549,0.3760,0.589
3.649627,-0.5225,0.4350,0.4067,0.792
3.655843,-0.1526,0.1375,0.5382,0.576
3.660332,0.1197,-0.1055,0.3843,0.416
3.664386,-0.0519,-0.0142,0.3468,0.351
3.669709,-0.0558,0.0142,0.3869,0.391
3.674373,0.0450,0.0420,0.2425,0.250
3.679364,0.0885,0.0694,0.1426,0.182
3.684988,0.0510,0.0681,-0.0227,0.088
3.689916,0.0379,0.0290,-0.2109,0.216
3.702491,0.1728,0.0285,-0.3607,0.401
3.702988,0.1221,0.0096,-0.5588,0.572
3.704569,0.0537,-0.0082,-1.1150,1.116
3.709199,0.1443,-0.0201,-1.2948,1.303
3.714071,0.0722,-0.0167,-0.9038,0.907
3.719592,-0.0574,-0.0174,-0.5202,0.524
3.723894,-0.1154,-0.0607,-0.2101,0.247
3.729194,-0.0395,-0.1183,-0.0393,0.131
3.733905,-0.0018,-0.1473,0.0839,0.170
3.738933,-0.0023,-0.1525,0.1073,0.186
3.744273,-0.0794,-0.1292,0.0357,0.156
3.748935,-0.1085,-0.1443,-0.0260,0.182
3.754314,-0.1184,-0.1498,-0.1307,0.231
3.758952,-0.2237,-0.1409,-0.2832,0.387
3.764766,-0.5162,-0.2519,-0.1952,0.607
3.769137,0.0099,-0.2003,-0.2165,0.295
