0.000928,0.2590,0.3299,-0.8836,0.978
0.005853,0.3495,0.3985,-0.9569,1.094
0.010904,0.5166,0.3817,-0.9140,1.117
0.015837,0.6649,0.2802,-0.9610,1.202
0.020771,0.7329,0.1374,-1.1353,1.358
0.025893,0.7837,0.3909,-0.8255,1.204
0.030735,0.9082,0.4620,-0.4429,1.111
0.035994,1.0059,0.3280,-0.1155,1.064
0.040862,1.0141,0.2470,0.1244,1.051
0.045730,0.9484,0.2379,0.3295,1.032
0.050694,0.8514,0.2667,0.4341,0.992
0.055650,0.7469,0.2998,0.4871,0.941
0.060617,0.5823,0.3085,0.4410,0.793
0.065639,0.4382,0.3361,0.4867,0.736
0.070545,0.2895,0.3109,0.5335,0.682
0.075619,0.1607,0.2761,0.5143,0.605
0.081501,0.0273,0.2937,0.5679,0.640
0.086206,-0.0539,0.2777,0.6321,0.692
0.090921,-0.0639,0.2563,0.6529,0.704
0.095813,-0.0843,0.2395,0.6416,0.690
0.101008,-0.0917,0.1609,0.6172,0.644
0.106018,-0.0566,0.1684,0.5748,0.602
0.110963,-0.0414,0.1566,0.5572,0.580
0.116284,-0.0362,0.1259,0.4880,0.505
0.120751,-0.0647,0.1239,0.4528,0.474
0.125986,-0.0885,0.1219,0.4132,0.440
0.130914,-0.0797,0.1249,0.3689,0.397
0.136038,-0.0660,0.0803,0.3534,0.368
0.141312,-0.0573,0.1026,0.3712,0.389
0.145676,-0.0775,0.1201,0.3888,0.414
0.150852,-0.1550,0.1469,0.3967,0.451
0.155672,-0.1850,0.1308,0.3904,0.451
0.161038,-0.2015,0.1053,0.4033,0.463
0.166302,-0.2373,0.0705,0.4352,0.501
0.170600,-0.2832,0.0359,0.4104,0.500
0.182487,-0.2629,0.0252,0.4290,0.504
0.182787,-0.2385,-0.0330,0.4621,0.521
0.188931,-0.1865,-0.0623,0.4765,0.515
0.190680,-0.2306,-0.1437,0.4867,0.557
0.195389,-0.2986,-0.1487,0.4357,0.549
0.200669,-0.3526,-0.1726,0.3571,0.531
0.205530,-0.3786,-0.2344,0.2648,0.518
0.210451,-0.4003,-0.2861,0.1872,0.526
0.215896,-0.4273,-0.3419,0.0813,0.553
0.220406,-0.4514,-0.3745,0.0328,0.587
0.225408,-0.5332,-0.3973,0.0315,0.666
0.230229,-0.6298,-0.4578,0.0152,0.779
0.235626,-0.6889,-0.5274,-0.0113,0.868
0.240710,-0.7156,-0.5774,0.0569,0.921
0.245258,-0.6861,-0.6318,0.1241,0.941
0.250506,-0.6148,-0.7192,0.1479,0.958
0.255219,-0.5212,-0.7538,0.2242,0.943
0.260321,-0.4335,-0.7740,0.3243,0.945
0.265999,-0.3947,-0.7848,0.4057,0.968
0.270308,-0.4139,-0.7815,0.4303,0.983
0.275100,-0.4386,-0.8070,0.4224,1.011
0.280731,-0.4591,-0.7945,0.4058,1.003
0.285527,-0.4472,-0.8442,0.4092,1.039
0.290738,-0.4888,-0.8843,0.3657,1.075
0.295145,-0.5312,-0.8767,0.3136,1.072
0.300105,-0.5410,-0.8979,0.2432,1.076
0.305248,-0.5373,-0.8952,0.1687,1.058
0.311561,-0.5961,-0.9068,0.0946,1.089
0.315325,-0.6270,-0.9041,0.0068,1.100
0.320140,-0.7155,-0.8632,-0.1092,1.127
0.324994,-0.7663,-0.8226,-0.1722,1.137
0.329905,-0.8751,-0.7344,-0.2207,1.163
0.335096,-0.9846,-0.7085,-0.2689,1.242
0.340813,-1.0901,-0.6684,-0.2838,1.310
0.345042,-1.1639,-0.6619,-0.2694,1.366
0.349933,-1.2921,-0.6412,-0.1543,1.451
0.355023,-1.4082,-0.5970,-0.0478,1.530
0.359896,-1.5032,-0.5294,0.0601,1.595
0.365672,-1.5108,-0.5006,0.1605,1.600
0.369818,-1.4351,-0.4295,0.2440,1.518
0.374735,-1.3020,-0.4404,0.3505,1.418
0.379788,-1.1584,-0.3899,0.4226,1.293
0.384870,-1.0949,-0.3450,0.4417,1.230
0.390467,-1.0492,-0.2626,0.4509,1.172
0.394742,-1.0833,-0.1381,0.4885,1.196
0.399695,-0.9859,-0.0287,0.5247,1.117
0.404697,-0.8455,0.0658,0.4800,0.974
0.409668,-0.7515,0.2124,0.3388,0.851
0.415400,-0.6411,0.3825,0.1727,0.766
0.419588,-0.4661,0.4951,0.0146,0.680
0.424720,-0.2262,0.6268,-0.0597,0.669
0.429467,-0.0534,0.7873,-0.1094,0.797
0.434991,0.0740,1.0145,-0.1754,1.032
0.443484,0.3109,1.2462,-0.2398,1.307
0.444654,0.5904,1.4299,-0.1978,1.560
0.449495,1.0469,1.5036,-0.1262,1.837
0.454489,1.5326,1.5727,0.0040,2.196
0.459463,2.0019,1.7514,0.2017,2.667
0.464545,2.4156,1.9339,0.4030,3.121
0.469571,2.7282,2.0677,0.5209,3.463
0.474438,2.8929,2.2053,0.5653,3.681
0.479642,3.0487,2.3182,0.4348,3.855
0.484452,3.3295,2.4256,0.2243,4.125
0.489488,3.6167,2.5324,-0.0069,4.415
0.494351,3.8238,2.5763,-0.2427,4.617
0.499242,3.9133,2.6436,-0.5486,4.754
0.504546,3.9904,2.7246,-0.8832,4.912
0.509403,4.0450,2.7621,-1.2960,5.067
0.514309,4.0487,2.8087,-1.7021,5.213
0.519389,4.0442,2.7544,-1.9168,5.255
0.524786,4.0567,2.7330,-2.0059,5.287
0.529350,4.0145,2.6392,-1.9652,5.191
0.534728,3.8223,2.5353,-1.8416,4.943
0.539612,3.6619,2.4595,-1.6963,4.726
0.544492,3.5332,2.3306,-1.6004,4.525
0.549147,3.4058,2.1302,-1.5290,4.298
0.554177,3.2774,1.8867,-1.4672,4.056
0.559793,3.1801,1.6770,-1.3142,3.828
0.564315,3.1138,1.5250,-1.2035,3.670
0.569053,3.0491,1.3162,-1.2448,3.547
0.574188,2.9860,1.0748,-1.3666,3.455
0.579284,2.9175,0.7966,-1.4010,3.333
0.583917,2.8713,0.4815,-1.3252,3.199
0.588899,2.8409,0.2541,-1.1431,3.073
0.594007,2.7401,0.0617,-0.9019,2.885
0.599372,2.5067,-0.1482,-0.7340,2.616
0.604017,2.1215,-0.3895,-0.5139,2.217
0.608967,1.7298,-0.5950,-0.3308,1.859
0.613865,1.2734,-0.7650,-0.2524,1.507
0.618887,0.8685,-0.9757,-0.2535,1.331
0.623822,0.5618,-1.1743,-0.3146,1.339
0.628815,0.3574,-1.3466,-0.4020,1.450
0.633862,0.1210,-1.5116,-0.5202,1.603
0.638729,-0.0790,-1.7125,-0.6690,1.840
0.643841,-0.3234,-1.9108,-0.7924,2.094
0.648759,-0.5436,-2.1065,-0.9092,2.358
0.653765,-0.6682,-2.1898,-0.9961,2.497
0.659200,-0.7311,-2.2949,-1.1727,2.679
0.663886,-0.7037,-2.4932,-1.4728,2.980
0.668804,-0.5507,-2.7512,-1.8538,3.363
0.674286,0.5128,-3.5117,-2.7106,4.466
0.678542,-0.4940,-3.2217,-3.2292,4.588
0.683645,-2.4638,-2.5586,-2.4247,4.301
0.688663,-2.4677,-2.7746,-2.3974,4.420
0.693599,-2.3128,-3.1745,-2.8730,4.866
0.701367,-2.9386,-3.4435,-3.0133,5.438
0.703657,-3.6598,-3.8915,-2.9831,6.119
0.713193,-4.3700,-4.2561,-3.0593,6.824
0.713657,-5.2285,-4.4380,-3.1031,7.527
0.718869,-6.1176,-4.5962,-2.9615,8.205
0.723770,-6.8289,-4.9225,-2.7736,8.863
0.728621,-7.4281,-5.2696,-2.5241,9.451
0.733504,-8.0961,-5.5660,-2.2330,10.075
0.738371,-8.9947,-5.7849,-1.9798,10.876
0.743572,-10.0018,-6.0664,-1.7158,11.823
0.748688,-10.8810,-6.2779,-1.5547,12.658
0.753565,-11.7829,-6.5160,-1.2856,13.526
0.758399,-12.5995,-6.9054,-0.9124,14.397
0.763720,-13.5185,-7.3329,-0.3101,15.382
0.768650,-14.6333,-7.8275,0.3615,16.599
0.774221,-15.6785,-8.3268,0.8191,17.771
0.778818,-16.3070,-8.7536,0.9620,18.533
0.783218,-16.4582,-9.3543,0.7567,18.946
0.788315,-16.2412,-10.5205,0.1398,19.351
0.793393,-15.5659,-12.0198,-0.5010,19.673
0.798705,-14.3957,-13.6591,-1.0164,19.871
0.803242,-12.9122,-15.0270,-1.3418,19.858
0.808214,-11.2131,-15.8424,-1.6181,19.476
0.813181,-9.4522,-16.0738,-1.7622,18.730
0.819422,-7.6758,-15.7910,-2.0114,17.673
0.828512,-6.1086,-15.2030,-2.6392,16.595
0.829237,-4.8323,-14.5085,-3.4507,15.677
0.833068,-3.6075,-13.6441,-4.4360,14.794
0.838891,-1.5661,-12.6195,-5.9855,14.055
0.843283,1.1735,-11.4559,-8.1443,14.105
0.848703,4.7927,-9.9702,-10.7130,15.399
0.853001,9.2949,-8.1807,-13.3661,18.220
0.858039,14.6003,-6.2727,-15.6376,22.295
0.863012,19.9972,-3.8183,-17.2110,26.659
0.868944,24.4251,-0.4659,-17.8713,30.269
0.879547,28.9203,2.4077,-17.0177,33.642
0.880413,32.6492,4.8094,-16.2288,36.776
0.882911,35.5023,6.2457,-15.0862,39.077
0.887854,36.7193,7.4603,-14.0473,40.016
0.893091,36.2380,8.6160,-12.4798,39.283
0.898613,34.2300,9.5827,-10.6148,37.097
0.902897,31.6439,9.8648,-8.3851,34.190
0.910132,28.8600,9.4058,-6.1740,30.976
0.912908,25.7556,8.5305,-4.3818,27.483
0.920853,22.6970,7.4106,-3.0402,24.069
0.927253,19.8878,6.1522,-1.8372,20.899
0.928819,17.2095,4.9039,-0.5963,17.904
0.932810,14.6921,3.5696,0.5282,15.129
0.937683,12.3275,2.3133,1.3517,12.615
0.942655,10.2151,1.2136,1.7398,10.433
0.949762,8.6108,0.0073,1.8858,8.815
0.952847,7.3403,-1.1706,1.7206,7.630
0.958094,6.1914,-2.3239,1.3520,6.750
0.962502,4.7896,-3.2369,0.6915,5.822
0.967549,3.1082,-3.9890,-0.3805,5.071
0.973701,1.2318,-4.7786,-1.7356,5.231
0.977595,-0.6663,-5.5556,-3.1406,6.417
0.982478,-2.4760,-6.2480,-4.5007,8.089
0.987680,-4.5847,-6.9420,-6.0086,10.262
0.992687,-6.9825,-7.6570,-7.5088,12.797
0.997680,-9.5595,-8.4081,-8.8101,15.482
1.002521,-11.8089,-9.1301,-9.6323,17.765
1.007331,-13.8374,-9.7915,-9.7022,19.532
1.012453,-15.8367,-10.4430,-8.9772,20.987
1.018373,-18.0087,-11.0116,-7.5280,22.411
1.022477,-20.5000,-11.3969,-5.3959,24.068
1.028706,-23.0235,-11.6427,-2.9135,25.964
1.032597,-25.2039,-11.8675,-0.7743,27.869
1.037261,-26.8149,-12.1760,0.9505,29.465
1.042408,-27.6220,-12.8091,2.5041,30.550
1.047447,-27.8379,-13.6662,3.5756,31.217
1.052546,-27.9082,-14.6025,4.1374,31.768
1.057296,-27.6271,-15.6809,4.1314,32.035
1.062412,-26.6252,-17.0548,3.5315,31.816
1.067119,-24.9824,-18.6394,2.3019,31.255
1.072765,-22.9285,-19.9055,0.8278,30.375
1.077769,-20.6399,-20.5885,-0.5841,29.159
1.082294,-18.5456,-20.5923,-2.3123,27.809
1.087111,-16.4131,-20.4197,-4.3658,26.560
1.093257,-13.9656,-20.2809,-6.5917,25.491
1.097199,-11.2080,-20.0869,-8.6216,24.565
1.103872,-7.7941,-19.5556,-10.3607,23.463
1.112578,-3.6041,-18.4078,-12.0165,22.276
1.113583,1.3750,-16.6215,-13.7687,21.627
1.119735,7.0844,-14.3592,-15.7470,22.458
1.122086,12.9797,-11.5744,-17.5415,24.701
1.127034,18.7348,-8.3366,-18.6188,27.697
1.131910,23.8646,-4.8785,-19.0252,30.908
1.137516,28.0125,-1.2394,-18.7900,33.754
1.143320,30.9751,2.2572,-18.0268,35.910
1.146962,31.6276,5.7969,-16.9343,36.341
1.152321,32.7797,7.4936,-14.5958,36.657
1.157978,35.8959,6.3808,-13.9115,39.023
1.161873,35.8827,5.9151,-12.5146,38.460
1.166771,32.8719,7.1423,-10.1738,35.144
1.171784,29.3066,8.4221,-7.8051,31.476
1.176906,26.3018,8.2427,-6.0189,28.213
1.183276,23.3070,7.0780,-4.7652,24.820
1.186654,20.0241,6.0223,-3.7819,21.249
1.191788,16.8718,5.2814,-2.8106,17.901
1.197150,13.8617,4.7583,-1.9285,14.782
1.201767,11.2259,4.2074,-1.1510,12.044
1.206550,9.1120,3.5570,-0.5343,9.796
1.211606,7.4648,2.8423,-0.1592,7.989
1.216854,6.1268,2.1000,0.0508,6.477
1.221927,4.9626,1.3788,0.0440,5.151
1.227191,3.8417,0.6789,-0.0695,3.902
1.233692,2.7574,-0.0418,-0.3134,2.775
1.236753,1.6377,-0.6854,-0.6284,1.883
1.241949,0.6786,-1.2937,-0.9871,1.763
1.246471,-0.1783,-1.8594,-1.4219,2.348
1.252006,-1.0259,-2.4540,-1.7806,3.201
1.256977,-1.8085,-3.0198,-1.9872,4.042
1.261541,-2.5619,-3.4848,-1.9992,4.765
1.266432,-3.2248,-3.8527,-1.7858,5.332
1.271537,-3.8158,-4.1262,-1.5414,5.828
1.276687,-4.1729,-4.2854,-1.2582,6.112
1.281699,-4.3738,-4.3790,-1.0069,6.271
1.286334,-4.5198,-4.4460,-0.7913,6.389
1.291432,-4.6212,-4.5254,-0.5965,6.495
1.296582,-4.6906,-4.5219,-0.5020,6.535
1.301354,-4.6564,-4.4897,-0.3098,6.476
1.306656,-4.5933,-4.4054,-0.2483,6.369
1.311263,-4.5829,-4.2888,-0.3415,6.286
1.316329,-4.5966,-4.1836,-0.3505,6.225
1.321324,-4.5384,-4.0233,-0.2709,6.071
1.326376,-4.4861,-3.8229,-0.1408,5.896
1.331744,-4.3217,-3.5449,0.0578,5.590
1.336289,-4.0510,-3.2566,0.2202,5.202
1.341168,-3.7786,-2.9824,0.2984,4.823
1.346149,-3.5465,-2.6985,0.2826,4.465
1.351378,-3.3209,-2.4099,0.2390,4.110
1.360316,-3.1406,-2.1933,0.1188,3.832
1.361668,-2.9120,-2.1202,-0.0934,3.603
1.366024,-2.6120,-2.0182,-0.1929,3.307
1.371359,-2.2929,-1.9019,-0.2381,2.989
1.376177,-2.0351,-1.7379,-0.2199,2.685
1.381724,-1.8240,-1.5597,-0.1484,2.405
1.385987,-1.5834,-1.4296,-0.0526,2.134
1.390952,-1.3690,-1.3379,0.0100,1.914
1.396169,-1.2626,-1.2511,0.0870,1.780
1.401204,-1.1781,-1.1693,0.2262,1.675
1.406681,-1.1106,-1.1067,0.3463,1.606
1.411029,-1.0984,-1.0060,0.3947,1.541
1.415845,-1.0174,-0.9200,0.4479,1.443
1.421002,-0.8713,-0.8485,0.5829,1.349
1.425924,-0.7321,-0.7294,0.6032,1.197
1.431857,-0.5274,-0.6058,0.7099,1.072
1.435947,-0.1799,-0.5207,0.8888,1.046
1.440765,0.2441,-0.4117,0.9773,1.088
1.445775,0.6303,-0.2311,0.9519,1.165
1.450728,0.8274,-0.0935,0.8174,1.167
1.456713,0.9456,-0.0418,0.7459,1.205
1.460814,0.9901,0.0246,0.6555,1.188
1.465613,0.9850,0.0961,0.5506,1.133
1.470715,1.0261,0.1395,0.4982,1.149
1.475740,1.0939,0.0638,0.4789,1.196
1.484991,1.1133,-0.0396,0.4932,1.218
1.485933,1.0644,-0.1754,0.5798,1.225
1.494250,0.8177,-0.3245,0.6145,1.073
1.495725,0.7603,-0.4486,0.7603,1.165
1.500443,0.7098,-0.5718,0.8260,1.230
1.505554,0.5346,-0.6990,0.6731,1.108
1.510653,0.4534,-0.8203,0.4174,1.026
1.515491,0.3684,-0.9168,0.0726,0.991
1.520756,0.1978,-1.0603,-0.3810,1.144
1.527112,-0.0247,-1.2650,-0.9681,1.593
1.530513,-0.2706,-1.4017,-1.4887,2.063
1.535420,-0.5113,-1.5232,-1.9102,2.496
1.540683,-0.7082,-1.6152,-2.2574,2.865
1.545523,-0.8417,-1.7013,-2.4586,3.106
1.550492,-1.1122,-1.7721,-2.6002,3.337
1.555421,-1.5535,-1.8132,-2.7920,3.674
1.560711,-2.0418,-1.9015,-2.9763,4.080
1.565863,-2.6458,-2.1186,-3.2731,4.712
1.570548,-3.3218,-2.3063,-3.7115,5.489
1.575301,-4.1442,-2.4703,-4.1676,6.375
1.580338,-5.1055,-2.6879,-4.5421,7.343
1.585251,-5.9782,-2.9790,-4.7308,8.185
1.593006,-6.9848,-3.3727,-4.7060,9.072
1.595387,-8.2232,-3.7744,-4.3572,10.043
1.600319,-9.4945,-4.1034,-3.8142,11.024
1.605155,-10.6584,-4.4901,-3.2386,12.010
1.610731,-11.7513,-4.8681,-2.6536,12.994
1.615194,-12.8147,-5.2623,-1.9042,13.983
1.620289,-14.1679,-5.7784,-0.9975,15.333
1.625229,-15.4882,-6.4452,-0.1693,16.777
1.630268,-16.4144,-7.3254,0.3679,17.979
1.635704,-17.2307,-8.3266,0.7106,19.150
1.640194,-17.9109,-9.3800,1.0316,20.245
1.645076,-18.1552,-10.6790,1.4799,21.115
1.650048,-18.0690,-12.0568,1.8415,21.800
1.655030,-17.7704,-13.4508,1.8873,22.367
1.660278,-17.0543,-14.8376,1.5496,22.658
1.669250,-17.0207,-15.3975,1.2600,22.986
1.669933,-15.8819,-16.4117,0.3668,22.841
1.674703,-14.1364,-17.8108,-1.2208,22.772
1.679972,-12.4586,-18.8712,-3.1509,22.831
1.684882,-10.5942,-19.5717,-5.1941,22.853
1.691567,-8.1970,-20.1042,-7.2391,22.886
1.694855,-5.4875,-20.3362,-9.2388,23.001
1.703869,-2.3937,-19.8403,-11.2728,22.944
1.705026,1.6381,-18.5665,-13.2889,22.891
1.709735,6.8765,-16.6984,-15.2942,23.665
1.720881,12.9170,-14.3449,-17.2942,25.917
1.721226,19.4396,-11.5582,-18.6803,29.333
1.726188,25.9386,-7.9187,-19.5144,33.412
1.729640,31.6207,-3.5767,-19.8664,37.514
1.734620,35.9030,0.5216,-19.9097,41.057
1.739916,38.2995,3.5944,-19.4794,43.119
1.744732,38.5826,5.7131,-18.1849,43.034
1.750164,37.9034,6.7308,-15.9767,41.680
1.754902,36.7094,7.1035,-13.3995,39.719
1.759591,34.5368,7.3658,-10.4766,36.835
1.766204,31.8053,7.1523,-8.0990,33.591
1.769645,28.4394,6.1992,-6.6036,29.847
1.774283,24.6974,4.9043,-5.7797,25.834
1.779541,20.9811,3.6956,-5.1695,21.922
1.784637,17.3160,2.8538,-4.4989,18.117
1.795052,14.0299,2.2257,-3.8317,14.713
1.795662,11.0819,1.4897,-3.4234,11.694
1.799416,8.5413,0.7353,-3.3666,9.210
1.804353,6.2555,0.0246,-3.4542,7.146
1.809490,4.1321,-0.5833,-3.6426,5.539
1.816120,2.0765,-1.1659,-3.7961,4.481
1.819392,0.1343,-1.7120,-3.8594,4.224
1.824607,-1.7887,-2.1055,-3.7726,4.676
1.829349,-3.5000,-2.3646,-3.5143,5.495
1.834375,-5.1221,-2.4540,-3.2052,6.522
1.839660,-6.9954,-2.3805,-3.0105,7.979
1.844322,-8.9943,-2.4346,-2.8216,9.736
1.849128,-10.2958,-2.7987,-2.5379,10.967
1.854032,-10.8659,-3.1821,-2.0598,11.508
1.859410,-11.0621,-3.3377,-1.4749,11.648
1.864931,-10.9452,-3.4444,-0.8792,11.508
1.869140,-10.4217,-3.6961,-0.3050,11.062
1.874146,-9.6271,-3.9979,0.1132,10.425
1.878947,-8.8473,-4.2701,0.3651,9.831
1.883943,-8.0234,-4.3703,0.5305,9.152
1.889662,-7.2254,-4.3333,0.5888,8.446
1.894011,-6.3374,-4.1648,0.5675,7.605
1.898892,-5.3651,-4.0618,0.4157,6.742
1.904215,-4.4793,-3.9672,0.0893,5.984
1.909243,-3.7350,-3.8526,-0.2943,5.374
1.917031,-3.0346,-3.6800,-0.6174,4.810
1.919310,-2.5007,-3.4925,-1.0011,4.411
1.925956,-2.0986,-3.3286,-1.3026,4.145
1.928981,-1.7646,-3.1403,-1.4566,3.885
1.933851,-1.4933,-2.9277,-1.4433,3.589
1.939855,-1.3320,-2.6764,-1.2573,3.243
1.943926,-1.2611,-2.3388,-0.9071,2.808
1.949001,-1.2570,-1.9821,-0.5872,2.419
1.953897,-1.2865,-1.6638,-0.2142,2.114
1.958850,-1.2298,-1.4507,0.0921,1.904
1.963854,-1.1117,-1.3093,0.2660,1.738
1.968964,-0.9806,-1.2444,0.3321,1.619
1.974387,-0.8369,-1.2367,0.3673,1.538
1.979217,-0.6374,-1.1810,0.3426,1.385
1.983738,-0.5215,-1.1442,0.3397,1.303
1.988840,-0.4311,-1.1695,0.3093,1.284
1.993809,-0.3663,-1.1609,0.2900,1.251
1.998636,-0.3031,-1.0995,0.2241,1.162
2.003579,-0.2076,-1.0332,0.1446,1.064
2.008796,-0.0364,-0.9954,0.0753,0.999
2.013654,0.1342,-0.8857,0.0449,0.897
2.018721,0.2809,-0.7950,0.0617,0.845
2.023550,0.3081,-0.6657,-0.0271,0.734
2.028679,0.2446,-0.5028,-0.0109,0.559
2.033588,0.1716,-0.3446,0.1292,0.406
2.039817,0.1508,-0.2341,0.3312,0.433
2.043547,0.1339,-0.1237,0.5149,0.546
2.048591,0.1113,0.0392,0.8042,0.813
2.053371,0.0683,0.1588,1.0951,1.109
2.059056,0.0381,0.1966,1.3547,1.369
2.063527,-0.0131,0.1621,1.5546,1.563
2.069134,-0.0613,0.1655,1.7384,1.747
2.073761,-0.0973,0.1586,1.8110,1.820
2.078372,-0.0346,0.0891,1.7957,1.798
2.083331,0.0215,0.0046,1.6831,1.683
2.088469,0.0382,-0.1184,1.5444,1.549
2.093458,0.0443,-0.1938,1.4464,1.460
2.098903,0.0399,-0.2742,1.3554,1.383
2.103353,0.0204,-0.3119,1.2666,1.305
2.108292,-0.0046,-0.3834,1.1841,1.245
2.113166,0.0081,-0.3976,1.1415,1.209
2.118236,0.0632,-0.3740,1.1054,1.169
2.123128,0.0940,-0.3411,1.0612,1.119
2.128702,0.1200,-0.2752,0.9274,0.975
2.133677,0.1269,-0.2479,0.8048,0.852
2.138373,0.1529,-0.2352,0.7308,0.783
2.143279,0.1740,-0.1173,0.7051,0.736
2.148426,0.1852,0.0002,0.6703,0.695
2.153210,0.2249,0.0839,0.6697,0.711
2.158814,0.2264,0.1481,0.6507,0.705
2.163311,0.2231,0.1690,0.6276,0.687
2.168341,0.2342,0.1850,0.5668,0.641
2.174974,0.1926,0.1674,0.4967,0.558
2.177995,0.1122,0.0780,0.5086,0.527
2.182970,0.0266,0.0364,0.5019,0.504
2.187922,-0.0742,0.0377,0.5249,0.531
2.193076,-0.1569,0.0195,0.5202,0.544
2.198057,-0.2074,0.0153,0.4882,0.531
2.202950,-0.2883,-0.0178,0.4862,0.566
2.207963,-0.3231,-0.0562,0.5049,0.602
2.212942,-0.3311,-0.0470,0.5204,0.619
2.218537,-0.2975,-0.0096,0.5087,0.589
2.223079,-0.2222,-0.0060,0.4359,0.489
2.227858,-0.1670,-0.0122,0.3928,0.427
2.232888,-0.0601,-0.0282,0.3699,0.376
2.237792,0.0749,-0.0109,0.3907,0.398
2.242930,0.2483,0.0015,0.4601,0.523
2.248433,0.4654,0.0566,0.4969,0.683
2.252747,0.5736,0.1018,0.5157,0.778
2.257684,0.5635,0.1370,0.4781,0.752
2.262582,0.5455,0.1528,0.4130,0.701
2.267880,0.5722,0.1442,0.5934,0.837
2.273414,0.6243,0.1641,0.7028,0.954
2.278780,0.5627,0.1837,0.5642,0.818
2.282581,0.4303,0.1936,0.4406,0.646
2.288537,0.2797,0.1747,0.2554,0.417
2.294278,0.1820,0.1799,0.1131,0.280
2.303863,0.1419,0.2236,-0.0058,0.265
2.304239,0.0873,0.2005,-0.1780,0.282
2.307554,0.1189,0.1394,-0.2646,0.322
2.312775,0.1364,0.1360,-0.2897,0.348
2.318172,0.1252,0.1279,-0.3390,0.383
2.322565,0.1860,0.1248,-0.3790,0.440
2.327664,0.1559,0.0739,-0.4527,0.484
2.332608,0.1115,0.0758,-0.5650,0.581
2.338114,0.0961,0.0636,-0.6061,0.617
2.342659,0.1527,0.0037,-0.6814,0.698
2.348217,0.1709,-0.0416,-0.6663,0.689
2.352562,0.2085,-0.0148,-0.6617,0.694
2.357375,0.3231,0.0123,-0.7876,0.851
2.362295,0.3758,0.0493,-0.8768,0.955
2.367551,0.3623,0.0293,-0.8482,0.923
2.373067,0.3495,0.0097,-0.7354,0.814
2.377206,0.3085,0.0384,-0.5525,0.634
2.382138,0.2823,-0.0811,-0.3420,0.451
2.387148,0.3143,-0.2147,-0.1800,0.421
2.392559,0.2509,-0.2141,-0.0662,0.336
2.400937,0.1210,-0.2710,0.1003,0.313
2.402111,0.1207,-0.2898,0.2963,0.432
2.408515,0.1014,-0.3376,0.4217,0.550
2.412167,0.0390,-0.3570,0.5054,0.620
2.417384,0.0052,-0.4150,0.4948,0.646
2.422939,-0.0237,-0.4827,0.3991,0.627
2.427140,-0.0766,-0.4164,0.2229,0.479
2.432305,-0.0866,-0.4174,0.1047,0.439
2.437040,-0.0968,-0.3369,-0.0230,0.351
2.442052,-0.1313,-0.2612,-0.1322,0.321
2.447014,-0.1373,-0.1949,-0.1851,0.302
2.452214,-0.0717,-0.0853,-0.2343,0.259
2.457570,0.0228,-0.0283,-0.2316,0.234
2.461996,0.1131,-0.0048,-0.1964,0.227
2.467336,0.1609,0.0524,-0.1714,0.241
2.471814,0.1759,0.0282,-0.0750,0.193
2.476902,0.1629,0.0711,-0.0077,0.178
2.481753,0.0785,0.0950,-0.1086,0.164
2.486889,-0.1913,0.1659,-0.3472,0.430
2.491740,-0.2548,0.1509,-0.2666,0.398
2.496941,-0.1089,0.1078,-0.2735,0.313
2.501810,-0.1401,0.1131,-0.3392,0.384
2.509717,-0.2282,0.0476,-0.3447,0.416
2.511764,-0.2302,0.0685,-0.3377,0.414
2.519549,-0.2516,0.0706,-0.2704,0.376
2.521764,-0.2971,0.0776,-0.1806,0.356
2.526763,-0.2617,0.0372,-0.0730,0.274
2.531583,-0.2506,0.0018,0.0386,0.254
2.537013,-0.2160,-0.0618,0.1260,0.258
2.541575,-0.2533,-0.0776,0.1562,0.308
2.546609,-0.2575,-0.0744,0.1921,0.330
2.552444,-0.2953,-0.0954,0.1815,0.359
2.556692,-0.3478,-0.0356,0.0863,0.360
2.561816,-0.3389,-0.0429,0.0638,0.348
2.566661,-0.2162,-0.1454,-0.0293,0.262
2.571482,-0.1324,-0.1852,-0.1214,0.258
2.576905,-0.1297,-0.1393,-0.1509,0.243
2.581394,-0.0602,-0.1080,-0.0942,0.155
2.586587,0.0567,-0.1294,0.0291,0.144
2.591434,0.0351,-0.0796,0.1188,0.147
2.596450,-0.0292,-0.0160,0.1326,0.137
2.601665,-0.0073,-0.0624,0.1512,0.164
2.608536,0.0380,-0.0800,0.1701,0.192
2.611350,0.0019,-0.0642,0.2223,0.231
2.616419,-0.1486,-0.0297,0.2460,0.289
2.621150,-0.1466,0.0234,0.2465,0.288
2.626332,-0.1213,-0.0238,0.3186,0.342
2.631306,-0.0587,-0.0281,0.3528,0.359
2.636881,-0.0540,-0.0088,0.3828,0.387
2.641323,-0.0642,0.0245,0.3418,0.349
2.646511,-0.0651,0.1049,0.2731,0.300
2.651306,-0.0427,0.0990,0.1245,0.165
2.656405,-0.0208,0.0838,-0.0231,0.089
2.661272,-0.0040,0.1019,-0.0984,0.142
2.666248,0.0268,0.1152,-0.1447,0.187
2.671136,0.0861,0.1759,-0.1478,0.245
2.676213,0.1262,0.1886,-0.1415,0.267
2.682030,0.1806,0.1537,-0.1828,0.299
2.686370,0.1876,0.1048,-0.1428,0.258
2.691063,0.1856,0.0942,-0.1409,0.251
2.696171,0.1460,0.0551,-0.0958,0.183
2.701314,0.1452,-0.0027,-0.0413,0.151
2.706575,0.1064,-0.0128,0.0183,0.109
2.711334,0.0156,-0.0324,0.0590,0.069
2.716154,0.0062,-0.0900,0.1951,0.215
2.721015,0.0156,-0.0666,0.2118,0.223
2.726141,-0.0419,-0.0623,0.1859,0.200
2.733842,-0.0660,-0.0914,0.1412,0.181
2.736294,-0.0856,-0.1108,0.1969,0.242
2.742554,-0.1150,-0.0731,0.2000,0.242
2.745833,-0.0732,-0.0119,0.1937,0.207
2.750958,-0.0319,0.0868,0.1493,0.176
2.756317,0.0568,0.1420,0.0571,0.163
2.760782,0.1215,0.1400,0.0221,0.187
2.765749,0.1100,0.0859,0.0389,0.145
2.770650,0.0993,0.0989,0.0786,0.161
2.776203,0.1037,0.1309,0.1081,0.199
2.781327,0.1228,0.0631,0.1081,0.175
2.785731,0.1136,0.0197,0.1457,0.186
2.790658,0.0571,0.0576,0.1443,0.166
2.795609,0.0249,0.0715,0.1331,0.153
2.800739,-0.0738,0.0093,0.0884,0.115
2.806412,-0.1243,-0.0333,0.0724,0.148
2.810754,-0.1273,-0.0186,0.0616,0.143
2.815613,-0.1496,-0.0373,0.0894,0.178
2.820855,-0.1817,-0.1227,0.1223,0.251
2.825730,-0.1759,-0.1553,0.1227,0.265
2.831430,-0.1184,-0.0120,0.1382,0.182
2.835754,-0.0950,0.0064,0.1448,0.173
2.840638,-0.0482,-0.0041,0.0901,0.102
2.845845,-0.0448,0.0235,0.1122,0.123
2.850453,-0.0655,-0.0205,0.1345,0.151
2.856177,-0.0818,-0.0072,0.1570,0.177
2.860615,-0.1221,0.0296,0.1607,0.204
2.865711,-0.0959,0.0376,0.1455,0.178
2.870737,-0.0941,0.0502,0.1448,0.180
2.875718,-0.1118,0.0770,0.1110,0.175
2.880506,-0.0727,0.0560,0.0301,0.097
2.885624,-0.0342,0.0874,0.0020,0.094
2.893917,-0.0580,0.0758,-0.0209,0.098
2.895465,-0.1009,0.0168,-0.0197,0.104
2.900202,-0.0724,-0.0038,-0.0375,0.082
2.906451,-0.0444,-0.0765,0.0023,0.088
2.910581,-0.0215,-0.0108,-0.0960,0.099
2.915265,0.0013,-0.0360,-0.1697,0.173
2.920241,0.0478,-0.1180,-0.1904,0.229
2.925226,0.0278,-0.1613,-0.1823,0.245
2.930206,0.0318,-0.1378,-0.1027,0.175
2.935310,0.0218,-0.1806,-0.6098,0.636
2.939991,0.0317,-0.1696,-2.0535,2.061
2.945107,0.0985,-0.0817,-1.7127,1.717
2.950058,0.0980,-0.0988,-0.3638,0.389
2.955103,0.2453,-0.1825,0.2576,0.400
2.960046,0.4304,-0.2563,0.3240,0.597
2.964970,0.4251,-0.2775,0.2671,0.574
2.969998,0.3207,-0.2606,0.2586,0.487
2.975187,0.1986,-0.1964,0.3267,0.430
2.979978,0.1203,-0.0760,0.4192,0.443
2.985335,0.1426,-0.0567,0.4740,0.498
2.990125,0.1792,-0.0853,0.5106,0.548
2.995134,0.1396,-0.0332,0.5289,0.548
2.999932,0.0955,0.0610,0.4864,0.499
3.004860,0.0227,0.0592,0.4784,0.483
3.010132,-0.0454,-0.0901,0.5760,0.585
3.018876,-0.1424,-0.0672,0.4594,0.486
3.019771,-0.2107,-0.0016,0.0484,0.216
3.024825,-0.1648,0.0783,-0.3755,0.417
3.029707,-0.0622,0.1580,-0.6367,0.659
