0.002100,0.0715,0.1459,-0.8108,0.827
0.002327,0.2219,0.1255,-0.8412,0.879
0.006976,0.3388,0.1534,-0.8117,0.893
0.011985,0.3417,0.0960,-0.6800,0.767
0.018423,0.2835,0.0396,-0.5654,0.634
0.022111,0.3074,-0.0255,-0.4672,0.560
0.026925,0.4127,-0.1467,-0.4475,0.626
0.031959,0.4231,-0.3040,-0.8108,0.964
0.039085,0.2251,-0.0606,-0.5978,0.642
0.042796,0.1622,0.0811,-0.1968,0.268
0.047206,0.2426,0.0314,0.0966,0.263
0.051875,0.3225,-0.1036,0.2839,0.442
0.056834,0.3642,-0.1714,0.3805,0.554
0.061974,0.3254,-0.1201,0.4345,0.556
0.068228,0.3063,-0.0509,0.5277,0.612
0.072030,0.2257,-0.0256,0.5886,0.631
0.076902,0.2120,-0.0202,0.7128,0.744
0.081941,0.2507,-0.0344,0.7667,0.807
0.086742,0.2508,-0.0255,0.7747,0.815
0.091770,0.2512,-0.0315,0.7750,0.815
0.096822,0.2516,-0.0521,0.7338,0.778
0.101597,0.2139,-0.0398,0.7037,0.737
0.106640,0.1765,-0.0325,0.6416,0.666
0.111490,0.1060,-0.0446,0.5616,0.573
0.116696,0.0834,-0.0279,0.4726,0.481
0.122233,0.0564,-0.0257,0.3558,0.361
0.131098,0.0249,-0.0138,0.2634,0.265
0.131580,-0.0490,0.0124,0.1854,0.192
0.136653,-0.0748,0.0054,0.1027,0.127
0.141624,-0.1099,0.0319,0.0150,0.115
0.147134,-0.1117,0.0349,-0.0254,0.120
0.151553,-0.0991,0.0286,-0.0519,0.115
0.156464,-0.0961,0.0320,-0.0883,0.134
0.161903,-0.0930,0.0450,-0.0393,0.111
0.166456,-0.0947,0.0438,-0.0432,0.113
0.171445,-0.0917,0.0474,-0.0521,0.116
0.176409,-0.1078,0.0558,-0.0706,0.140
0.181203,-0.1283,0.0784,-0.1176,0.191
0.186419,-0.1152,0.0678,-0.1696,0.216
0.190977,-0.1354,0.1002,-0.1931,0.256
0.196339,-0.1506,0.0897,-0.1981,0.265
0.201056,-0.1749,0.0843,-0.1989,0.278
0.206313,-0.1754,0.0934,-0.2335,0.307
0.211251,-0.1945,0.0552,-0.2306,0.307
0.216427,-0.2227,0.0792,-0.2332,0.332
0.221255,-0.2121,0.1222,-0.2460,0.347
0.230352,-0.2250,0.1366,-0.2307,0.350
0.231169,-0.2422,0.1462,-0.1970,0.345
0.236222,-0.2542,0.1559,-0.1783,0.347
0.241079,-0.2700,0.1513,-0.1080,0.328
0.246159,-0.2520,0.1564,-0.0859,0.309
0.251039,-0.2479,0.1329,-0.0261,0.282
0.256053,-0.2625,0.1428,0.0426,0.302
0.261067,-0.2720,0.1146,0.1302,0.323
0.266109,-0.2722,0.0911,0.2415,0.375
0.271005,-0.2720,0.1007,0.3528,0.457
0.276277,-0.2862,0.0530,0.4168,0.508
0.280992,-0.2575,0.0385,0.4386,0.510
0.286029,-0.2529,0.0000,0.5137,0.573
0.290844,-0.2628,-0.0718,0.5467,0.611
0.295952,-0.2733,-0.1102,0.5761,0.647
0.301198,-0.2935,-0.1251,0.6117,0.690
0.305954,-0.3424,-0.1402,0.5867,0.694
0.310693,-0.3488,-0.1462,0.5205,0.643
0.315774,-0.3416,-0.1335,0.4370,0.571
0.321168,-0.3925,-0.2066,0.3552,0.568
0.331018,-0.3822,-0.2127,0.2270,0.493
0.331865,-0.3679,-0.2285,0.1338,0.453
0.336013,-0.3689,-0.2632,0.0704,0.459
0.340931,-0.3897,-0.2596,0.0315,0.469
0.345941,-0.4018,-0.2798,0.0168,0.490
0.350610,-0.3578,-0.2856,-0.0116,0.458
0.355630,-0.3724,-0.3009,-0.0253,0.479
0.360542,-0.3927,-0.3305,0.0046,0.513
0.365813,-0.3998,-0.3600,0.0588,0.541
0.370454,-0.4178,-0.3610,0.0754,0.557
0.376034,-0.4375,-0.3621,0.1071,0.578
0.380557,-0.4445,-0.3920,0.1869,0.621
0.385507,-0.4342,-0.4217,0.2098,0.641
0.390378,-0.4404,-0.4183,0.2579,0.660
0.395710,-0.4579,-0.4247,0.2737,0.682
0.401228,-0.4440,-0.4693,0.3191,0.721
0.405600,-0.4322,-0.4236,0.3084,0.679
0.410393,-0.4508,-0.4687,0.3228,0.726
0.415379,-0.4659,-0.4659,0.3281,0.736
0.420393,-0.4023,-0.4682,0.3255,0.698
0.428470,-0.3359,-0.4610,0.3237,0.656
0.430469,-0.2521,-0.4348,0.2653,0.568
0.436760,-0.1413,-0.4467,0.2026,0.510
0.440220,-0.0890,-0.4915,0.1212,0.514
0.445386,-0.0084,-0.5021,0.1008,0.512
0.451017,0.0325,-0.5218,0.0661,0.527
0.455378,0.0681,-0.5030,0.0832,0.514
0.460176,0.0460,-0.4935,0.1136,0.509
0.465436,0.0472,-0.4980,0.1574,0.524
0.470104,0.0238,-0.4785,0.2675,0.549
0.476024,-0.0190,-0.4494,0.3814,0.590
0.480074,-0.0688,-0.4350,0.5055,0.670
0.485163,-0.1157,-0.4398,0.6780,0.816
0.490101,-0.1458,-0.4070,0.8138,0.922
0.495079,-0.1928,-0.3843,0.9805,1.071
0.500953,-0.2856,-0.3814,1.0740,1.175
0.505102,-0.3706,-0.3647,1.1423,1.255
0.509982,-0.3697,-0.2920,1.2260,1.313
0.515089,-0.3971,-0.2062,1.2677,1.344
0.520076,-0.4382,-0.1549,1.2771,1.359
0.525188,-0.4313,-0.1183,1.1876,1.269
0.530204,-0.4146,-0.0724,1.0853,1.164
0.537977,-0.3524,0.0069,0.9487,1.012
0.540001,-0.2533,0.0956,0.8147,0.858
0.544794,-0.0435,0.2461,0.7184,0.761
0.550098,0.2869,0.4155,0.5777,0.767
0.554954,0.6856,0.5798,0.4398,1.000
0.559782,1.1253,0.7724,0.2702,1.391
0.564887,1.5231,0.8504,0.0800,1.746
0.570207,1.8475,0.8952,-0.1088,2.056
0.574871,2.0936,1.0362,-0.2044,2.345
0.579796,2.3050,1.2253,-0.1599,2.615
0.584827,2.5158,1.4144,-0.0955,2.888
0.589836,2.7459,1.5599,-0.0018,3.158
0.594956,2.9294,1.6524,0.1009,3.365
0.600231,2.9734,1.7445,0.3780,3.468
0.604776,3.1325,1.7594,0.7516,3.671
0.609875,3.3496,1.7593,0.8968,3.888
0.614751,3.5439,1.8059,1.0006,4.101
0.619706,3.8116,1.7748,1.1540,4.360
0.624929,4.1682,1.8185,1.1597,4.693
0.629754,4.5089,1.8696,1.0964,5.003
0.636965,4.8060,1.9136,1.0013,5.269
0.639634,5.0223,1.9788,0.9271,5.477
0.645545,5.1443,2.0031,0.8013,5.578
0.649419,5.1003,1.9867,0.5377,5.500
0.654468,4.9276,1.9591,0.1256,5.304
0.659506,4.7620,1.8531,-0.2288,5.115
0.664508,4.5399,1.7411,-0.5456,4.893
0.669859,4.2704,1.6475,-0.7679,4.641
0.674609,4.0297,1.5056,-0.8958,4.394
0.679704,3.7983,1.3684,-1.0868,4.181
0.684386,3.5211,1.1792,-1.1579,3.890
0.689210,3.2363,0.9040,-1.1856,3.563
0.694531,2.9893,0.5869,-1.0730,3.230
0.699797,2.6988,0.3286,-1.0299,2.907
0.704349,2.3260,0.0384,-1.0748,2.563
0.709278,1.9181,-0.0586,-1.0350,2.180
0.714304,1.4575,-0.2727,-1.2922,1.967
0.719289,1.1082,-0.7234,-1.4644,1.974
0.724225,0.8806,-1.1561,-1.5127,2.098
0.729925,0.5108,-1.3796,-1.6236,2.191
0.737000,0.1412,-1.5803,-1.8155,2.411
0.739226,-0.1292,-1.8298,-1.9970,2.712
0.747244,-0.4924,-2.0610,-2.1620,3.027
0.749169,-0.9420,-2.3169,-2.2585,3.370
0.754200,-1.3441,-2.5451,-2.1705,3.605
0.759121,-1.6956,-2.6646,-2.1652,3.829
0.764149,-2.0601,-2.7668,-2.2755,4.132
0.769028,-2.4816,-2.8903,-2.5106,4.562
0.774209,-2.8259,-3.1167,-2.7798,5.043
0.779179,-3.1014,-3.3166,-3.0365,5.463
0.784327,-3.3934,-3.4810,-3.3577,5.908
0.789595,-3.7259,-3.5578,-3.7251,6.357
0.794352,-4.0708,-3.6860,-4.1299,6.871
0.799445,-4.4048,-3.8469,-4.4346,7.339
0.804022,-4.7504,-4.0266,-4.5828,7.732
0.809431,-5.1613,-4.1677,-4.6667,8.111
0.813884,-5.5404,-4.3668,-4.5713,8.406
0.818873,-6.0422,-4.5003,-4.3108,8.680
0.824479,-6.6301,-4.5596,-3.8703,8.929
0.829675,-7.0952,-4.6415,-3.4114,9.139
0.837590,-7.6508,-4.7326,-2.9465,9.467
0.839011,-8.5429,-4.7813,-2.5080,10.106
0.845438,-9.5350,-4.9512,-2.2469,10.976
0.849109,-10.4099,-5.3381,-2.0712,11.881
0.853843,-11.3234,-5.7602,-1.8121,12.833
0.859477,-12.2401,-6.0407,-1.4195,13.723
0.863814,-13.0923,-6.2601,-1.1199,14.555
0.868704,-13.7696,-6.6913,-1.1946,15.356
0.873870,-14.2213,-7.5600,-1.5538,16.181
0.878569,-14.3992,-8.6565,-2.1355,16.936
0.884510,-14.3926,-9.5750,-2.8057,17.513
0.888565,-14.2081,-10.6841,-3.4024,18.100
0.893868,-13.6987,-11.8297,-4.0076,18.538
0.898975,-12.8160,-12.8784,-4.6440,18.753
0.903575,-11.6016,-13.8677,-5.1566,18.802
0.909500,-10.2473,-14.7024,-5.6701,18.797
0.913626,-8.6911,-15.2118,-6.1861,18.580
0.918475,-7.2209,-15.3415,-6.7471,18.249
0.923492,-5.7841,-15.0330,-7.8048,17.899
0.928681,-4.0939,-14.3111,-9.4529,17.633
0.937128,-1.6762,-13.4371,-11.3400,17.662
0.938545,1.5697,-12.0412,-13.0646,17.836
0.947446,6.2528,-9.6478,-14.7571,18.707
0.948326,12.1406,-6.9225,-16.3513,21.510
0.953585,18.5355,-4.1350,-17.6429,25.922
0.958319,25.0318,-0.9198,-18.6717,31.242
0.963417,30.2301,2.2588,-19.2190,35.893
0.970447,33.5789,5.1086,-19.1339,38.984
0.973403,35.7512,7.1797,-18.3623,40.827
0.979368,36.4010,8.0816,-17.3426,41.123
0.983187,34.6911,8.3124,-15.4262,38.866
0.988159,31.4453,8.2011,-12.6286,34.865
0.993227,27.8172,7.4242,-9.7791,30.406
0.998253,24.1879,6.1963,-7.2997,26.014
1.004237,20.7388,4.8784,-5.3125,21.957
1.008244,17.1518,3.5516,-3.9316,17.952
1.014912,13.7509,2.6002,-2.6530,14.244
1.018152,11.1161,2.0097,-1.4670,11.391
1.023019,9.5992,1.3809,-0.3839,9.706
1.028487,8.6278,0.5911,0.5054,8.663
1.033195,7.6894,-0.0246,1.0722,7.764
1.038636,6.6885,-0.4906,1.2490,6.822
1.046959,5.6563,-0.9430,0.9069,5.806
1.047931,4.5893,-1.4448,0.1356,4.813
1.052898,3.3412,-2.0977,-1.0430,4.081
1.058271,1.8370,-2.8336,-2.1888,4.024
1.063187,0.2640,-3.6608,-3.2836,4.925
1.067931,-1.4545,-4.5690,-4.3336,6.463
1.072969,-3.3227,-5.5328,-5.2980,8.350
1.077912,-5.2882,-6.3342,-6.0715,10.245
1.082961,-7.2602,-6.8208,-6.2250,11.747
1.088519,-8.5029,-7.5878,-6.3806,13.061
1.092901,-10.1418,-8.2455,-6.2159,14.474
1.098075,-12.3176,-8.6304,-5.5524,16.032
1.102801,-14.8325,-8.7482,-4.5946,17.823
1.108217,-17.4666,-8.7704,-3.6435,19.882
1.113571,-19.7541,-8.7501,-2.5844,21.759
1.118023,-21.5199,-8.7968,-1.4132,23.291
1.122760,-22.4195,-9.1335,-0.3737,24.211
1.127702,-22.9485,-9.6750,0.6516,24.913
1.132721,-23.3456,-10.5931,1.5221,25.682
1.140281,-23.5474,-11.8003,1.9961,26.414
1.150259,-23.3057,-13.1632,2.1033,26.849
1.150848,-22.3663,-14.5324,1.4184,26.711
1.152623,-21.3253,-15.4852,-0.0733,26.355
1.157491,-20.2078,-16.2586,-2.0642,26.018
1.162812,-17.8295,-17.5427,-4.6286,25.437
1.168119,-15.4337,-18.4604,-7.1399,25.099
1.172631,-13.4002,-18.5862,-9.5517,24.824
1.177609,-11.3370,-18.4828,-11.6710,24.624
1.182638,-9.0780,-18.2975,-13.3578,24.406
1.187611,-6.8118,-17.7971,-14.5481,23.975
1.192684,-4.0467,-17.0881,-15.0813,23.148
1.197499,-1.3727,-16.0741,-15.4043,22.306
1.202458,0.6820,-14.5191,-15.3781,21.160
1.208292,2.6997,-12.4969,-15.3659,19.989
1.212700,5.4845,-10.2074,-15.5328,19.379
1.222266,9.3640,-7.7952,-15.9267,20.053
1.222783,14.1631,-5.4051,-16.2709,22.239
1.227111,19.1283,-2.9502,-16.1938,25.236
1.232492,23.3904,-0.3012,-15.6751,28.159
1.238037,26.8481,2.4231,-14.8894,30.796
1.244640,29.5696,4.5911,-13.5442,32.846
1.247112,32.1145,5.4171,-12.2765,34.805
1.252216,32.5439,5.9870,-10.3875,34.682
1.257018,31.1052,6.7188,-7.5101,32.697
1.262219,28.6897,7.3684,-4.4951,29.960
1.267666,26.3505,7.2461,-2.1155,27.410
1.272115,23.8377,6.5998,-0.2011,24.735
1.276943,20.8668,6.0683,1.3214,21.771
1.282048,17.7536,5.8172,2.5233,18.852
1.287490,14.9102,5.6680,3.2793,16.285
1.293412,12.3667,5.3727,3.5030,13.931
1.296947,10.2067,5.0574,3.3839,11.883
1.301938,8.3937,4.6465,3.0230,10.059
1.306911,6.8105,4.1645,2.4147,8.340
1.312138,5.5190,3.6331,1.7422,6.833
1.317690,4.5568,2.9377,1.0453,5.522
1.322191,3.7242,2.1817,0.4029,4.335
1.326968,2.8914,1.4278,-0.0994,3.226
1.331980,2.1006,0.7052,-0.5432,2.281
1.337847,1.4512,-0.0572,-0.9766,1.750
1.347900,0.9468,-0.8711,-1.3928,1.896
1.348380,0.3018,-1.7106,-1.7401,2.459
1.351879,-0.5136,-2.5634,-2.1215,3.367
1.357052,-1.3532,-3.3141,-2.2400,4.223
1.362217,-2.0523,-3.7903,-2.1959,4.837
1.367556,-2.6000,-4.0689,-2.1367,5.280
1.371828,-3.0029,-4.3026,-2.0451,5.631
1.376700,-3.1978,-4.5990,-1.9864,5.943
1.381894,-3.3578,-4.8190,-1.8855,6.169
1.386723,-3.5413,-4.8633,-1.7937,6.278
1.392762,-3.6488,-4.7716,-1.6676,6.234
1.396720,-3.6669,-4.6406,-1.5833,6.123
1.401769,-3.7233,-4.4140,-1.4918,5.964
1.406584,-3.7212,-4.1696,-1.4486,5.773
1.411626,-3.6012,-3.9128,-1.4533,5.513
1.416911,-3.3441,-3.5966,-1.4926,5.133
1.421797,-2.9393,-3.3411,-1.4485,4.680
1.426564,-2.4242,-3.1991,-1.3746,4.243
1.431584,-1.9385,-3.0849,-1.4054,3.905
1.436753,-1.5629,-2.9457,-1.4898,3.652
1.444621,-1.2076,-2.8010,-1.6714,3.478
1.446531,-1.0347,-2.6843,-1.7791,3.382
1.451358,-0.9192,-2.5814,-1.8474,3.305
1.456335,-0.8943,-2.4061,-1.8393,3.158
1.461454,-0.8081,-2.2211,-1.9370,3.056
1.466447,-0.6955,-2.0739,-2.0891,3.025
1.472371,-0.6629,-2.0170,-2.2196,3.072
1.476311,-0.6243,-2.0123,-2.3193,3.133
1.481498,-0.6895,-1.9877,-2.2402,3.073
1.486261,-0.7576,-1.8958,-1.9778,2.842
1.491402,-0.7008,-1.7895,-1.6266,2.518
1.496315,-0.6595,-1.6684,-1.2729,2.200
1.501437,-0.6063,-1.5424,-0.9293,1.900
1.506283,-0.5551,-1.4833,-0.6190,1.700
1.511262,-0.4959,-1.5150,-0.2791,1.618
1.516310,-0.4480,-1.5035,0.0150,1.569
1.521288,-0.4937,-1.4206,0.1590,1.512
1.526142,-0.5301,-1.3233,0.2580,1.449
1.531204,-0.5585,-1.2312,0.2696,1.379
1.536666,-0.5835,-1.1012,0.2081,1.264
1.541197,-0.5571,-1.0194,0.0828,1.165
1.546800,-0.4598,-0.9091,-0.1354,1.028
1.551134,-0.2349,-0.8134,-0.4135,0.942
1.555990,-0.1187,-0.7601,-0.7616,1.083
1.560960,-0.1547,-0.7541,-1.2040,1.429
1.566156,-0.1940,-0.7232,-1.4976,1.674
1.571009,-0.1163,-0.6671,-1.8542,1.974
1.575852,-0.0410,-0.6573,-2.4138,2.502
1.580983,-0.0983,-0.7608,-2.9710,3.068
1.585889,-0.2429,-0.9001,-3.3879,3.514
1.590974,-0.4624,-1.0996,-3.5596,3.754
1.595849,-0.8243,-1.3165,-3.5050,3.834
1.601143,-1.2002,-1.4793,-3.3098,3.819
1.606081,-1.5101,-1.6652,-3.0069,3.754
1.610888,-1.8569,-1.8514,-2.6766,3.747
1.615718,-2.2021,-2.1096,-2.3426,3.845
1.620818,-2.5669,-2.3690,-2.0756,4.063
1.626040,-2.9812,-2.5490,-1.8083,4.319
1.630684,-3.3552,-2.7031,-1.5786,4.589
1.635559,-3.6947,-2.8414,-1.3626,4.856
1.640994,-4.1499,-3.0463,-1.2076,5.288
1.645943,-4.6591,-3.2462,-1.1052,5.785
1.653265,-5.2295,-3.4423,-1.0790,6.353
1.655664,-6.1549,-3.6644,-1.1143,7.249
1.660782,-7.2943,-3.9805,-1.1783,8.393
1.665955,-8.4153,-4.4245,-1.2768,9.593
1.670960,-9.3748,-4.8956,-1.3999,10.668
1.675992,-10.3154,-5.3150,-1.4905,11.699
1.680619,-11.5150,-5.8450,-1.4265,12.992
1.685505,-12.7949,-6.5141,-1.4548,14.431
1.690814,-13.9149,-7.2931,-1.5394,15.786
1.695434,-15.0364,-8.1567,-1.6096,17.182
1.700913,-16.0866,-9.1366,-1.8040,18.588
1.705536,-17.1962,-10.4015,-2.0882,20.205
1.712838,-18.0652,-11.8942,-2.3171,21.753
1.715515,-18.5058,-13.4559,-2.2385,22.990
1.721168,-18.4282,-15.0272,-1.9780,23.861
1.727142,-18.0128,-16.6344,-1.6850,24.577
1.730407,-16.9041,-18.1497,-1.4798,24.847
1.735569,-15.1918,-19.3225,-1.6612,24.636
1.740811,-13.2760,-20.2121,-2.3982,24.301
1.745406,-11.1614,-20.6166,-4.0586,23.793
1.752012,-8.8965,-20.4902,-6.4603,23.254
1.755205,-6.3401,-19.9339,-9.2724,22.881
1.760800,-3.2478,-18.6973,-12.3044,22.617
1.765472,1.1454,-16.7033,-15.3577,22.719
1.771647,7.1668,-14.0142,-18.3722,24.193
1.779549,14.2766,-10.5951,-20.8375,27.391
1.786891,22.1805,-6.6062,-22.4758,32.261
1.788007,29.6455,-2.5772,-23.1612,37.709
1.790187,36.6276,0.8307,-23.2185,43.375
1.796017,41.5581,3.9255,-22.3819,47.365
1.805555,43.8798,6.0857,-20.5188,48.821
1.806075,43.2630,7.0972,-17.8653,47.342
1.810174,40.3281,7.0876,-14.6694,43.495
1.814949,36.0872,6.4465,-11.5143,38.424
1.820049,31.4732,5.7058,-8.6816,33.143
1.824914,26.5205,4.9175,-6.4522,27.734
1.830063,21.3753,4.1882,-5.0754,22.365
1.838825,16.8762,3.6478,-4.4188,17.822
1.840004,13.2162,3.2437,-4.0245,14.191
1.846478,10.3018,2.8768,-3.4436,11.237
1.850056,7.9891,2.4920,-2.6829,8.788
1.854817,6.0635,2.2289,-2.0609,6.781
1.859809,4.5025,2.0782,-1.5950,5.209
1.865020,3.1946,1.8360,-1.3537,3.925
1.870182,2.0953,1.4072,-1.4541,2.913
1.874765,1.2089,0.8705,-1.7850,2.325
1.880038,0.3081,0.2975,-2.2582,2.298
1.884857,-0.4371,-0.3786,-2.7375,2.798
1.889963,-1.0342,-1.1670,-3.0868,3.458
1.895305,-1.6618,-2.0377,-3.3699,4.274
1.900743,-2.2148,-2.9304,-3.5409,5.102
1.904654,-2.8768,-3.8056,-3.5374,5.939
1.909768,-3.6354,-4.4339,-3.2832,6.607
1.915211,-4.2393,-4.8068,-2.8582,7.018
1.919679,-4.8347,-5.0257,-2.5331,7.420
1.924575,-5.2970,-5.1492,-2.2659,7.727
1.930075,-5.6023,-5.3085,-2.0965,7.998
1.936681,-5.7494,-5.3704,-2.0174,8.122
1.939798,-5.7725,-5.2600,-1.9467,8.049
1.946960,-5.7585,-5.0933,-1.8983,7.919
1.949656,-5.6838,-4.9482,-1.8149,7.751
1.954474,-5.5500,-4.7969,-1.8065,7.555
1.959602,-5.3919,-4.5777,-1.8851,7.320
1.964729,-5.1386,-4.3296,-2.0367,7.021
1.969613,-4.8469,-4.0771,-2.2723,6.729
1.974373,-4.5733,-3.8874,-2.5166,6.508
1.979646,-4.3121,-3.7269,-2.6852,6.300
1.984392,-4.0247,-3.5719,-2.8029,6.067
1.990059,-3.6750,-3.3409,-2.8957,5.749
1.994289,-3.2769,-3.0962,-3.0505,5.443
1.999671,-2.8867,-2.9668,-3.2253,5.248
2.004218,-2.4986,-2.8855,-3.3639,5.088
2.009319,-2.0972,-2.8280,-3.4046,4.898
2.014329,-1.8017,-2.6845,-3.3097,4.627
2.019495,-1.6064,-2.5024,-3.1235,4.313
2.024167,-1.5060,-2.2964,-2.8987,3.993
2.029443,-1.4286,-2.0759,-2.5635,3.595
2.038950,-1.4218,-1.8362,-2.1655,3.175
2.039517,-1.3897,-1.6203,-1.6422,2.693
2.047550,-1.3324,-1.3662,-1.1263,2.216
2.049772,-1.1684,-1.1648,-0.5702,1.746
2.054103,-0.9786,-0.9922,-0.0201,1.394
2.059149,-0.7526,-0.8630,0.5446,1.268
2.064060,-0.5091,-0.7676,1.0246,1.378
2.069160,-0.3001,-0.7062,1.4355,1.628
2.074019,-0.1679,-0.6217,1.8314,1.941
2.079023,-0.0263,-0.5139,2.0776,2.140
2.084210,0.1443,-0.3640,2.1509,2.186
2.089091,0.2682,-0.2340,2.0894,2.119
2.093901,0.4510,-0.1860,1.9164,1.978
2.099608,0.5735,-0.1383,1.6740,1.775
2.103841,0.6127,-0.1051,1.3857,1.519
2.109426,0.6405,-0.0336,1.1028,1.276
2.113902,0.6234,0.0716,0.9397,1.130
2.119246,0.6189,0.1196,0.7760,1.000
2.123934,0.5985,0.1202,0.6114,0.864
2.129017,0.5620,0.1069,0.5127,0.768
2.137004,0.5044,0.1084,0.4611,0.692
2.139180,0.4349,0.0196,0.4558,0.630
2.145220,0.3822,-0.0304,0.4496,0.591
2.149231,0.2839,-0.0608,0.4811,0.562
2.154179,0.1586,-0.1005,0.5937,0.623
2.159043,0.0155,-0.0731,0.6824,0.686
2.163831,-0.1127,-0.0314,0.7718,0.781
2.169743,-0.2261,-0.0663,0.8712,0.902
2.173770,-0.3541,-0.1205,0.9813,1.050
2.178792,-0.4448,-0.1320,1.0644,1.161
2.184287,-0.5129,-0.1154,1.1016,1.221
2.188806,-0.5874,-0.1615,1.1313,1.285
2.193600,-0.6638,-0.1795,1.1297,1.323
2.199003,-0.7087,-0.1646,1.1204,1.336
2.203798,-0.7225,-0.2557,1.1181,1.356
2.209213,-0.7292,-0.2708,1.0989,1.346
2.213572,-0.7094,-0.2913,1.0433,1.295
2.218472,-0.6969,-0.2982,0.9946,1.251
2.223446,-0.6002,-0.3056,0.9575,1.171
2.229157,-0.4144,-0.2801,0.9268,1.053
2.236834,-0.2489,-0.2981,0.8208,0.908
2.238828,-0.0269,-0.2877,0.7304,0.786
2.246285,0.1279,-0.2727,0.6505,0.717
2.248345,0.1872,-0.2818,0.5522,0.648
2.253253,0.2278,-0.2575,0.5167,0.621
2.259359,0.2594,-0.1710,0.4381,0.537
2.263510,0.3202,-0.1133,0.3978,0.523
2.268437,0.4011,-0.0842,0.3765,0.557
2.273282,0.4447,-0.0216,0.3264,0.552
2.278504,0.4127,-0.0213,0.2381,0.477
2.284125,0.3718,0.0223,0.2262,0.436
2.289474,0.3123,0.0611,0.1996,0.376
2.293195,0.2818,0.0617,0.1535,0.327
2.298661,0.2806,0.0338,0.1021,0.300
2.303149,0.2989,0.0350,0.0258,0.302
2.308213,0.3083,0.0557,-0.0466,0.317
2.313316,0.3088,0.0623,-0.0722,0.323
2.318221,0.3100,0.0310,-0.1038,0.328
2.323380,0.3069,0.0289,-0.0840,0.320
2.328538,0.2806,-0.0350,-0.0506,0.287
2.333462,0.2355,-0.0366,0.0205,0.239
2.338180,0.1713,-0.0285,0.1009,0.201
2.346194,0.1166,-0.0637,0.2152,0.253
2.348791,0.0713,-0.0511,0.2772,0.291
2.352780,0.0639,-0.0674,0.3256,0.339
2.357994,0.0514,-0.0603,0.3560,0.365
2.362926,0.2499,-0.0871,0.4887,0.556
2.367947,1.1117,-0.2152,0.9451,1.475
2.372840,1.4495,-0.1479,1.3282,1.972
2.378058,0.5527,0.3874,1.1199,1.308
2.382873,0.2492,0.5388,0.8602,1.045
2.387970,0.6454,0.2639,0.7744,1.042
2.392766,0.7606,0.1183,0.8052,1.114
2.397851,0.5991,0.2262,0.7601,0.994
2.402813,0.4617,0.3055,0.5042,0.749
2.409135,0.3005,0.3132,0.2378,0.495
2.412781,0.0624,0.3357,-0.0584,0.346
2.417932,-0.0900,0.3253,-0.2797,0.438
2.422633,-0.1567,0.2868,-0.4116,0.526
2.427881,-0.0706,0.2200,-0.4064,0.467
2.432551,0.0676,0.2063,-0.2824,0.356
2.437807,-0.1206,0.3169,-0.1254,0.361
2.444507,-0.5642,0.3504,0.2048,0.695
2.447661,-0.5692,0.0769,0.5363,0.786
2.452555,-0.5285,-0.1587,0.6830,0.878
2.457892,-0.6624,-0.2274,0.7171,1.002
2.462865,-0.8468,-0.2060,0.7252,1.134
2.468303,-0.9622,-0.2002,0.7124,1.214
2.472557,-1.0569,-0.2959,0.6643,1.283
2.477683,-1.1021,-0.3588,0.6235,1.316
2.482427,-1.1312,-0.4129,0.4702,1.293
2.487698,-1.0866,-0.3862,0.3477,1.204
2.492587,-0.9964,-0.3121,0.2361,1.071
2.497704,-0.8080,-0.2433,0.1548,0.858
2.502415,-0.5875,-0.1650,0.0452,0.612
2.507472,-0.3821,-0.1203,-0.0689,0.406
2.512501,-0.1815,-0.0514,-0.1260,0.227
2.517677,-0.0431,-0.0349,-0.2317,0.238
2.522483,0.0723,0.0109,-0.2859,0.295
2.528036,0.2074,0.0953,-0.3031,0.379
2.532305,0.3004,0.1658,-0.2978,0.454
2.537459,0.3707,0.1889,-0.2605,0.491
2.545927,0.4325,0.2172,-0.2246,0.534
2.547355,0.4620,0.1741,-0.1659,0.521
2.552402,0.4133,0.1400,-0.0744,0.443
2.557415,0.3371,0.1587,-0.0315,0.374
2.562366,0.3668,0.1202,0.0822,0.395
2.567358,0.3208,0.1012,0.1809,0.382
2.572214,0.2231,0.0441,0.2937,0.371
2.577240,0.1357,-0.0221,0.3778,0.402
2.582294,0.1254,-0.0262,0.4386,0.457
2.587538,0.0769,0.0027,0.4334,0.440
2.592564,-0.0237,-0.0019,0.3246,0.325
2.597306,-0.0905,-0.0922,0.2076,0.245
2.601955,-0.0714,-0.1389,0.0967,0.184
2.607078,-0.1046,-0.1519,0.0057,0.185
2.612184,-0.1418,-0.1647,-0.0565,0.225
2.617499,-0.1312,-0.1677,-0.0515,0.219
2.622027,-0.1203,-0.2420,-0.0373,0.273
2.626967,-0.0709,-0.2775,-0.0279,0.288
2.632098,-0.0309,-0.2272,-0.0091,0.229
2.637224,-0.0666,-0.2009,0.0189,0.213
2.644920,-0.0253,-0.1938,0.0178,0.196
2.647094,0.0257,-0.1295,-0.0550,0.143
2.651858,0.0533,-0.1700,-0.1424,0.228
2.657218,0.1157,-0.1635,-0.2177,0.296
2.662236,0.2174,-0.0371,-0.2989,0.371
2.667486,0.2534,0.0321,-0.3533,0.436
2.671890,0.3915,0.0922,-0.4336,0.591
2.676831,0.4832,0.1382,-0.4872,0.700
2.681809,0.4900,0.1752,-0.5387,0.749
2.686805,0.4505,0.1649,-0.5878,0.759
2.692309,0.3453,0.1885,-0.5914,0.710
2.696796,0.2509,0.1933,-0.5537,0.638
2.701749,0.1526,0.1553,-0.4506,0.500
2.706667,0.0980,0.0889,-0.2909,0.320
2.711534,0.0584,0.0034,-0.0980,0.114
2.717397,-0.0144,-0.0199,0.0568,0.062
2.721667,-0.1014,0.0094,0.1404,0.173
2.726626,-0.1740,0.0623,0.2057,0.277
2.732113,-0.2515,0.0671,0.2099,0.334
2.736577,-0.2909,0.0812,0.2678,0.404
2.741748,-0.3641,0.0951,0.3505,0.514
2.746603,-0.2845,0.0753,0.3189,0.434
2.751443,-0.2481,0.1226,0.2539,0.375
2.756616,-0.3172,0.2415,0.2369,0.464
2.761862,-0.2668,0.2598,0.2580,0.453
2.767320,-0.2069,0.2447,0.1879,0.371
2.771433,-0.1948,0.2776,0.2082,0.398
2.776331,-0.2309,0.2818,0.1945,0.413
2.781421,-0.2337,0.2622,0.1422,0.379
2.786291,-0.2558,0.2187,0.1038,0.352
2.791261,-0.2640,0.2089,0.0414,0.339
2.796493,-0.1858,0.1658,-0.3570,0.435
2.801074,-0.0543,0.0995,-1.2984,1.303
2.806406,0.0249,0.0816,-1.0978,1.101
2.811108,-0.0304,0.1404,-0.1898,0.238
2.816270,-0.0766,0.0746,0.2825,0.302
2.821291,-0.0512,0.0086,0.2914,0.296
2.826164,-0.0548,-0.0480,0.1531,0.170
2.831100,-0.0441,-0.1573,0.0301,0.166
2.836405,-0.0575,-0.1518,0.0371,0.166
2.841461,-0.1144,-0.1368,0.0829,0.197
2.846189,-0.1097,-0.0790,0.2444,0.279
2.850966,-0.0193,-0.0790,0.3402,0.350
2.856019,0.0371,-0.0840,0.4899,0.498
2.860980,0.0408,-0.1373,0.5742,0.592
2.866145,0.0252,-0.1908,0.5163,0.551
2.871043,-0.0241,-0.1392,0.2871,0.320
2.876118,-0.1258,-0.0632,-0.1230,0.187
2.881868,-0.1369,0.0315,-0.4741,0.494
