0.001864,-0.1364,-0.0090,-0.0932,0.165
0.005188,-0.0876,0.0189,-0.0756,0.117
0.009636,-0.0869,0.0374,-0.1350,0.165
0.015156,-0.0579,0.0180,-0.2615,0.268
0.019582,-0.0242,0.0086,-0.3834,0.384
0.024763,-0.0619,-0.0004,-0.4533,0.458
0.029998,-0.0802,0.0052,-0.4668,0.474
0.034447,-0.0508,-0.0174,-0.4670,0.470
0.039618,0.0024,0.0032,-0.5015,0.502
0.044500,0.0033,-0.0140,-0.4753,0.476
0.049599,0.0949,0.0073,-0.4650,0.475
0.054579,0.2865,0.0145,-0.4178,0.507
0.059579,0.3445,0.0264,-0.2812,0.445
0.064398,0.3553,0.0668,-0.1028,0.376
0.069433,0.3573,0.0353,0.0747,0.367
0.075273,0.4126,-0.0483,0.2512,0.485
0.084443,0.5825,-0.1029,0.3606,0.693
0.084870,0.3860,0.0563,0.4514,0.597
0.089488,0.2243,0.1330,0.5475,0.606
0.094292,0.1444,0.1044,0.5583,0.586
0.099401,0.0455,0.0377,0.5891,0.592
0.104259,0.1659,0.0758,0.7347,0.757
0.109222,0.2948,0.1750,0.7329,0.809
0.114276,0.1514,0.3016,0.7702,0.841
0.119267,-0.0584,0.3032,0.8370,0.892
0.124642,-0.0820,0.2381,0.7760,0.816
0.129842,-0.0300,0.2446,0.6498,0.695
0.134741,-0.0314,0.2413,0.6441,0.689
0.139212,-0.0949,0.2617,0.6249,0.684
0.144101,-0.1393,0.2532,0.6016,0.667
0.149305,-0.1174,0.2589,0.5932,0.658
0.154650,-0.1009,0.2407,0.5283,0.589
0.159071,-0.1322,0.1941,0.4832,0.537
0.164042,-0.1305,0.1478,0.4626,0.503
0.169092,-0.1387,0.1113,0.4282,0.464
0.174551,-0.1662,0.0751,0.3898,0.430
0.179608,-0.2180,0.0580,0.3900,0.451
0.183973,-0.2797,0.0268,0.3480,0.447
0.191940,-0.3228,-0.0613,0.3448,0.476
0.194335,-0.3715,-0.1061,0.3187,0.501
0.199230,-0.4210,-0.1460,0.3412,0.561
0.205543,-0.5191,-0.1667,0.2929,0.619
0.209073,-0.5992,-0.1588,0.2459,0.667
0.213909,-0.6381,-0.1941,0.3050,0.733
0.218932,-0.7072,-0.2292,0.3412,0.818
0.224477,-0.6976,-0.2027,0.4026,0.831
0.229529,-0.6718,-0.2195,0.3941,0.809
0.233776,-0.6961,-0.2223,0.3783,0.823
0.238803,-0.6993,-0.2540,0.3838,0.837
0.243719,-0.7241,-0.2524,0.3344,0.837
0.248892,-0.7701,-0.2510,0.3010,0.864
0.254548,-0.8146,-0.2641,0.2941,0.905
0.258696,-0.7761,-0.2060,0.2366,0.837
0.263666,-0.7030,-0.1720,0.2335,0.760
0.268794,-0.5476,-0.1099,0.2796,0.625
0.273750,-0.4335,-0.1005,0.3321,0.555
0.279340,-0.2496,-0.0199,0.3664,0.444
0.283580,-0.0259,0.0410,0.3745,0.378
0.288687,0.1101,0.1108,0.3273,0.363
0.293517,0.2545,0.2278,0.2293,0.411
0.300344,0.3742,0.3205,0.1562,0.517
0.304441,0.4740,0.4794,0.0500,0.676
0.308777,0.6597,0.6234,0.0144,0.908
0.314052,0.9057,0.7620,0.0879,1.187
0.318444,1.2321,0.8858,0.1215,1.522
0.323647,1.5293,0.9519,0.2484,1.818
0.329608,1.7265,1.0844,0.4637,2.091
0.333533,1.9736,1.2418,0.7333,2.444
0.338334,2.3148,1.3557,1.0210,2.870
0.343277,2.6248,1.3829,1.2471,3.218
0.348462,2.8523,1.4286,1.4067,3.486
0.354452,3.1082,1.4879,1.5527,3.780
0.358554,3.3784,1.5414,1.6373,4.058
0.363261,3.6159,1.5319,1.6606,4.264
0.368397,3.7400,1.5406,1.5885,4.346
0.375094,3.6743,1.5770,1.4846,4.265
0.379374,3.6148,1.6748,1.3711,4.213
0.383297,3.5711,1.6713,1.2139,4.125
0.390108,3.5575,1.6101,1.0506,4.044
0.393190,3.5360,1.5487,0.8379,3.950
0.400308,3.5493,1.4011,0.6227,3.866
0.403024,3.4981,1.3825,0.3865,3.781
0.408106,3.4008,1.3542,0.2812,3.671
0.412913,3.3006,1.2542,0.1678,3.535
0.418189,3.2260,1.1306,0.0225,3.418
0.423050,3.1051,0.9309,-0.0299,3.242
0.428112,2.8838,0.8132,-0.0421,2.997
0.433656,2.6984,0.6958,-0.0467,2.787
0.438030,2.4753,0.5598,0.0908,2.539
0.442948,2.2910,0.3863,0.0837,2.325
0.447986,2.0537,0.1945,-0.0432,2.063
0.452927,1.8301,-0.0680,0.1127,1.835
0.457960,1.5703,-0.2192,-0.0129,1.586
0.462763,1.4113,-0.3887,-0.0458,1.465
0.467928,1.2072,-0.4902,0.0282,1.303
0.472826,0.9052,-0.5956,0.0472,1.085
0.478226,0.7727,-0.7715,0.0066,1.092
0.482975,0.6177,-0.9510,-0.0499,1.135
0.489803,0.4331,-1.0240,-0.0703,1.114
0.493268,0.2171,-1.0769,-0.1113,1.104
0.497767,-0.0421,-1.1430,-0.1689,1.156
0.502666,-0.2540,-1.2652,-0.1763,1.302
0.507737,-0.3662,-1.4149,-0.1812,1.473
0.512691,-0.5416,-1.3960,-0.2886,1.525
0.517726,-0.5813,-1.4097,-0.3319,1.561
0.522560,-0.5587,-1.4177,-0.4006,1.576
0.527643,-0.5374,-1.4342,-0.4051,1.584
0.532564,-0.4552,-1.4880,-0.4504,1.620
0.537526,-0.3931,-1.5788,-0.5846,1.729
0.542464,-0.4079,-1.6541,-0.7926,1.879
0.547512,-0.4961,-1.8620,-1.2094,2.275
0.552620,-0.4785,-2.0300,-1.7293,2.709
0.557688,-0.6159,-2.0149,-2.1098,2.982
0.562807,-0.8561,-2.0086,-2.4527,3.284
0.567543,-1.0032,-2.0255,-2.7918,3.592
0.572518,-1.0193,-2.1182,-3.1373,3.920
0.577546,-0.9676,-2.2055,-3.3853,4.155
0.582451,-0.9653,-2.1916,-3.6450,4.361
0.589973,-1.0274,-2.2203,-3.8791,4.586
0.593257,-1.0627,-2.2676,-3.9634,4.688
0.598938,-1.1049,-2.3911,-4.0034,4.792
0.602341,-1.2928,-2.4998,-4.0897,4.964
0.607376,-1.5891,-2.5320,-4.2607,5.205
0.612373,-1.7721,-2.6501,-4.3099,5.361
0.617420,-1.9341,-2.7540,-4.2620,5.430
0.622340,-2.1713,-2.7721,-4.1458,5.439
0.627268,-2.4884,-2.7909,-4.0757,5.531
0.632960,-2.7566,-2.9156,-4.0370,5.692
0.637517,-3.0149,-3.0556,-4.0777,5.921
0.642198,-3.2914,-3.1676,-4.2408,6.233
0.647212,-3.6256,-3.3573,-4.4454,6.647
0.652416,-3.9607,-3.5627,-4.6012,7.039
0.657262,-4.3264,-3.7364,-4.7324,7.421
0.662574,-4.7620,-3.8740,-4.8966,7.852
0.667230,-5.2209,-4.0334,-4.9648,8.257
0.672053,-5.7767,-4.1912,-4.9622,8.693
0.677174,-6.3305,-4.3623,-4.9411,9.139
0.682657,-6.8746,-4.5564,-4.9391,9.613
0.690897,-7.5639,-4.7836,-4.8883,10.198
0.692751,-8.3234,-5.0820,-4.8554,10.894
0.698467,-9.0002,-5.4463,-4.8347,11.578
0.702000,-9.5649,-5.8433,-4.7262,12.164
0.707059,-10.1376,-6.2817,-4.5565,12.767
0.711930,-10.6483,-6.7225,-4.4621,13.360
0.717153,-11.0933,-7.2794,-4.4546,13.996
0.722248,-11.6506,-7.8647,-4.5313,14.769
0.726965,-12.3035,-8.4048,-4.5207,15.571
0.731963,-13.0455,-9.0137,-4.5105,16.486
0.737440,-13.7254,-9.6453,-4.3607,17.333
0.741766,-14.1613,-10.5214,-4.0844,18.109
0.746817,-14.1265,-11.5661,-3.7227,18.633
0.751750,-13.8470,-12.6078,-3.3789,19.029
0.756961,-13.4313,-13.6476,-3.1644,19.408
0.762343,-12.7368,-14.7425,-2.9846,19.710
0.766809,-11.7984,-15.9263,-2.9109,20.033
0.774110,-10.4928,-17.1419,-2.9088,20.308
0.776933,-8.5341,-17.8453,-3.0472,20.014
0.786206,-5.7423,-17.8200,-3.7780,19.100
0.786734,-1.6477,-17.3252,-5.4510,18.237
0.792880,3.4941,-16.2702,-8.1261,18.519
0.796632,9.5687,-14.2586,-11.4732,20.652
0.801590,16.1512,-11.5268,-14.6575,24.669
0.807073,23.2541,-8.6133,-17.0323,30.084
0.811934,30.0620,-5.2524,-18.4964,35.685
0.816651,35.5621,-1.3041,-19.0606,40.369
0.821463,40.3704,1.9048,-19.2370,44.760
0.826726,43.1937,4.7705,-18.9864,47.423
0.831756,43.7495,7.2816,-17.7514,47.772
0.839952,43.1983,8.6183,-15.9142,46.836
0.841634,41.6972,8.9546,-13.7873,44.821
0.847608,39.3364,8.6836,-11.7119,41.951
0.851358,35.8786,7.9835,-9.6454,38.001
0.856572,31.6786,7.0630,-7.9759,33.422
0.863453,27.5238,5.8122,-6.7026,28.918
0.866385,23.7587,4.4452,-5.9034,24.881
0.871963,20.3863,2.9452,-5.3472,21.281
0.876534,17.2619,1.5227,-4.9190,18.014
0.881488,14.4074,0.1758,-4.6731,15.147
0.889005,11.7592,-1.0830,-4.6204,12.681
0.891377,9.2280,-2.3170,-4.7910,10.653
0.896403,6.8438,-3.4610,-4.9802,9.144
0.901233,4.5747,-4.4792,-5.1889,8.241
0.906615,2.5166,-5.4062,-5.3902,8.038
0.911288,0.8281,-6.3888,-5.7000,8.602
0.916814,-0.9078,-7.5576,-6.2917,9.876
0.921167,-2.8061,-8.7350,-6.7926,11.416
0.926219,-4.7186,-9.5242,-7.1019,12.783
0.931125,-6.4018,-10.1897,-7.3578,14.105
0.936125,-7.8571,-10.8332,-7.4899,15.336
0.941117,-9.2942,-11.3429,-7.4693,16.457
0.946186,-10.7676,-11.5921,-7.2874,17.419
0.951064,-12.0966,-11.6465,-7.0018,18.193
0.956095,-13.4210,-11.5724,-6.8662,19.005
0.961129,-15.4266,-11.2495,-6.8480,20.284
0.966679,-17.5140,-10.9264,-6.7590,21.721
0.975809,-19.0789,-10.6202,-6.5621,22.800
0.976647,-20.5594,-10.0522,-6.1831,23.706
0.982654,-22.0643,-9.4936,-5.6534,24.676
0.985988,-23.3096,-9.3954,-5.1807,25.660
0.990879,-24.3223,-9.7484,-4.8563,26.649
0.996476,-25.2466,-10.4509,-4.7355,27.732
1.000984,-26.1347,-11.3247,-4.7616,28.878
1.005956,-26.3811,-12.6104,-4.9816,29.661
1.010845,-25.5618,-14.3843,-5.4185,29.827
1.015850,-25.7217,-15.0389,-5.4467,30.289
1.021313,-24.3276,-16.4306,-5.7778,29.920
1.026017,-22.3998,-18.1685,-6.3909,29.541
1.030714,-20.6888,-19.1987,-7.2948,29.152
1.035877,-18.4699,-19.7886,-8.1615,28.273
1.041024,-15.6708,-20.0342,-8.9405,26.961
1.046275,-12.4765,-19.9857,-9.4439,25.383
1.050744,-9.0824,-19.6991,-9.7575,23.786
1.055758,-5.5550,-19.0196,-9.8572,22.131
1.060622,-1.9680,-17.8597,-9.8217,20.477
1.065865,1.7242,-16.2589,-9.8577,19.092
1.073885,5.9619,-14.3671,-10.2040,18.603
1.075621,10.8814,-12.2317,-10.9969,19.722
1.082362,16.2525,-9.6351,-12.3418,22.568
1.085483,21.7956,-6.6525,-13.9319,26.710
1.090467,27.4038,-3.7991,-15.3810,31.654
1.096944,32.5599,-0.9960,-16.3271,36.438
1.100551,36.9166,1.7497,-16.8038,40.599
1.105626,39.2628,4.5550,-16.4190,42.801
1.110444,39.2709,7.3329,-14.9148,42.643
1.115428,39.6391,7.4255,-12.4146,42.196
1.123301,40.1626,5.4640,-11.5338,42.142
1.125516,37.0505,5.1408,-9.2331,38.528
1.130607,32.0978,6.5420,-6.2391,33.347
1.135554,27.9529,6.7099,-3.8087,28.998
1.140362,24.5409,5.4959,-2.2646,25.250
1.145762,21.2385,4.2918,-1.1834,21.700
1.150294,17.9262,3.6682,-0.1959,18.299
1.157478,14.9071,3.2387,0.5956,15.267
1.160554,12.3700,2.6329,1.0841,12.693
1.165432,10.2305,1.9731,1.3195,10.502
1.170162,8.5149,1.2893,1.2978,8.709
1.175196,7.0660,0.5893,0.9304,7.151
1.180235,5.7479,-0.1590,0.4045,5.764
1.185383,4.5045,-0.8474,-0.0813,4.584
1.190211,3.3582,-1.5611,-0.5889,3.750
1.197069,2.3553,-2.2800,-1.0275,3.435
1.200092,1.4981,-2.8837,-1.3971,3.537
1.205304,0.7954,-3.5467,-1.7258,4.024
1.210076,0.1934,-4.2762,-1.9459,4.702
1.215558,-0.4326,-4.9744,-2.0760,5.408
1.220605,-1.0372,-5.5883,-2.1166,6.065
1.225058,-1.7376,-6.0080,-2.1590,6.616
1.230492,-2.3064,-6.2480,-2.0546,6.970
1.235191,-2.7727,-6.3608,-1.9077,7.196
1.239966,-3.2759,-6.3250,-1.8109,7.350
1.245425,-3.5958,-6.2123,-1.8587,7.415
1.250072,-3.9632,-5.9902,-1.9171,7.434
1.255102,-4.2504,-5.7601,-1.7850,7.378
1.259811,-4.2955,-5.5758,-1.7258,7.247
1.265178,-4.2593,-5.3325,-1.6822,7.029
1.270394,-4.1797,-5.0749,-1.6458,6.777
1.275333,-4.0206,-4.7557,-1.4777,6.400
1.279734,-3.6950,-4.4428,-1.2360,5.909
1.284875,-3.3217,-4.1988,-1.0931,5.464
1.289988,-3.0624,-4.0099,-1.1110,5.166
1.299069,-2.8511,-3.7854,-1.1418,4.875
1.299783,-2.6645,-3.4923,-1.0998,4.528
1.304732,-2.4842,-3.1835,-0.9958,4.159
1.309547,-2.3193,-2.8591,-1.0700,3.834
1.314983,-2.0638,-2.6390,-1.2370,3.571
1.320571,-1.7271,-2.5374,-1.4691,3.403
1.324670,-1.5447,-2.5161,-1.7775,3.446
1.330510,-1.4848,-2.5557,-2.0001,3.569
1.335185,-1.5199,-2.5271,-2.1813,3.668
1.339512,-1.5540,-2.5216,-2.2309,3.708
1.344791,-1.5200,-2.5870,-2.0677,3.644
1.349540,-1.3745,-2.4984,-1.8832,3.417
1.354571,-1.2285,-2.3330,-1.7249,3.151
1.359379,-1.0074,-2.1718,-1.4961,2.823
1.364866,-0.8556,-2.0627,-1.3165,2.592
1.369478,-0.6960,-1.9721,-1.1811,2.402
1.374584,-0.5664,-1.9049,-1.0849,2.264
1.379479,-0.3518,-1.8274,-0.9749,2.101
1.384481,-0.1628,-1.7493,-0.9419,1.993
1.389681,-0.0974,-1.5793,-1.0714,1.911
1.397825,-0.1085,-1.4563,-1.2390,1.915
1.399271,-0.1289,-1.4233,-1.3349,1.956
1.404403,-0.2063,-1.4562,-1.3643,2.006
1.409224,-0.3551,-1.4496,-1.4224,2.062
1.414346,-0.5818,-1.4473,-1.4802,2.150
1.419166,-0.7693,-1.4581,-1.5185,2.241
1.424332,-0.8134,-1.5684,-1.4652,2.295
1.429747,-0.9154,-1.5962,-1.4348,2.333
1.434218,-1.1567,-1.5898,-1.5033,2.475
1.439301,-1.4228,-1.5827,-1.5849,2.653
1.444223,-1.6191,-1.6328,-1.7042,2.862
1.449149,-1.7393,-1.7156,-1.8089,3.040
1.454979,-1.8666,-1.7647,-1.9662,3.235
1.458987,-2.0540,-1.8810,-2.1861,3.541
1.464108,-2.2781,-2.0598,-2.4345,3.919
1.469109,-2.5731,-2.2824,-2.7260,4.389
1.474095,-2.8161,-2.5159,-2.9895,4.816
1.478929,-3.0253,-2.7842,-3.2155,5.220
1.484007,-3.3646,-2.9969,-3.4909,5.700
1.489161,-3.7529,-3.2883,-3.8110,6.279
1.494005,-4.0611,-3.6826,-4.1328,6.865
1.498891,-4.3086,-4.0171,-4.4621,7.390
1.503828,-4.7646,-4.2114,-4.8715,8.011
1.508853,-5.5438,-4.3856,-5.3242,8.850
1.514493,-6.5610,-4.6363,-5.7497,9.879
1.518783,-7.7747,-4.9739,-6.2020,11.120
1.523941,-9.1152,-5.3995,-6.4829,12.420
1.529326,-10.6618,-5.7469,-6.5331,13.762
1.534015,-12.4080,-5.9412,-6.4361,15.188
1.538710,-13.7945,-6.2238,-6.1999,16.354
1.543761,-14.7684,-6.7913,-6.0249,17.336
1.548741,-15.7364,-7.6625,-5.8708,18.461
1.553922,-16.5450,-8.6456,-5.6103,19.493
1.558818,-17.2040,-9.7299,-5.0668,20.404
1.565344,-17.8163,-10.8892,-4.2041,21.299
1.569016,-18.2559,-12.0699,-3.0592,22.098
1.574613,-18.3792,-13.3011,-1.6066,22.744
1.580654,-18.9105,-14.3590,0.2403,23.745
1.583651,-19.5714,-15.3637,2.0774,24.968
1.590282,-18.5573,-17.4516,2.8472,25.633
1.593576,-17.1517,-19.7034,2.5647,26.249
1.598508,-16.0087,-21.5088,1.0754,26.834
1.603601,-15.2543,-22.7727,-1.3420,27.442
1.608680,-14.2921,-23.6742,-4.2994,27.986
1.613438,-12.7170,-24.3650,-7.4196,28.468
1.618473,-10.4358,-24.8556,-10.2799,28.851
1.623576,-7.5338,-24.9988,-12.6118,28.996
1.631941,-4.2127,-24.6886,-14.4112,28.896
1.634188,-0.4801,-23.9655,-15.7397,28.676
1.646164,4.0850,-22.7856,-16.7167,28.554
1.646796,9.3926,-20.8121,-17.6591,28.865
1.648633,14.7700,-17.7836,-18.4531,29.579
1.654809,21.3522,-14.9961,-19.9216,32.828
1.658352,27.2309,-11.8255,-21.6191,36.725
1.663392,32.1802,-7.9240,-22.5013,40.058
1.668282,36.2387,-3.6326,-23.0274,43.089
1.673498,40.0894,-1.0029,-23.5289,46.495
1.678801,42.0754,0.9733,-23.9451,48.422
1.683394,42.4669,2.2899,-23.3827,48.533
1.688333,41.2302,3.0575,-22.1525,46.904
1.693936,38.6656,3.3748,-20.2815,43.792
1.699165,35.2019,3.5393,-18.1300,39.754
1.705956,30.9689,3.4767,-15.9477,35.007
1.708227,26.5857,3.0130,-13.9897,30.193
1.714013,22.6046,2.2329,-12.4493,25.902
1.718069,19.3560,1.4422,-11.0375,22.328
1.724613,16.6322,0.8126,-9.5835,19.213
1.733685,14.2486,0.3266,-8.0917,16.389
1.739709,12.1173,-0.1753,-6.7606,13.877
1.740039,10.2692,-0.8042,-5.7980,11.820
1.742967,8.6575,-1.6475,-5.2458,10.256
1.748262,7.0391,-2.6261,-4.9085,8.974
1.753895,5.3292,-3.6465,-4.7449,8.013
1.757883,3.5027,-4.4846,-4.4515,7.225
1.762941,1.5852,-5.1090,-4.0190,6.691
1.767852,-0.2041,-5.4684,-3.3704,6.427
1.773130,-1.7632,-5.7204,-2.6223,6.535
1.778605,-3.0426,-5.8364,-1.9145,6.855
1.783059,-3.9260,-5.9082,-1.2341,7.200
1.787791,-4.6922,-5.9839,-0.6819,7.635
1.792933,-5.2565,-6.0670,-0.4380,8.039
1.798453,-5.7247,-6.0480,-0.2501,8.331
1.806914,-6.0753,-6.0149,-0.1708,8.551
1.807787,-6.3249,-5.9167,-0.1859,8.663
1.813233,-6.5042,-5.7791,-0.3207,8.707
1.817737,-6.5600,-5.6945,-0.5173,8.702
1.822955,-6.5608,-5.5688,-0.7173,8.635
1.827702,-6.5818,-5.3796,-0.9304,8.551
1.832816,-6.5327,-5.2000,-1.1345,8.426
1.837700,-6.4188,-5.0119,-1.3117,8.249
1.842630,-6.1782,-4.7590,-1.3488,7.914
1.847518,-5.9131,-4.5909,-1.3853,7.613
1.852739,-5.7590,-4.4170,-1.4235,7.396
1.857447,-5.6400,-4.2525,-1.4880,7.219
1.862440,-5.4453,-4.0738,-1.5322,6.971
1.867596,-5.2078,-3.8958,-1.6100,6.700
1.872772,-5.0508,-3.7903,-1.7655,6.557
1.877527,-4.9552,-3.5710,-1.9180,6.402
1.883109,-4.8707,-3.3717,-2.0644,6.273
1.889611,-4.7114,-3.1495,-2.2102,6.083
1.892590,-4.5581,-2.9521,-2.2891,5.893
1.897341,-4.3765,-2.7939,-2.3263,5.690
1.902444,-4.1323,-2.6077,-2.2742,5.390
1.907644,-3.6954,-2.4222,-2.0850,4.886
1.912469,-3.2177,-2.1942,-1.7683,4.277
1.917291,-2.7842,-1.9383,-1.3665,3.657
1.922680,-2.4467,-1.6978,-0.9555,3.128
1.927197,-2.1230,-1.4151,-0.6260,2.627
1.932262,-1.8076,-1.1619,-0.3829,2.183
1.937104,-1.5093,-0.9907,-0.3122,1.832
1.942160,-1.1891,-0.9345,-0.3764,1.559
1.947111,-0.9662,-0.9307,-0.4605,1.418
1.952285,-0.8443,-0.8884,-0.6129,1.370
1.957126,-0.7323,-0.8694,-0.7237,1.347
1.962135,-0.6202,-0.8496,-0.7169,1.273
1.967024,-0.5463,-0.9058,-0.7309,1.286
1.972571,-0.5346,-0.9612,-0.6896,1.298
1.977664,-0.5658,-1.0301,-0.5255,1.287
1.982779,-0.5875,-1.0458,-0.3151,1.240
1.990024,-0.6094,-1.0133,-0.1582,1.193
1.992302,-0.5839,-0.9567,0.0125,1.121
1.999161,-0.4964,-0.9049,0.2265,1.057
2.002052,-0.4090,-0.8770,0.4641,1.073
2.006890,-0.2784,-0.8874,0.7455,1.192
2.011939,-0.1857,-0.8743,0.9850,1.330
2.016875,-0.1306,-0.8136,1.2070,1.462
2.021921,-0.1852,-0.6581,1.4073,1.565
2.026814,-0.2304,-0.5466,1.5428,1.653
2.031887,-0.3001,-0.4358,1.6274,1.711
2.036812,-0.3513,-0.4169,1.6037,1.694
2.041941,-0.4276,-0.4224,1.4763,1.594
2.046757,-0.5148,-0.4189,1.3214,1.479
2.051891,-0.6127,-0.4111,1.2012,1.410
2.056805,-0.6927,-0.4420,1.1443,1.409
2.062012,-0.7166,-0.4445,1.0928,1.380
2.066957,-0.6888,-0.4425,1.0803,1.355
2.071924,-0.6043,-0.4647,1.0733,1.316
2.077002,-0.5152,-0.4776,1.1104,1.314
2.082026,-0.4071,-0.5006,1.1679,1.334
2.089941,-0.3134,-0.5097,1.2414,1.378
2.091702,-0.2579,-0.5147,1.3214,1.441
2.098313,-0.2598,-0.4918,1.3892,1.496
2.101711,-0.2281,-0.4891,1.4117,1.511
2.106626,-0.1918,-0.4825,1.3936,1.487
2.111656,-0.2324,-0.4053,1.3353,1.415
2.116388,-0.2592,-0.3723,1.2937,1.371
2.121538,-0.2535,-0.3020,1.2402,1.301
2.126464,-0.2535,-0.1897,1.1650,1.207
2.131544,-0.2307,-0.1263,1.0249,1.058
2.137088,-0.2858,-0.0207,0.8771,0.923
2.141571,-0.2893,0.0508,0.7114,0.770
2.146375,-0.2506,0.0597,0.5035,0.566
2.151499,-0.2319,0.0349,0.3201,0.397
2.156455,-0.1656,0.0964,0.0937,0.213
2.162555,-0.0947,0.0768,-0.0851,0.149
2.166675,-0.0140,0.1533,-0.1976,0.250
2.171622,0.0524,0.1297,-0.2441,0.281
2.176616,0.1100,0.1116,-0.2727,0.315
2.181588,0.1442,0.1132,-0.2689,0.325
2.191041,0.2127,0.1439,-0.2133,0.334
2.191878,0.2627,0.1749,-0.0771,0.325
2.200518,0.2895,0.2109,0.0155,0.359
2.201506,0.3169,0.2183,0.0840,0.394
2.206226,0.3208,0.1682,0.1527,0.393
2.211894,0.2337,0.1706,0.2216,0.364
2.216343,0.2136,0.1969,0.2861,0.408
2.221307,0.1931,0.1990,0.3462,0.444
2.226229,0.2346,0.2391,0.4118,0.531
2.231293,0.2711,0.2646,0.4204,0.566
2.237025,0.3270,0.2660,0.2956,0.515
2.241386,0.4070,0.2770,0.1805,0.524
2.246178,0.4156,0.2212,0.1035,0.482
2.251172,0.4294,0.2423,0.0643,0.497
2.256104,0.4199,0.2446,0.0484,0.488
2.262213,0.4544,0.2518,0.0849,0.526
2.266029,0.4949,0.1873,0.2315,0.578
2.271388,0.4838,0.1565,0.2776,0.579
2.276478,0.5314,0.0871,0.4584,0.707
2.281576,0.6428,0.0125,0.7892,1.018
2.286502,0.6739,0.0186,1.0644,1.260
2.291154,0.5620,0.0526,1.1357,1.268
2.298626,0.4361,0.0331,1.0129,1.103
2.300938,0.3291,0.0370,0.7963,0.862
2.305785,0.1980,0.0213,0.5428,0.578
2.310936,0.0903,0.0293,0.3478,0.361
2.315991,-0.0085,-0.0012,0.1631,0.163
2.321022,-0.0986,0.0067,-0.0407,0.107
2.325851,-0.0796,0.0388,-0.1732,0.194
2.330822,0.0391,0.0998,-0.3208,0.338
2.335838,0.1193,0.0991,-0.4887,0.513
2.340859,0.1421,0.0225,-0.6149,0.632
2.345851,0.1843,-0.0104,-0.6853,0.710
2.350923,0.1310,-0.0569,-0.6663,0.681
2.355824,0.1497,-0.1124,-0.5770,0.607
2.360858,0.0866,-0.1532,-0.4552,0.488
2.365722,-0.0008,-0.2226,-0.2618,0.344
2.370760,0.0315,-0.3112,-0.0970,0.328
2.375744,0.1358,-0.3998,-0.0566,0.426
2.381029,0.1829,-0.4071,-0.0154,0.447
2.385502,0.1394,-0.3715,0.0214,0.397
2.390738,0.1009,-0.4031,0.0302,0.417
2.399239,0.0579,-0.3966,0.0060,0.401
2.400866,0.0104,-0.4189,-0.0130,0.419
2.405688,-0.0273,-0.4317,-0.0267,0.433
2.410571,-0.0074,-0.3585,-0.1024,0.373
2.415682,0.0463,-0.3091,-0.2021,0.372
2.420660,0.1099,-0.2502,-0.2923,0.400
2.425634,0.1216,-0.2293,-0.3448,0.432
2.430517,0.1627,-0.2368,-0.4604,0.543
2.435435,0.1183,-0.2056,-0.5387,0.589
2.440727,0.0360,-0.1644,-0.5799,0.604
2.445424,-0.0699,-0.1517,-0.5312,0.557
2.450573,-0.1040,-0.1290,-0.3830,0.417
2.455364,-0.0376,-0.1207,-0.1681,0.210
2.460435,-0.0145,-0.0980,-0.0062,0.099
2.465344,-0.0153,-0.0754,0.1173,0.140
2.470436,0.0033,-0.0433,0.1642,0.170
2.476186,0.0703,-0.0207,0.1630,0.179
2.480474,0.0946,-0.0365,0.1142,0.153
2.485214,0.0671,-0.0234,0.0893,0.114
2.491543,0.0498,-0.0057,0.0741,0.089
2.500486,0.0330,-0.0022,0.0589,0.067
2.500899,-0.0409,0.0347,0.0390,0.066
2.505166,-0.0236,0.0619,-0.0240,0.070
2.510175,-0.0156,0.1275,-0.0869,0.155
2.515262,0.0118,0.1787,-0.1261,0.219
2.520522,0.0299,0.1678,-0.1751,0.244
2.525161,-0.0238,0.1617,-0.2147,0.270
2.530475,-0.1207,0.1700,-0.2400,0.318
2.535332,-0.1844,0.1353,-0.2366,0.329
2.540303,-0.2056,0.1196,-0.1468,0.280
2.545797,-0.2560,0.0943,-0.1093,0.294
2.550181,-0.3597,0.0257,-0.1098,0.377
2.554975,-0.4402,0.0001,-0.0905,0.449
2.559974,-0.4832,-0.0064,-0.0758,0.489
2.564916,-0.5079,-0.0035,-0.1038,0.518
2.570857,-0.5046,0.0090,-0.1268,0.520
2.575266,-0.4732,0.0740,-0.1928,0.516
2.580335,-0.4184,0.1534,-0.2445,0.508
2.585450,-0.3806,0.1788,-0.3324,0.536
2.589940,-0.3006,0.1900,-0.3821,0.522
2.600359,-0.2689,0.2298,-0.4177,0.547
2.600801,-0.2043,0.1980,-0.3487,0.450
2.611042,-0.1499,0.1903,-0.2138,0.323
2.611379,-0.1244,0.1874,-0.0892,0.242
2.614690,-0.0756,0.1319,-0.0077,0.152
2.620250,-0.0179,0.1195,0.0833,0.147
2.624819,0.0821,0.1117,0.1365,0.195
2.630267,0.1814,0.1655,0.0902,0.262
2.634704,0.2088,0.1997,0.0353,0.291
2.639895,0.2412,0.2145,-0.0332,0.325
2.645651,0.2882,0.2198,-0.1107,0.379
2.649791,0.3592,0.2110,-0.2691,0.496
2.655090,0.3927,0.2075,-0.3940,0.594
2.659608,0.3937,0.1805,-0.4004,0.590
2.664740,0.4052,0.1732,-0.3602,0.569
2.670359,0.3841,0.1567,-0.2453,0.482
2.674553,0.3543,0.1073,-0.1036,0.384
2.679638,0.2969,0.0346,0.0034,0.299
2.684495,0.2546,-0.0422,0.0858,0.272
2.690251,0.2414,-0.1231,0.1057,0.291
2.694887,0.1956,-0.1748,0.0780,0.274
2.699785,0.1550,-0.1834,0.0648,0.249
2.708347,0.1100,-0.2252,0.0899,0.266
2.709445,0.0416,-0.2335,0.1959,0.308
2.714869,0.0162,-0.2181,0.2398,0.325
2.719586,0.0049,-0.1460,0.2792,0.315
2.724555,-0.0162,-0.1364,0.2378,0.275
2.730349,-0.0326,-0.1459,0.1779,0.232
2.734229,-0.0204,-0.1031,0.1137,0.155
2.739338,-0.0130,-0.0748,0.1114,0.135
2.744680,0.0181,-0.0607,0.0659,0.091
2.749326,0.0589,-0.0276,0.0247,0.070
2.754222,0.1237,-0.0325,0.0164,0.129
2.759266,0.1555,-0.0325,-0.0069,0.159
2.764492,0.2117,-0.0084,0.0120,0.212
2.769292,0.2306,-0.0033,0.0397,0.234
2.774637,0.1978,-0.0315,0.0810,0.216
2.779229,0.1326,-0.0546,0.1171,0.185
2.784076,0.0779,-0.0680,0.1480,0.181
2.789262,0.0094,-0.1431,0.1789,0.229
2.794122,-0.0443,-0.1655,0.2052,0.267
2.799616,-0.0981,-0.1831,0.2272,0.308
2.808829,-0.1899,-0.2103,0.2308,0.365
2.809145,-0.2484,-0.2234,0.2164,0.398
2.813882,-0.3074,-0.1986,0.2221,0.428
2.819186,-0.3241,-0.1981,0.2431,0.451
2.823912,-0.3702,-0.1931,0.2032,0.464
2.829614,-0.4217,-0.2265,0.1217,0.494
2.834498,-0.4736,-0.2217,0.0366,0.524
2.838956,-0.3067,-0.2027,-0.1286,0.389
2.843907,-0.1936,-0.1220,-0.2025,0.306
2.849326,-0.1430,-0.1083,-0.2192,0.283
2.853800,-0.0784,-0.0565,-0.2935,0.309
2.859384,-0.0233,0.0141,-0.3206,0.322
2.863786,0.0604,0.0132,-0.3485,0.354
2.869024,0.0918,0.0032,-0.3441,0.356
2.873939,0.1139,0.0031,-0.3647,0.382
2.878789,0.1461,0.0318,-0.3435,0.375
2.883794,0.1071,-0.0060,-0.2521,0.274
2.888947,0.0780,0.0185,-0.1620,0.181
2.894540,0.0398,-0.0141,-0.1539,0.160
2.899272,-0.0031,-0.0368,-0.1083,0.114
2.906935,-0.0080,-0.0784,0.0038,0.079
2.908698,-0.0228,-0.0866,0.1059,0.139
2.913671,-0.0759,-0.1233,0.1745,0.227
2.918675,-0.0768,-0.1221,0.2245,0.267
2.923829,-0.1020,-0.1354,0.2276,0.284
2.929175,-0.1418,-0.1298,0.2078,0.283
2.933517,-0.1488,-0.0674,0.1413,0.216
2.938610,-0.2230,-0.0818,0.1471,0.279
2.943678,-0.3072,-0.0725,0.1963,0.372
2.948843,-0.0298,-0.0679,0.1168,0.138
2.954619,0.0364,-0.0207,0.0853,0.095
2.958783,0.0547,0.1070,0.0398,0.127
2.963444,0.1016,0.1435,-0.0105,0.176
2.969084,0.1586,0.1041,-0.5039,0.538
2.973461,0.1400,0.1086,-0.9625,0.979
2.978703,0.1506,0.1658,-0.6352,0.674
2.983351,0.2518,0.1705,-0.0261,0.305
2.988404,0.2957,0.1513,0.2361,0.407
2.993226,0.2925,0.0418,0.2306,0.375
2.998375,0.1851,-0.0241,0.1590,0.245
3.003360,0.0835,-0.0088,0.1071,0.136
3.008542,0.0155,-0.0173,0.0414,0.047
3.013776,0.0095,0.0123,0.0283,0.032
3.018190,0.0366,0.0226,0.0203,0.048
3.023195,0.0635,0.0423,0.0504,0.091
3.028648,0.0996,0.0570,0.1757,0.210
3.032957,0.1736,0.0619,0.2814,0.336
3.038102,0.2234,0.0951,0.3821,0.453
3.042998,0.2111,0.1468,0.3925,0.469
3.048341,0.1610,0.1931,0.3701,0.447
3.053948,0.0969,0.1867,0.3293,0.391
3.058157,0.0141,0.1564,0.2845,0.325
3.063083,-0.0635,0.1170,0.0783,0.154
3.068065,-0.0549,0.1114,-0.1080,0.165
