0.001467,-0.0037,0.1067,-1.0179,1.023
0.002606,-0.0184,0.1338,-1.1582,1.166
0.007505,0.0244,0.1755,-1.1872,1.200
0.012598,0.1624,0.1843,-1.1435,1.170
0.017606,0.3194,0.1602,-1.0133,1.074
0.022927,0.3765,0.0466,-0.9491,1.022
0.027462,0.4439,0.0674,-0.8216,0.936
0.032918,0.4803,0.1362,-0.5801,0.765
0.037727,0.5038,0.1524,-0.4557,0.696
0.044337,0.5619,0.1591,-0.3188,0.665
0.048404,0.5686,0.1420,-0.1403,0.603
0.054939,0.5386,0.1107,-0.0152,0.550
0.058068,0.4669,0.1081,0.0955,0.489
0.062528,0.4206,0.1006,0.1583,0.461
0.067873,0.3514,0.1313,0.2309,0.441
0.072604,0.3022,0.1568,0.2658,0.432
0.077586,0.2630,0.1440,0.2773,0.408
0.082557,0.2146,0.1360,0.2895,0.385
0.087523,0.1710,0.1231,0.3550,0.413
0.093062,0.1088,0.1102,0.3923,0.422
0.097391,0.1039,0.1020,0.4398,0.463
0.102462,0.0127,0.1127,0.4740,0.487
0.107376,-0.0357,0.0708,0.5236,0.530
0.112497,-0.0655,0.0527,0.5454,0.552
0.117976,-0.0340,0.0488,0.5351,0.538
0.122566,-0.0266,0.0448,0.5210,0.524
0.127983,-0.0338,-0.0023,0.4556,0.457
0.137540,-0.0557,-0.0111,0.4103,0.414
0.137954,-0.0875,-0.0580,0.3468,0.362
0.142435,-0.1381,-0.0617,0.2784,0.317
0.147384,-0.1606,-0.0607,0.2109,0.272
0.152587,-0.1785,-0.0739,0.1725,0.259
0.157345,-0.1824,-0.1107,0.1582,0.266
0.162196,-0.1487,-0.2091,0.1680,0.307
0.167212,-0.1725,-0.2543,0.1352,0.336
0.172316,-0.1774,-0.2803,0.0933,0.345
0.177768,-0.1923,-0.3346,0.1378,0.410
0.182401,-0.2264,-0.3552,0.1064,0.434
0.187248,-0.3132,-0.3473,0.0710,0.473
0.193080,-0.3479,-0.3776,0.0316,0.514
0.196964,-0.4406,-0.4504,-0.0213,0.630
0.202626,-0.5481,-0.4514,-0.0353,0.711
0.207080,-0.6281,-0.4431,-0.0152,0.769
0.212217,-0.6666,-0.3970,-0.0039,0.776
0.217018,-0.7497,-0.3848,0.0369,0.843
0.221985,-0.7679,-0.4299,0.0500,0.881
0.227536,-0.8119,-0.4701,0.0595,0.940
0.236804,-0.8415,-0.4596,0.0801,0.962
0.237522,-0.8540,-0.4541,0.0731,0.970
0.241955,-0.8449,-0.4966,0.0533,0.982
0.246963,-0.8856,-0.5058,0.0252,1.020
0.252482,-0.9234,-0.4864,-0.0163,1.044
0.256896,-0.9296,-0.4767,-0.0522,1.046
0.261920,-0.9667,-0.4861,-0.1350,1.090
0.266960,-1.0294,-0.5050,-0.1601,1.158
0.272097,-1.0756,-0.5000,-0.1893,1.201
0.276953,-1.1481,-0.4997,-0.1609,1.262
0.282056,-1.1468,-0.4803,-0.0557,1.245
0.287034,-1.1196,-0.4609,0.0452,1.212
0.292190,-1.0476,-0.3988,0.1182,1.127
0.297131,-1.0589,-0.3465,0.1921,1.131
0.301740,-1.0213,-0.3040,0.2961,1.106
0.306943,-0.9297,-0.2808,0.3633,1.037
0.311965,-0.8322,-0.2148,0.4897,0.989
0.316586,-0.7575,-0.0632,0.6466,0.998
0.321682,-0.6529,0.1068,0.7532,1.002
0.326901,-0.6085,0.2093,0.9193,1.122
0.336085,-0.4927,0.3114,1.0603,1.210
0.336716,-0.3717,0.4609,1.2286,1.364
0.341767,-0.1449,0.6481,1.3097,1.468
0.346560,0.1160,0.8539,1.2894,1.551
0.351561,0.4309,1.0545,1.2533,1.694
0.356935,0.7397,1.2025,1.1902,1.847
0.361545,1.1025,1.2457,1.0532,1.969
0.366421,1.5932,1.2609,0.9793,2.256
0.371543,2.1459,1.2816,0.8816,2.650
0.376698,2.7859,1.4410,0.8700,3.255
0.381880,3.4819,1.6762,0.8912,3.966
0.386484,4.2512,1.9909,0.9393,4.787
0.391451,5.0987,2.2939,1.0252,5.684
0.396419,5.9226,2.5701,1.1342,6.555
0.401630,6.4956,2.8050,1.1849,7.174
0.406822,6.7432,2.9744,1.1391,7.458
0.411419,6.7526,3.1264,0.9964,7.508
0.416613,6.6145,3.1661,0.7547,7.372
0.421447,6.3819,3.0987,0.3574,7.103
0.426331,6.0249,2.9490,-0.1306,6.709
0.434521,5.6000,2.7227,-0.5529,6.251
0.436333,5.2300,2.4204,-0.8443,5.824
0.443458,4.9186,2.0763,-1.1108,5.453
0.446293,4.7540,1.6910,-1.2286,5.193
0.451114,4.6049,1.2597,-1.1834,4.919
0.456997,4.2979,0.8831,-1.1364,4.532
0.461187,3.9669,0.4943,-0.9187,4.102
0.466042,3.6645,0.0935,-0.6384,3.721
0.471064,3.3854,-0.2188,-0.3317,3.409
0.476501,3.1839,-0.4999,-0.0583,3.223
0.481896,2.9978,-0.8218,0.1730,3.113
0.486020,2.8341,-1.0981,0.4454,3.072
0.491010,2.5208,-1.2809,0.6071,2.892
0.496118,2.0956,-1.4611,0.5208,2.607
0.501108,1.7345,-1.6764,0.4497,2.454
0.506843,1.3757,-1.9742,0.2692,2.421
0.510979,0.9816,-2.2297,-0.1214,2.439
0.515946,0.5192,-2.4573,-0.5549,2.572
0.520949,0.0928,-2.6999,-0.9460,2.862
0.525922,-0.2560,-2.9620,-1.2429,3.222
0.534244,-0.6189,-3.1673,-1.7231,3.658
0.535867,-1.0479,-3.3786,-2.2193,4.176
0.544195,-1.4613,-3.7004,-2.6215,4.764
0.545702,-1.7527,-4.0563,-2.9306,5.302
0.550861,-1.9372,-4.2078,-3.2278,5.646
0.555831,-2.0538,-4.3277,-3.4175,5.884
0.560905,-2.2033,-4.4834,-3.5997,6.157
0.565721,-2.5366,-4.6469,-3.8074,6.521
0.570730,-2.9673,-4.8032,-4.0823,6.967
0.575877,-3.5323,-4.9296,-4.4392,7.516
0.580793,-4.2181,-5.0362,-4.8932,8.191
0.585675,-5.0785,-5.1525,-5.4120,9.035
0.590593,-5.9954,-5.2413,-5.9925,9.966
0.595553,-6.9815,-5.2947,-6.6136,10.978
0.600504,-7.8389,-5.3745,-7.2003,11.924
0.605665,-8.6713,-5.4537,-7.6074,12.760
0.610794,-9.3895,-5.4999,-7.6273,13.289
0.615630,-10.1059,-5.5003,-7.2384,13.593
0.620706,-10.9326,-5.4230,-6.6087,13.878
0.625584,-11.8822,-5.4229,-5.9328,14.346
0.630600,-12.7196,-5.7544,-5.2971,14.932
0.635513,-13.4618,-6.2785,-4.8435,15.624
0.642209,-14.0020,-6.8137,-4.4082,16.184
0.645408,-14.5634,-7.2790,-4.0222,16.771
0.650417,-15.0920,-7.9082,-3.7725,17.451
0.655324,-15.6249,-8.7273,-3.5669,18.249
0.660402,-16.0958,-9.7124,-3.3494,19.095
0.665353,-16.4119,-10.7731,-3.1124,19.877
0.670328,-16.3398,-11.9481,-3.0106,20.465
0.678463,-16.1691,-13.1985,-3.2034,21.116
0.680474,-16.0147,-14.2791,-3.4818,21.737
0.691094,-15.2893,-15.2931,-3.6779,21.936
0.691546,-13.8302,-16.4561,-4.1590,21.895
0.698593,-11.8875,-17.5872,-4.8597,21.777
0.700260,-10.0239,-18.1170,-5.3947,21.396
0.705143,-7.3904,-18.4719,-6.0998,20.810
0.710169,-4.2093,-18.6153,-7.0839,20.358
0.718181,-0.8916,-18.1480,-8.4282,20.029
0.720346,2.7155,-16.8964,-10.0824,19.862
0.726595,7.1369,-14.8797,-12.3185,20.593
0.730490,12.5249,-12.5316,-14.8134,23.094
0.735113,19.6137,-9.1628,-17.5394,27.862
0.741101,28.8230,-5.5246,-20.2764,35.671
0.745026,36.1909,-1.1630,-23.3012,43.059
0.750019,43.0449,2.8991,-24.6393,49.683
0.754961,49.4956,10.6834,-37.9082,63.253
0.760242,56.7067,6.8506,-32.9259,65.929
0.765122,57.9269,1.5566,-10.9433,58.972
0.770089,53.5229,9.3395,-8.0136,54.919
0.776932,44.4513,11.2822,-6.1089,46.266
0.779973,37.4518,8.6524,-6.3618,38.961
0.786527,32.1438,5.5093,-7.7321,33.517
0.789963,25.9759,3.3881,-9.0105,27.702
0.794764,20.1379,1.9469,-10.1005,22.613
0.800131,15.5026,0.7046,-10.5723,18.778
0.804853,11.7626,-0.9831,-10.3197,15.679
0.809984,8.5280,-3.1434,-9.7165,13.305
0.814902,5.5082,-5.1207,-8.7216,11.516
0.819864,2.6845,-6.6918,-7.5420,10.434
0.824741,0.0993,-7.9504,-6.5807,10.321
0.829845,-2.5161,-8.7864,-5.7771,10.812
0.834770,-4.7818,-9.3570,-5.2551,11.749
0.842796,-6.6803,-9.8392,-5.0513,12.921
0.844956,-8.3190,-10.3051,-5.0923,14.189
0.849731,-10.0142,-10.4038,-5.2383,15.361
0.854642,-11.7433,-10.1245,-5.4331,16.430
0.859544,-13.3406,-9.7148,-5.8434,17.507
0.865002,-14.7212,-9.3835,-6.4354,18.606
0.869631,-15.7764,-8.9711,-7.0645,19.475
0.874612,-16.3376,-8.4808,-7.5451,19.894
0.879839,-16.4560,-8.1548,-7.9361,20.007
0.884682,-16.4358,-7.9811,-8.2183,20.034
0.894050,-16.6612,-8.1435,-8.2906,20.314
0.895226,-17.0426,-8.7724,-8.0453,20.788
0.899407,-16.4441,-10.0777,-7.7450,20.783
0.904638,-18.3565,-9.6238,-6.5505,21.737
0.909552,-20.2892,-8.9132,-5.0671,22.733
0.917166,-20.4419,-9.5523,-3.6897,22.863
0.919411,-20.3676,-10.5959,-2.6447,23.111
0.924399,-21.2844,-10.6995,-1.9389,23.901
0.929338,-21.4216,-11.3366,-1.0684,24.260
0.934407,-20.4687,-12.4496,-0.3607,23.960
0.943039,-18.9768,-13.3070,0.2485,23.179
0.944332,-17.2513,-13.9245,0.8468,22.186
0.949488,-15.3471,-14.3744,1.0087,21.052
0.954327,-12.9536,-14.2463,0.4757,19.261
0.959554,-10.1923,-13.4327,-0.7732,16.880
0.966623,-7.3655,-12.5098,-2.7600,14.777
0.969306,-4.1749,-11.5906,-5.0218,13.304
0.976255,0.1450,-10.4606,-7.2712,12.740
0.979249,5.2678,-9.0227,-9.4428,14.083
0.984256,10.6040,-7.2562,-11.1004,16.980
0.989573,15.5943,-5.2187,-11.8535,20.271
0.994042,19.5152,-3.1823,-11.6472,22.948
1.001654,21.9539,-1.2964,-10.5191,24.378
1.004171,22.9749,0.4882,-8.6063,24.539
1.011634,22.9391,2.0170,-6.2279,23.855
1.014468,22.0502,2.9548,-3.9591,22.597
1.019075,20.2189,3.4160,-1.9515,20.598
1.024225,18.1975,3.5222,-0.1754,18.536
1.029067,16.6776,3.5632,1.3655,17.109
1.035526,15.2935,3.8988,2.2719,15.945
1.038993,13.9756,4.5291,2.2829,14.868
1.045244,13.3761,5.2902,1.3656,14.449
1.048903,13.8315,5.8880,-0.3903,15.038
1.053772,14.9491,6.1089,-2.3147,16.314
1.058881,16.2124,6.0987,-3.8949,17.754
1.064052,17.1966,5.9368,-4.9332,18.850
1.068926,17.7209,5.7758,-5.5362,19.443
1.073768,17.6938,5.4545,-5.7402,19.385
1.079081,17.0344,4.9346,-5.5812,18.592
1.083809,15.8824,4.3634,-5.3057,17.304
1.088653,14.4641,3.7635,-4.8859,15.724
1.093884,13.0580,2.9666,-4.4465,14.110
1.098637,11.5791,1.9624,-4.0110,12.410
1.103689,9.9714,0.7902,-3.8009,10.700
1.108791,8.2116,-0.4060,-3.7115,9.021
1.113659,6.3708,-1.5683,-3.6739,7.520
1.118704,4.5746,-2.7131,-3.6798,6.468
1.123666,2.8855,-3.7565,-3.6927,6.006
1.128846,1.3515,-4.6687,-3.6913,6.103
1.133899,-0.0978,-5.3861,-3.6904,6.530
1.139145,-1.3089,-5.9299,-3.5113,7.015
1.143443,-2.3707,-6.2187,-3.2596,7.411
1.148524,-3.1469,-6.3206,-3.0294,7.683
1.153688,-3.6012,-6.3853,-2.7238,7.820
1.158527,-3.8597,-6.3852,-2.4331,7.848
1.163581,-4.0045,-6.3651,-2.2076,7.837
1.168759,-4.1431,-6.2875,-2.0692,7.809
1.173431,-4.3188,-6.1588,-2.0161,7.788
1.178527,-4.5996,-5.9801,-1.9675,7.797
1.183472,-5.0252,-5.8485,-2.0917,7.989
1.188405,-5.5357,-5.7271,-2.1987,8.263
1.193786,-6.0508,-5.5609,-2.1036,8.483
1.198828,-6.5139,-5.2357,-1.9916,8.591
1.203379,-6.7765,-4.8879,-1.8587,8.560
1.208511,-6.7962,-4.4998,-1.6966,8.326
1.213407,-6.6302,-4.1250,-1.6020,7.971
1.218488,-6.2926,-3.8072,-1.5137,7.509
1.223575,-5.9036,-3.5999,-1.4230,7.060
1.228559,-5.4925,-3.4496,-1.3307,6.621
1.233235,-5.1453,-3.3087,-1.1656,6.227
1.238258,-4.7886,-3.1630,-0.9901,5.824
1.243454,-4.4019,-2.9118,-0.9427,5.361
1.250353,-3.9598,-2.7177,-0.9039,4.887
1.253126,-3.5187,-2.5563,-0.8547,4.432
1.258545,-3.1146,-2.4556,-0.8001,4.046
1.263024,-2.8280,-2.3481,-0.7785,3.757
1.268282,-2.5668,-2.2241,-0.7279,3.473
1.273373,-2.3256,-2.1121,-0.6818,3.215
1.278160,-2.1703,-1.9830,-0.6068,3.002
1.283274,-2.0669,-1.8176,-0.5700,2.811
1.288292,-1.9720,-1.7018,-0.5094,2.654
1.293534,-1.8325,-1.5827,-0.3158,2.442
1.298335,-1.6049,-1.4936,-0.1039,2.195
1.302922,-1.3603,-1.3624,0.1078,1.928
1.308004,-1.2175,-1.2081,0.3583,1.752
1.313033,-1.1137,-1.0928,0.5808,1.665
1.318434,-1.0871,-0.9973,0.8141,1.685
1.323380,-1.0275,-0.8783,0.9719,1.665
1.327983,-0.9493,-0.7218,0.9827,1.545
1.332885,-0.8430,-0.6473,0.8753,1.377
1.337924,-0.7564,-0.5923,0.7602,1.225
1.343020,-0.6844,-0.5710,0.6417,1.098
1.352684,-0.6893,-0.5262,0.5344,1.019
1.353040,-0.6467,-0.4768,0.4425,0.917
1.357730,-0.5131,-0.3606,0.3130,0.701
1.362664,-0.3412,-0.2540,0.1985,0.469
1.367834,-0.0874,-0.1710,0.0985,0.216
1.373218,0.1295,-0.1353,0.0033,0.187
1.378464,0.3100,-0.1129,-0.0675,0.337
1.382960,0.4785,-0.1276,0.0099,0.495
1.387670,0.5924,-0.1409,-0.0036,0.609
1.393232,0.6040,-0.0955,-0.0120,0.612
1.398220,0.5276,-0.0108,-0.0152,0.528
1.402685,0.4063,-0.0732,-0.0229,0.413
1.407545,0.2493,-0.2062,-0.1065,0.341
1.412576,0.0129,-0.3813,-0.2470,0.455
1.417714,-0.2942,-0.5222,-0.4396,0.743
1.423381,-0.5962,-0.7346,-0.5075,1.074
1.427543,-0.9034,-0.9421,-0.4514,1.381
1.432410,-1.1638,-1.0734,-0.4243,1.639
1.438508,-1.4212,-1.0954,-0.4207,1.843
1.443008,-1.7194,-1.2239,-0.4929,2.167
1.451357,-2.0304,-1.4638,-0.6506,2.586
1.452527,-2.4317,-1.7866,-0.8989,3.148
1.457280,-2.9049,-2.0492,-1.1996,3.752
1.462338,-3.4561,-2.2378,-1.5250,4.391
1.467474,-3.9906,-2.4679,-1.7697,5.015
1.473325,-4.4806,-2.7205,-1.9489,5.592
1.477428,-4.9649,-2.9671,-2.1725,6.178
1.482293,-5.6839,-3.2608,-2.5024,7.014
1.487343,-6.7733,-3.6452,-2.7333,8.163
1.493100,-8.1673,-4.1875,-2.9006,9.626
1.498229,-9.7554,-4.8651,-2.9530,11.294
1.502200,-11.4736,-5.5684,-3.0631,13.116
1.507243,-13.2832,-6.1405,-3.1346,14.966
1.512318,-15.0893,-6.8118,-3.1096,16.845
1.517292,-17.0077,-7.7782,-3.0108,18.943
1.522483,-18.5662,-8.9270,-2.9309,20.808
1.527620,-19.4204,-10.5583,-2.7313,22.273
1.535874,-19.7795,-12.5037,-2.1746,23.501
1.537148,-19.0210,-14.5282,-1.5100,23.982
1.542055,-19.6074,-15.5123,-0.4465,25.006
1.547112,-19.1981,-16.8528,-0.1939,25.546
1.552309,-19.2787,-17.4034,-0.2999,25.974
1.558148,-17.0408,-19.5106,-1.4727,25.946
1.562104,-14.2939,-21.7520,-3.7969,26.304
1.568752,-12.0489,-22.6300,-7.1415,26.614
1.571976,-9.4958,-22.3688,-10.5680,26.499
1.578766,-5.6541,-21.5449,-13.5003,26.046
1.589995,0.2827,-19.9331,-15.9194,25.512
1.590355,8.0473,-17.1211,-18.3072,26.326
1.596994,15.9534,-13.5820,-20.2861,29.163
1.597473,23.5482,-8.8245,-21.7196,33.228
1.601902,31.6577,-4.1441,-22.4494,39.030
1.606806,37.4101,-0.2007,-23.1965,44.019
1.611811,41.6733,3.6395,-22.5037,47.501
1.617631,44.3760,6.6235,-20.0351,49.138
1.621834,44.3385,8.1643,-17.4456,48.342
1.626906,42.2405,7.8685,-14.8560,45.463
1.632119,38.8630,6.4456,-12.1454,41.224
1.636743,34.4063,5.5443,-9.4275,36.103
1.641774,29.4594,4.9422,-7.2642,30.742
1.646723,24.6252,3.9374,-5.9700,25.643
1.651707,19.7368,2.7941,-5.4700,20.670
1.656810,15.2198,1.9637,-5.3606,16.255
1.661557,11.6238,1.3645,-5.3892,12.885
1.667360,8.8486,0.7553,-5.2801,10.332
1.671854,6.4578,-0.0704,-5.0513,8.199
1.677220,3.6866,-0.9841,-4.8550,6.175
1.681421,-0.0184,-1.5888,-4.6506,4.915
1.686498,-4.1771,-1.9731,-4.3344,6.335
1.691463,-7.7890,-2.3989,-3.8668,9.021
1.696560,-10.4133,-2.9287,-3.2085,11.283
1.701548,-12.2612,-3.5104,-2.1986,12.942
1.706505,-13.3671,-3.9370,-0.8169,13.959
1.711367,-13.5988,-4.2779,0.7877,14.278
1.716480,-13.0929,-4.5267,2.2720,14.038
1.721357,-12.1658,-4.7341,3.3778,13.484
1.726615,-10.8924,-4.9173,3.9422,12.584
1.736506,-9.3515,-5.0495,4.0363,11.368
1.737078,-7.7487,-5.0271,3.8136,9.993
1.744408,-6.3919,-4.8747,3.2327,8.664
1.746402,-5.1435,-4.6505,2.5050,7.373
1.751237,-4.0385,-4.3927,1.6452,6.190
1.756402,-3.1028,-4.1061,0.8028,5.209
1.761338,-2.2621,-3.7525,0.0515,4.382
1.766266,-1.4902,-3.4323,-0.5537,3.783
1.771221,-0.9627,-3.1646,-0.9178,3.433
1.776477,-0.6596,-2.8586,-1.0838,3.128
1.781466,-0.5806,-2.5433,-1.0408,2.809
1.786135,-0.6689,-2.1854,-0.8544,2.440
1.791061,-0.8013,-1.8427,-0.4503,2.059
1.796300,-0.9160,-1.5680,0.0101,1.816
1.801131,-0.9569,-1.3089,0.4333,1.678
1.806392,-1.0589,-1.0752,0.6194,1.631
1.811061,-1.1750,-0.8905,0.5161,1.562
1.816168,-1.3006,-0.6637,0.2565,1.483
1.821186,-1.2492,-0.4855,-0.1467,1.348
1.826299,-1.0299,-0.3552,-0.5954,1.242
1.834001,-0.7617,-0.2533,-1.0200,1.298
1.836016,-0.3524,-0.2130,-1.4039,1.463
1.840905,-0.0118,-0.1621,-1.6537,1.662
1.845770,0.3473,-0.1291,-1.7327,1.772
1.850944,0.7688,-0.0566,-1.6607,1.831
1.856467,1.1146,-0.0451,-1.4094,1.797
1.860764,1.4531,-0.0709,-1.0595,1.800
1.865724,1.6894,-0.1533,-0.5861,1.795
1.870681,1.7665,-0.1777,-0.1126,1.779
1.875866,1.8861,-0.1636,0.3101,1.918
1.881280,1.9617,-0.1927,0.7364,2.104
1.885761,2.0126,-0.1646,1.0760,2.288
1.890673,2.0292,-0.1372,1.3880,2.462
1.895539,2.0640,-0.1107,1.5970,2.612
1.900552,1.9351,-0.0518,1.7470,2.608
1.906378,1.6273,0.0060,1.8481,2.462
1.910579,1.1633,0.0485,1.8144,2.156
1.915540,0.7098,0.0712,1.7073,1.850
1.920741,0.3612,0.0791,1.5409,1.585
1.925599,0.0689,0.0438,1.3193,1.322
1.930741,-0.1487,-0.0010,1.1137,1.124
1.935596,-0.3354,0.0357,1.0243,1.078
1.942702,-0.4679,0.0726,0.9313,1.045
1.945505,-0.4646,0.1477,0.8535,0.983
1.950503,-0.3156,0.1368,0.8101,0.880
1.956641,-0.1207,0.1402,0.7581,0.780
1.960643,0.0108,0.1291,0.6782,0.690
1.965503,0.2137,0.1036,0.6423,0.685
1.970401,0.3449,0.0636,0.6213,0.713
1.975849,0.5491,0.0426,0.6055,0.818
1.981516,0.8076,0.0503,0.5611,0.985
1.985422,0.9485,0.1248,0.4928,1.076
1.990381,0.9385,0.2183,0.3571,1.028
1.995333,0.8685,0.2689,0.1198,0.917
2.000515,0.8532,0.2625,-0.1619,0.907
2.005481,0.8642,0.2186,-0.3642,0.963
2.010342,0.7095,0.2136,-0.4489,0.866
2.015332,0.5803,0.2475,-0.3916,0.743
2.020292,0.5528,0.2195,-0.2059,0.629
2.025357,0.5452,0.1964,-0.0395,0.581
2.030149,0.5044,0.1348,0.1662,0.548
2.035522,0.5169,0.0825,0.3255,0.616
2.042407,0.3276,0.0775,0.4486,0.561
2.045093,0.0170,0.1151,0.4928,0.506
2.050049,-0.2146,0.0515,0.4533,0.504
2.055068,-0.3153,-0.0218,0.2388,0.396
2.060341,-0.5058,-0.0284,0.1028,0.517
2.065071,-0.6616,-0.0687,0.0163,0.665
2.070047,-0.7013,-0.0901,-0.0067,0.707
2.075172,-0.6344,-0.0351,0.0289,0.636
2.080127,-0.4123,-0.0665,-0.0592,0.422
2.085090,-0.2302,-0.0645,-0.1131,0.264
2.089932,-0.0925,0.0043,-0.0946,0.132
2.094996,0.0304,0.0297,-0.0277,0.051
2.100430,0.1774,-0.0072,-0.0321,0.180
2.105298,0.2099,-0.0107,-0.0841,0.226
2.109891,0.1856,-0.0383,-0.0398,0.194
2.115356,0.1524,-0.0660,-0.0239,0.168
2.120281,0.0764,-0.1033,0.0209,0.130
2.124920,0.0585,-0.1213,0.0226,0.137
2.130118,0.0552,-0.1250,0.0147,0.137
2.134967,0.0522,-0.1478,0.0162,0.158
2.144287,0.0158,-0.1466,0.0799,0.168
2.144892,0.0128,-0.1502,0.1145,0.189
2.149822,-0.0239,-0.1346,0.1683,0.217
2.154746,-0.0513,-0.1382,0.2509,0.291
2.159832,-0.1081,-0.1227,0.3528,0.389
2.164810,-0.1705,-0.0980,0.4077,0.453
2.169691,-0.1956,-0.1072,0.3534,0.418
2.174831,-0.2745,-0.0687,0.3145,0.423
2.179679,-0.3354,-0.0259,0.3006,0.451
2.184808,-0.3017,-0.0313,0.2925,0.421
2.189738,-0.3552,-0.0131,0.3284,0.484
2.194736,-0.4002,0.0240,0.3508,0.533
2.199566,-0.3019,0.0034,0.2972,0.424
2.204584,-0.3091,0.0020,0.2294,0.385
2.209475,-0.2825,0.0341,0.1425,0.318
2.214767,-0.2748,0.0662,0.0985,0.299
2.219475,-0.2380,0.1129,0.0730,0.273
2.224637,-0.2054,0.1311,0.0274,0.245
2.229707,-0.1868,0.1113,-0.0191,0.218
2.235269,-0.1818,0.1300,0.0151,0.224
2.243539,-0.0850,0.1632,0.0390,0.188
2.244479,-0.0594,0.1965,0.1151,0.235
2.249360,-0.0958,0.2442,0.1336,0.294
2.254531,-0.1128,0.2678,0.1473,0.326
2.259421,-0.1923,0.2865,0.0895,0.356
2.264759,-0.2338,0.2669,0.0462,0.358
2.269347,-0.2950,0.1946,0.0465,0.356
2.274399,-0.2754,0.1750,0.0518,0.330
2.279322,-0.2228,0.1888,0.0142,0.292
2.284502,-0.2329,0.2407,0.0298,0.336
2.289820,-0.2484,0.1966,0.0317,0.318
2.294179,-0.2212,0.1333,0.0631,0.266
2.299127,-0.2042,0.0792,0.1004,0.241
2.304208,-0.2353,0.0631,0.1150,0.269
2.309135,-0.1711,0.0562,0.0016,0.180
2.314882,-0.1504,0.0011,-0.0005,0.150
2.319125,-0.1344,-0.0543,-0.0157,0.146
2.324587,-0.0467,-0.0955,-0.0921,0.141
2.329491,0.0125,-0.0937,-0.2878,0.303
2.335250,0.0194,-0.1254,-0.4498,0.467
2.343865,0.0413,-0.1663,-0.5259,0.553
2.344179,0.0014,-0.2072,-0.5209,0.561
2.348947,-0.0143,-0.1712,-0.4733,0.504
2.354024,0.0178,-0.1353,-0.4405,0.461
2.358989,0.0740,-0.1565,-0.4035,0.439
2.364935,0.1160,-0.1682,-0.3525,0.407
2.368911,0.1296,-0.2036,-0.2298,0.333
2.373983,0.1820,-0.1673,-0.0740,0.258
2.378924,0.1533,-0.1358,-0.0380,0.208
2.384048,0.0485,-0.2000,-0.0309,0.208
2.389844,-0.0081,-0.2066,0.0526,0.213
2.394154,-0.0310,-0.1926,0.0728,0.208
2.399044,-0.0297,-0.2072,0.0212,0.210
2.403865,-0.0567,-0.2403,-0.0165,0.247
2.409196,-0.0880,-0.2826,-0.0163,0.296
2.414810,-0.1474,-0.3101,0.0643,0.349
2.418832,-0.1446,-0.2851,0.1487,0.353
2.423874,-0.1323,-0.2460,0.1561,0.320
2.428698,-0.0869,-0.1643,0.0966,0.209
2.435393,-0.0846,-0.1259,0.0086,0.152
2.439023,-0.0488,-0.1018,-0.0273,0.116
2.445306,-0.0464,-0.0396,0.0030,0.061
2.448534,-0.0392,-0.0254,0.0609,0.077
2.453634,-0.0653,-0.0159,0.1702,0.183
2.458866,-0.0722,0.0031,0.1977,0.211
2.463649,-0.0793,0.0457,0.2582,0.274
2.468721,-0.1389,0.0452,0.2848,0.320
2.473600,-0.1842,0.0352,0.2448,0.308
2.478578,-0.2343,0.0300,0.2195,0.323
2.483530,-0.2753,0.0390,0.2326,0.363
2.488555,-0.2689,0.0242,0.2886,0.395
2.494172,-0.2395,0.0189,0.2826,0.371
2.498473,-0.2248,0.0278,0.2913,0.369
2.503439,-0.2203,0.0698,0.3146,0.390
2.508384,-0.1828,0.1113,0.3190,0.384
2.513509,-0.1031,0.1191,0.2525,0.298
2.519050,-0.1573,0.1078,0.1676,0.254
2.523523,-0.1923,0.0634,0.0548,0.210
2.528392,-0.1893,0.0479,-0.0191,0.196
2.533982,-0.2152,0.0182,-0.0162,0.217
2.538495,-0.2701,0.0220,-0.0228,0.272
2.544316,-0.2731,-0.0028,0.0090,0.273
2.548375,-0.2481,-0.0464,-0.0211,0.253
2.553303,-0.2137,-0.1082,-0.5845,0.632
2.558241,-0.1219,-0.1492,-2.0455,2.055
2.563280,-0.0790,-0.0705,-0.7740,0.781
2.568637,-0.0900,-0.0595,0.8880,0.895
2.573111,0.0364,-0.0922,1.1090,1.113
2.578503,0.1477,-0.1540,0.9127,0.937
2.583056,0.2682,-0.1872,0.7531,0.821
2.588079,0.3266,-0.1588,0.5958,0.698
2.594009,0.2090,-0.0310,0.3595,0.417
2.598047,0.0831,0.0960,-0.0466,0.135
2.603204,0.0057,0.1749,-0.4318,0.466
2.608229,0.0240,0.1446,-0.6594,0.675
2.613040,0.0856,0.1248,-0.7212,0.737
