0.000708,0.0290,0.1454,-0.7106,0.726
0.009223,0.1234,0.1641,-0.6996,0.729
0.009803,0.1844,0.1734,-0.6338,0.683
0.013755,0.2316,0.1544,-0.5133,0.584
0.018715,0.2743,0.1073,-0.3807,0.481
0.023831,0.2556,0.0939,-0.2546,0.373
0.029214,0.2376,0.0569,-0.1491,0.286
0.033777,0.3442,-0.0510,-0.0638,0.354
0.038905,0.3936,-0.0392,-0.0694,0.402
0.043799,0.2958,0.0197,0.0826,0.308
0.049425,0.2846,0.0590,0.2249,0.367
0.053997,0.2878,-0.0305,0.2816,0.404
0.058861,0.2912,-0.0530,0.3338,0.446
0.063733,0.2900,-0.0231,0.3438,0.450
0.068702,0.2654,0.0158,0.2688,0.378
0.073796,0.2793,0.0638,0.1805,0.339
0.079115,0.2554,0.0306,0.1456,0.296
0.083594,0.2365,0.0358,0.0822,0.253
0.088751,0.2182,0.0884,0.0380,0.238
0.093603,0.1860,0.0933,-0.0161,0.209
0.098676,0.1971,0.0982,-0.0655,0.230
0.109332,0.2324,0.1364,-0.0627,0.277
0.109724,0.2300,0.1364,-0.0604,0.274
0.113654,0.2469,0.1364,-0.0680,0.290
0.118526,0.2646,0.1745,-0.0526,0.321
0.124775,0.2353,0.1839,-0.0472,0.302
0.128497,0.2259,0.1744,-0.1041,0.304
0.133394,0.1838,0.1508,-0.1423,0.277
0.138365,0.1521,0.1369,-0.0997,0.228
0.143509,0.1348,0.0995,-0.0530,0.176
0.148648,0.0801,0.0625,-0.0260,0.105
0.154066,0.0401,0.0828,0.0199,0.094
0.158472,-0.0044,0.0554,0.0992,0.114
0.163349,-0.0107,0.0186,0.1926,0.194
0.168370,-0.0077,-0.0085,0.2386,0.239
0.173762,-0.0434,-0.0071,0.2806,0.284
0.179199,-0.0553,-0.0439,0.2330,0.243
0.183680,-0.0866,-0.0995,0.1916,0.233
0.188320,-0.0943,-0.1930,0.2277,0.313
0.193306,-0.0835,-0.2288,0.2597,0.356
0.198291,-0.0635,-0.2551,0.2545,0.366
0.204210,-0.0585,-0.2860,0.1933,0.350
0.208478,-0.0676,-0.2836,0.1191,0.315
0.213097,-0.0528,-0.3146,0.0459,0.322
0.218089,-0.0715,-0.2883,-0.0265,0.298
0.223322,-0.1520,-0.2575,-0.0984,0.315
0.229115,-0.2180,-0.2173,-0.1413,0.339
0.233382,-0.2364,-0.2107,-0.1651,0.357
0.238072,-0.2643,-0.2230,-0.2176,0.409
0.243076,-0.3586,-0.1877,-0.2318,0.466
0.250030,-0.4146,-0.1669,-0.2318,0.503
0.253963,-0.4896,-0.1699,-0.2939,0.596
0.258080,-0.5886,-0.1157,-0.3321,0.686
0.266970,-0.7258,-0.1095,-0.3370,0.808
0.267937,-0.8058,-0.1031,-0.2852,0.861
0.273110,-0.8627,-0.1348,-0.2722,0.915
0.278284,-0.9443,-0.1518,-0.2356,0.985
0.283964,-0.9889,-0.2401,-0.1372,1.027
0.287967,-1.0304,-0.2945,-0.0247,1.072
0.292899,-1.0496,-0.2821,0.0927,1.091
0.297960,-1.0377,-0.3034,0.2105,1.101
0.302829,-1.0469,-0.3011,0.2956,1.129
0.308141,-0.9870,-0.3181,0.2916,1.077
0.312852,-0.9862,-0.2927,0.3131,1.075
0.317796,-0.9494,-0.3248,0.3505,1.063
0.323057,-0.9620,-0.2810,0.3226,1.053
0.327766,-1.0004,-0.2426,0.2823,1.067
0.332751,-1.0170,-0.2332,0.2340,1.069
0.337706,-0.9882,-0.2383,0.1777,1.032
0.342882,-0.9285,-0.2102,0.1607,0.965
0.347711,-0.9095,-0.2015,0.2017,0.953
0.352714,-0.9307,-0.1691,0.2528,0.979
0.358006,-0.9266,-0.1561,0.3763,1.012
0.362603,-0.9065,-0.0580,0.4911,1.033
0.367730,-0.8136,0.0392,0.5736,0.996
0.375531,-0.6053,0.1354,0.6432,0.894
0.377535,-0.3723,0.1880,0.6666,0.786
0.383022,-0.1655,0.2400,0.6770,0.737
0.390682,0.1236,0.3153,0.6513,0.734
0.392498,0.3484,0.4232,0.6129,0.822
0.397481,0.5100,0.5446,0.6187,0.969
0.402387,0.6565,0.6508,0.6156,1.111
0.407700,0.8451,0.7517,0.6033,1.282
0.412631,0.9811,0.8283,0.6331,1.432
0.417244,1.0776,0.9140,0.7153,1.584
0.422345,1.1694,1.0087,0.8291,1.753
0.427240,1.2372,1.0077,1.0338,1.901
0.432305,1.2666,1.0019,1.3206,2.086
0.437540,1.3007,1.0580,1.6998,2.388
0.442300,1.3780,1.0898,2.0908,2.731
0.447428,1.4585,1.1113,2.4006,3.021
0.452481,1.5287,1.1656,2.6011,3.234
0.457262,1.5507,1.2192,2.7071,3.350
0.462284,1.6831,1.2292,2.6570,3.377
0.467348,1.9165,1.2721,2.5462,3.431
0.472312,2.2432,1.3194,2.3676,3.518
0.477145,2.6199,1.3708,2.1428,3.652
0.482134,2.9627,1.4455,1.9123,3.811
0.487198,3.1965,1.5530,1.5507,3.877
0.492142,3.3798,1.7170,1.1758,3.969
0.497140,3.6181,1.8373,0.7237,4.122
0.502001,3.8208,1.8665,0.1672,4.256
0.507395,4.0365,1.8522,-0.2730,4.450
0.514928,4.1893,1.8043,-0.6624,4.609
0.517119,4.3274,1.7657,-0.9109,4.762
0.522956,4.2597,1.6934,-1.0245,4.697
0.526892,4.1681,1.6972,-1.1133,4.636
0.531976,4.0221,1.6341,-1.1684,4.496
0.537222,3.8478,1.4561,-1.0879,4.255
0.541944,3.6675,1.2165,-0.9000,3.967
0.547123,3.5577,0.9583,-0.6225,3.737
0.552013,3.5468,0.7010,-0.2059,3.621
0.556967,3.5530,0.4588,0.2464,3.591
0.562149,3.4598,0.2463,0.4829,3.502
0.566952,3.2804,0.0060,0.5532,3.327
0.571862,3.0456,-0.2902,0.5300,3.105
0.576885,2.7744,-0.5846,0.4996,2.879
0.581870,2.4518,-0.8101,0.4861,2.628
0.587280,2.1970,-0.9716,0.3888,2.433
0.591847,2.0253,-1.0975,0.1457,2.308
0.596855,1.9181,-1.4030,-0.1993,2.385
0.601958,1.8294,-1.8059,-0.5128,2.621
0.606913,1.6541,-2.1147,-0.8001,2.801
0.612207,1.3965,-2.2675,-1.0661,2.868
0.617443,0.9984,-2.3506,-1.4495,2.937
0.621982,0.7094,-2.4599,-1.7745,3.115
0.626688,0.6633,-2.7000,-2.2082,3.551
0.631723,0.4026,-2.9655,-2.9135,4.177
0.637386,-0.0346,-3.1991,-3.6566,4.859
0.641724,-0.5391,-3.3581,-4.2477,5.442
0.646627,-1.2605,-3.4667,-4.7741,6.033
0.651592,-2.0779,-3.5118,-5.2656,6.662
0.656683,-2.6964,-3.6316,-5.6603,7.246
0.664132,-3.2059,-3.7455,-5.9160,7.701
0.666691,-3.7122,-3.9448,-6.1238,8.176
0.671446,-4.2582,-4.0860,-6.1784,8.544
0.676426,-4.7774,-4.2367,-5.9988,8.761
0.682322,-5.2574,-4.4692,-5.7184,8.962
0.687464,-5.8588,-4.7735,-5.4378,9.310
0.691667,-6.5168,-5.0739,-5.1702,9.744
0.696597,-7.3240,-5.3664,-4.7669,10.255
0.701624,-8.3055,-5.6422,-4.2464,10.902
0.706710,-9.2962,-5.9025,-3.6463,11.600
0.712445,-10.1799,-6.0913,-2.9364,12.221
0.717142,-11.2801,-6.1287,-2.1831,13.022
0.721288,-12.6531,-6.1455,-1.6286,14.161
0.726273,-13.9248,-6.3291,-1.5443,15.373
0.731362,-15.1900,-6.7227,-1.7277,16.701
0.737264,-16.3805,-7.2252,-1.7665,17.990
0.741786,-16.9470,-7.9065,-1.5010,18.761
0.746187,-17.2378,-8.6560,-1.1792,19.325
0.751307,-17.2363,-9.6800,-0.8037,19.785
0.756861,-16.8165,-10.9641,-0.6599,20.086
0.761114,-16.2231,-12.1157,-0.9089,20.268
0.766176,-15.3885,-12.9721,-1.4836,20.181
0.775787,-14.0704,-13.6574,-2.2402,19.736
0.776273,-12.2791,-14.1966,-3.2006,19.041
0.781875,-10.0328,-14.4270,-4.2719,18.084
0.786008,-7.4947,-14.3700,-5.2802,17.045
0.791296,-4.6659,-13.9382,-6.1774,15.944
0.797609,-1.2429,-12.7693,-7.1235,14.675
0.801690,3.0381,-11.0276,-8.6463,14.339
0.805881,8.1644,-8.9310,-10.8053,16.223
0.810710,14.0894,-6.6495,-13.5750,20.664
0.816394,20.3469,-3.9520,-16.1213,26.259
0.821840,26.7179,-0.9674,-17.6568,32.040
0.825877,32.6776,2.0327,-18.2613,37.489
0.830821,37.4087,4.8927,-18.0268,41.813
0.835905,40.6217,7.3653,-17.0405,44.663
0.840837,42.0459,9.0960,-15.9522,45.881
0.847851,41.5207,9.8659,-14.8940,45.201
0.851053,39.2174,9.7137,-13.6171,42.635
0.856544,35.7277,8.8821,-11.9890,38.718
0.863135,31.2572,7.6904,-10.0190,33.713
0.866358,26.2317,6.4795,-7.8897,28.148
0.870548,21.5453,5.3235,-5.9909,22.988
0.875548,17.5308,4.0245,-4.4256,18.523
0.880463,14.1650,2.6178,-3.0599,14.726
0.885429,11.4475,1.2563,-1.9588,11.682
0.890558,8.9292,-0.0451,-1.5001,9.054
0.895727,6.7676,-1.3942,-1.3211,7.035
0.900549,4.9403,-2.6865,-1.3515,5.784
0.905575,3.1561,-3.8396,-1.8283,5.296
0.910507,1.4540,-5.0153,-2.6309,5.847
0.916087,-0.2992,-6.2132,-3.6060,7.190
0.920952,-2.1094,-7.3411,-4.5167,8.874
0.925463,-4.0884,-8.3870,-5.2068,10.685
0.931449,-6.0738,-9.2309,-5.5903,12.384
0.935639,-8.1702,-9.7980,-5.7848,14.008
0.940396,-10.9678,-9.8900,-5.9082,15.906
0.946630,-14.6717,-9.6544,-6.1704,18.616
0.950532,-18.6021,-9.7221,-6.5211,21.979
0.955311,-22.1039,-10.0434,-6.6197,25.165
0.960598,-25.3916,-10.0732,-6.2743,28.028
0.965282,-28.3544,-10.0227,-5.2403,30.527
0.973903,-30.3636,-10.1978,-3.6247,32.235
0.975466,-31.3200,-10.7967,-1.7704,33.176
0.980635,-31.5803,-11.8536,-0.1200,33.732
0.985456,-31.1194,-13.2192,1.0764,33.828
0.993430,-30.1064,-14.9667,1.8772,33.674
1.002159,-28.7124,-16.9087,2.2770,33.399
1.006390,-26.6207,-18.9242,2.3804,32.748
1.006724,-23.8353,-20.8285,2.1273,31.725
1.009862,-20.8013,-22.1786,1.1531,30.429
1.015769,-17.8688,-22.7677,-0.5866,28.948
1.020201,-15.0734,-22.7589,-2.8781,27.449
1.025148,-12.4042,-22.0358,-5.5171,25.882
1.031047,-9.7004,-20.6923,-8.3998,24.348
1.035173,-6.5398,-19.1902,-11.2125,23.168
1.043965,-2.6477,-17.3762,-13.7228,22.299
1.049967,2.1535,-15.2727,-16.0858,22.286
1.050601,7.4275,-12.7129,-17.9621,23.225
1.057256,13.1156,-9.8648,-18.9087,25.037
1.060035,18.8735,-6.8489,-18.9596,27.615
1.064928,24.2480,-3.6403,-18.1861,30.528
1.071473,28.5915,-0.3720,-16.9530,33.242
1.074907,31.0555,2.5112,-15.3305,34.724
1.079726,31.7826,4.4874,-13.4673,34.809
1.084810,31.2323,5.5167,-11.3991,33.702
1.089759,29.9341,5.9064,-9.2785,31.891
1.098587,28.2402,6.0773,-7.3696,29.812
1.100517,26.1603,6.1394,-5.8663,27.504
1.107497,23.6608,5.9394,-4.7621,24.855
1.109783,20.9282,5.5538,-3.8784,21.997
1.115033,18.2434,5.0839,-3.0534,19.183
1.120320,15.7109,4.7406,-2.1741,16.554
1.124670,13.3850,4.4756,-1.2962,14.173
1.129602,11.2776,4.2242,-0.5651,12.056
1.134685,9.4007,3.8975,0.0407,10.177
1.139889,7.8431,3.4346,0.4841,8.576
1.145460,6.5005,2.9672,0.7931,7.190
1.149579,5.3761,2.5784,0.8863,6.028
1.154576,4.3424,2.1172,0.8246,4.901
1.160172,3.3216,1.6417,0.7229,3.775
1.164638,2.3799,1.1712,0.5146,2.702
1.172778,1.5159,0.6682,0.2043,1.669
1.174532,0.7728,0.1726,-0.0722,0.795
1.180910,0.2419,-0.3659,-0.3195,0.543
1.184455,-0.2253,-0.8832,-0.6796,1.137
1.189373,-0.7264,-1.3741,-1.0049,1.851
1.195331,-1.2966,-1.9293,-1.3449,2.686
1.199516,-1.7754,-2.5102,-1.6486,3.489
1.204397,-2.2404,-3.0727,-1.9632,4.280
1.209373,-2.7351,-3.4559,-2.1348,4.897
1.214582,-3.2454,-3.7074,-2.0327,5.330
1.220462,-3.6486,-3.8085,-1.7570,5.559
1.224328,-3.8980,-3.8080,-1.4019,5.627
1.229239,-4.0469,-3.7020,-0.9756,5.571
1.234301,-4.0935,-3.4911,-0.6092,5.414
1.239371,-3.9847,-3.3392,-0.3429,5.210
1.244363,-3.8665,-3.2371,-0.2177,5.047
1.250120,-3.7048,-3.1183,-0.1469,4.845
1.254227,-3.5230,-3.0265,-0.0827,4.645
1.259573,-3.3829,-2.8186,-0.0776,4.404
1.264396,-3.3196,-2.5382,-0.0453,4.179
1.269182,-3.2192,-2.3149,-0.0644,3.966
1.274389,-3.0448,-2.0867,-0.1681,3.695
1.279127,-2.8539,-1.8682,-0.3145,3.425
1.284015,-2.6554,-1.7310,-0.4804,3.206
1.288947,-2.4249,-1.6370,-0.6476,2.997
1.294122,-2.1917,-1.5049,-0.7785,2.770
1.299164,-1.9102,-1.4064,-0.7640,2.492
1.303965,-1.6244,-1.3177,-0.6760,2.198
1.308919,-1.4247,-1.2389,-0.5624,1.970
1.314396,-1.3205,-1.1842,-0.5048,1.844
1.319147,-1.1915,-1.1108,-0.4460,1.689
1.324101,-1.0859,-1.0520,-0.4293,1.572
1.328814,-0.9210,-0.9935,-0.3929,1.411
1.333841,-0.7833,-0.9257,-0.3273,1.256
1.338854,-0.6624,-0.8630,-0.2566,1.118
1.343995,-0.5483,-0.7813,-0.1759,0.971
1.348918,-0.4642,-0.6904,-0.0851,0.836
1.353832,-0.3623,-0.5615,0.0537,0.670
1.359121,-0.2267,-0.4901,0.1499,0.560
1.363926,-0.1725,-0.4092,0.2515,0.510
1.368731,-0.0886,-0.2614,0.3488,0.445
1.373823,-0.0134,-0.1137,0.4084,0.424
1.378680,0.1444,-0.0329,0.4538,0.477
1.383778,0.3559,0.0193,0.4703,0.590
1.388686,0.5410,0.0958,0.4104,0.686
1.393715,0.6808,0.1297,0.2833,0.749
1.398669,0.7755,0.1403,0.1651,0.805
1.403891,0.8591,0.2090,0.0409,0.885
1.408518,0.9411,0.1972,-0.0847,0.965
1.413560,0.9201,0.2100,-0.1788,0.961
1.418466,0.8793,0.2573,-0.2365,0.946
1.423607,0.7028,0.2481,-0.2766,0.795
1.429001,0.5529,0.1824,-0.2754,0.644
1.433633,0.4292,0.0842,-0.2231,0.491
1.438404,0.3458,0.0158,-0.1386,0.373
1.443576,0.2437,-0.0663,-0.0213,0.253
1.448701,0.1681,-0.1807,0.1100,0.270
1.456119,0.1510,-0.2368,0.2657,0.387
1.458417,0.1302,-0.3255,0.4273,0.553
1.467492,0.1344,-0.4038,0.6051,0.740
1.468759,0.0534,-0.4955,0.7041,0.863
1.473354,-0.0426,-0.5295,0.7724,0.937
1.478247,-0.1085,-0.5388,0.7290,0.913
1.483478,-0.1796,-0.5525,0.6025,0.837
1.488314,-0.3468,-0.5898,0.2827,0.740
1.493483,-0.5483,-0.6746,-0.0392,0.870
1.498534,-0.7798,-0.7927,-0.3019,1.152
1.503960,-0.9952,-0.8919,-0.5731,1.454
1.508361,-1.2072,-0.9670,-0.8723,1.776
1.513312,-1.4558,-1.0664,-1.1952,2.165
1.518241,-1.6933,-1.1521,-1.5375,2.561
1.523451,-1.8867,-1.2623,-1.8374,2.920
1.528736,-2.0696,-1.4450,-2.1675,3.327
1.533326,-2.0320,-1.6907,-2.2224,3.453
1.538401,-1.8922,-2.0035,-2.1938,3.522
1.543520,-1.8568,-2.0872,-2.3489,3.650
1.548576,-1.9644,-2.1002,-2.5620,3.851
1.553421,-2.2683,-2.2537,-2.7665,4.228
1.558504,-2.6731,-2.6192,-2.8484,4.703
1.563203,-3.3096,-3.0249,-2.9663,5.376
1.568246,-4.2752,-3.4191,-3.0632,6.273
1.573410,-5.6537,-3.7263,-3.0922,7.444
1.578727,-7.2369,-4.0531,-2.9685,8.810
1.583571,-8.7793,-4.4005,-2.5925,10.157
1.587927,-10.2749,-4.8700,-1.8972,11.528
1.593177,-11.7635,-5.3992,-0.7893,12.967
1.598070,-13.5420,-5.7835,0.5286,14.735
1.609161,-15.5936,-6.0474,1.8265,16.825
1.609783,-17.4442,-6.4204,2.7020,18.784
1.612845,-18.8292,-7.2934,2.9786,20.411
1.617668,-19.9230,-8.6009,2.5624,21.851
1.622845,-20.7841,-9.9602,1.5085,23.097
1.631744,-21.3155,-11.4264,-0.0315,24.185
1.632802,-21.4971,-13.0694,-1.8864,25.229
1.641953,-21.0378,-14.9018,-3.8861,26.072
1.642635,-19.8363,-16.6201,-5.6709,26.493
1.647517,-17.8045,-18.1418,-7.0319,26.374
1.653745,-14.9801,-19.3142,-8.0524,25.735
1.657717,-11.9218,-19.7990,-9.1232,24.847
1.662769,-8.8163,-19.7344,-10.0879,23.852
1.667843,-5.3740,-19.3319,-10.8160,22.795
1.672738,-0.9753,-18.2794,-11.3840,21.557
1.677648,4.5334,-16.5120,-12.1380,20.989
1.683115,10.4806,-13.9762,-13.2580,21.931
1.690242,16.4660,-10.8857,-14.5162,24.502
1.692730,22.2060,-7.6165,-15.5817,28.176
1.699952,27.3481,-4.3012,-16.0545,32.003
1.702536,31.6309,-1.1711,-15.8236,35.387
1.707533,34.3549,1.5028,-14.9122,37.482
1.712962,35.3229,3.5206,-13.3664,37.931
1.717141,34.8408,4.9821,-11.3227,36.972
1.722402,33.0925,5.8387,-9.0753,34.808
1.727512,30.5370,6.2790,-7.0462,31.962
1.732588,27.8183,6.2612,-5.4380,29.028
1.740360,25.1578,6.0396,-4.2449,26.218
1.742346,22.5064,5.7488,-3.4712,23.487
1.747274,19.6473,5.4480,-3.1888,20.637
1.752282,16.7631,4.9512,-3.2783,17.784
1.757507,14.0459,4.3048,-3.5732,15.119
1.768127,11.5301,3.5934,-3.7013,12.632
1.768580,9.1650,2.9965,-3.4952,10.256
1.772205,7.1950,2.4513,-2.9266,8.145
1.777215,5.5125,1.8603,-2.2613,6.242
1.782177,4.0178,1.1887,-1.7004,4.522
1.787077,2.3345,0.5674,-1.4250,2.793
1.792530,0.2917,-0.0164,-1.4923,1.521
1.797115,-1.6167,-0.5853,-1.6728,2.399
1.802237,-3.1049,-1.1087,-1.7879,3.750
1.807235,-4.1613,-1.6466,-1.7514,4.806
1.813264,-5.0352,-2.1544,-1.5900,5.703
1.817155,-5.7334,-2.6040,-1.2988,6.430
1.822254,-6.2150,-3.0244,-0.8148,6.960
1.827054,-6.5247,-3.4402,-0.2999,7.382
1.832166,-6.7140,-3.7560,0.1864,7.695
1.837048,-6.7078,-3.9307,0.5989,7.798
1.842035,-6.5467,-4.0227,0.9593,7.743
1.846922,-6.2355,-4.0185,1.2008,7.515
1.851979,-5.8307,-4.0293,1.3713,7.219
1.856973,-5.4226,-3.9652,1.4610,6.875
1.861946,-5.0064,-3.8123,1.3649,6.439
1.867323,-4.5933,-3.6292,1.2004,5.976
1.871948,-4.1835,-3.3922,0.9524,5.470
1.876805,-3.7660,-3.1448,0.6436,4.948
1.882053,-3.3928,-2.9160,0.2919,4.483
1.887027,-3.1013,-2.6484,0.0200,4.078
1.891876,-2.7716,-2.3901,-0.1828,3.664
1.896813,-2.3204,-2.1029,-0.3949,3.156
1.901728,-1.8719,-1.8634,-0.6696,2.725
1.906761,-1.4733,-1.6238,-0.8451,2.350
1.914871,-1.2292,-1.4223,-1.0421,2.149
1.917247,-1.0291,-1.2875,-1.1608,2.016
1.921712,-0.8543,-1.2192,-1.2156,1.922
1.926994,-0.7179,-1.1790,-1.1884,1.821
1.931788,-0.6443,-1.1286,-1.0737,1.686
1.939647,-0.5668,-1.0632,-0.8901,1.498
1.942093,-0.4133,-1.0164,-0.6895,1.296
1.948116,-0.2173,-0.9309,-0.4953,1.077
1.951675,-0.0746,-0.8833,-0.4019,0.973
1.956519,0.0545,-0.8641,-0.3768,0.944
1.962070,0.1508,-0.8301,-0.3422,0.910
1.966671,0.2195,-0.8055,-0.3409,0.902
1.971742,0.2703,-0.7424,-0.3488,0.864
1.976435,0.3177,-0.6504,-0.3323,0.796
1.981722,0.3085,-0.5535,-0.4058,0.752
1.987022,0.2917,-0.4085,-0.4653,0.684
1.991580,0.2668,-0.3255,-0.5534,0.695
1.996385,0.1954,-0.2900,-0.6272,0.718
2.001901,0.0629,-0.2205,-0.6679,0.706
2.006373,-0.1222,-0.1648,-0.6373,0.669
2.012166,-0.2562,-0.1374,-0.5443,0.617
2.016967,-0.3914,-0.1715,-0.3901,0.579
2.021698,-0.5242,-0.2289,-0.2551,0.626
2.026637,-0.6600,-0.2619,-0.1100,0.719
2.031582,-0.7467,-0.3186,0.1127,0.820
2.036419,-0.8085,-0.3894,0.3750,0.973
2.041425,-0.8795,-0.4316,0.5872,1.142
2.046085,-0.8685,-0.4213,0.7726,1.236
2.051620,-0.7613,-0.4019,0.9607,1.290
2.056361,-0.6775,-0.4979,1.0228,1.324
2.066535,-0.6068,-0.5178,1.0115,1.288
2.066995,-0.4725,-0.5385,1.0852,1.300
2.071206,-0.3031,-0.5311,1.1576,1.309
2.076081,-0.0595,-0.4479,1.0893,1.179
2.081186,0.1539,-0.3560,0.9573,1.033
2.087258,0.3090,-0.2554,0.7851,0.881
2.091175,0.4878,-0.1840,0.6249,0.814
2.095887,0.5855,-0.0893,0.3995,0.714
2.101068,0.5877,-0.0188,0.2231,0.629
2.105971,0.5327,0.0660,0.1331,0.553
2.111088,0.4920,0.0884,0.0816,0.506
2.116543,0.4078,0.1203,0.1595,0.454
2.121438,0.2992,0.1377,0.2284,0.401
2.125789,0.2086,0.1691,0.3271,0.423
2.130905,0.1502,0.1666,0.3598,0.424
2.135864,0.1382,0.1112,0.3984,0.436
2.140898,0.1439,0.0460,0.4190,0.445
2.145922,0.1436,0.0859,0.4455,0.476
2.150907,0.1421,0.0489,0.4348,0.460
2.156010,0.1396,-0.0458,0.4587,0.482
2.161570,0.1124,-0.0546,0.5077,0.523
2.165828,0.1274,-0.1068,0.5487,0.573
2.172862,0.1130,-0.1211,0.5867,0.610
2.175918,0.1174,-0.1216,0.5978,0.621
2.182220,0.0880,-0.1179,0.5966,0.614
2.185617,0.0588,-0.1242,0.5303,0.548
2.190717,0.0832,-0.1405,0.3556,0.391
2.195627,0.4492,-0.2433,0.3698,0.631
2.200687,0.8369,-0.2366,0.5630,1.036
2.205579,0.6861,0.0473,0.3984,0.795
2.210543,0.4129,0.2016,0.0807,0.467
2.216649,0.4915,0.1071,-0.1175,0.517
2.220654,0.6252,0.0034,-0.2683,0.680
2.225525,0.4211,0.0436,-0.3432,0.545
2.230568,0.1464,0.1415,-0.2660,0.335
2.235510,0.0538,0.1103,-0.1423,0.188
2.241186,0.0186,0.0508,-0.0724,0.090
2.245306,-0.0650,0.0443,-0.0035,0.079
2.250377,-0.1972,0.1815,0.0261,0.269
2.255363,-0.2777,0.2517,0.0165,0.375
2.260722,-0.2827,0.2599,0.0445,0.387
2.266867,-0.2795,0.3112,0.0477,0.421
2.275967,-0.2343,0.3388,0.0835,0.420
2.281994,-0.1279,0.3474,0.1139,0.387
2.282851,-0.0893,0.4086,0.1393,0.441
2.285116,-0.0944,0.4459,0.1693,0.486
2.290397,-0.0086,0.4591,0.1323,0.478
2.295307,0.0820,0.4581,0.1048,0.477
2.301060,0.1058,0.4282,0.1015,0.453
2.305263,0.1060,0.3888,0.1465,0.429
2.310294,0.1066,0.3061,0.2354,0.401
2.315845,0.0980,0.2041,0.3110,0.385
2.323770,0.0756,0.1593,0.3737,0.413
2.325053,0.0390,0.0950,0.3852,0.399
2.330089,0.0170,0.0592,0.3692,0.374
2.335388,-0.0095,0.0519,0.3593,0.363
2.340369,-0.0743,-0.0082,0.3361,0.344
2.345200,-0.1199,0.0177,0.2608,0.288
2.350077,-0.1894,0.0149,0.1138,0.221
2.355012,-0.1919,0.0411,-0.1103,0.225
2.360879,-0.1324,0.0675,-0.2587,0.298
2.365087,-0.0919,0.0511,-0.3748,0.389
2.370324,-0.0705,0.0735,-0.4493,0.461
2.375035,-0.0536,0.1488,-0.4775,0.503
2.379938,0.0499,0.1670,-0.5266,0.555
2.384898,0.1251,0.1952,-0.5342,0.582
2.390136,0.2395,0.1903,-0.5337,0.615
2.395417,0.2832,0.1043,-0.4866,0.573
2.400079,0.3762,0.0234,-0.3684,0.527
2.404770,0.4516,-0.0096,-0.1977,0.493
2.409914,0.4325,-0.0187,-0.0315,0.434
2.415188,0.3668,-0.0902,0.0973,0.390
2.420354,0.3307,-0.0901,0.2034,0.399
2.424743,0.2858,-0.1526,0.2054,0.384
2.429727,0.2415,-0.2295,0.1367,0.360
2.434726,0.1976,-0.2682,0.0689,0.340
2.439867,0.1107,-0.2782,-0.0081,0.299
2.449140,0.0569,-0.2785,-0.0803,0.295
2.449774,0.0073,-0.2597,-0.1433,0.297
2.454632,0.0150,-0.2342,-0.1484,0.278
2.459714,0.0174,-0.2135,-0.1687,0.273
2.464693,0.0001,-0.1453,-0.2088,0.254
2.470212,0.0203,-0.0535,-0.1833,0.192
2.474633,0.0304,0.0474,-0.1788,0.187
2.480007,0.0399,0.1051,-0.1524,0.189
2.484461,0.0683,0.0916,-0.0234,0.117
2.489551,0.0868,0.0499,0.0602,0.117
2.495162,0.0194,0.0232,0.1896,0.192
2.499480,-0.0290,0.0063,0.3125,0.314
2.504331,-0.0395,-0.0674,0.4816,0.488
2.509401,-0.0934,-0.1263,0.6260,0.645
2.514332,-0.1428,-0.1802,0.7273,0.763
2.520034,-0.1687,-0.2482,0.8005,0.855
2.524400,-0.2093,-0.3303,0.8081,0.898
2.529289,-0.2551,-0.4074,0.8033,0.936
2.534253,-0.3346,-0.4369,0.7812,0.956
2.539872,-0.4003,-0.4760,0.7088,0.943
2.545051,-0.4810,-0.4536,0.6054,0.896
2.549431,-0.5102,-0.4127,0.4662,0.805
2.554194,-0.5455,-0.3106,0.2813,0.688
2.559342,-0.4868,-0.2427,0.0742,0.549
2.564226,-0.4058,-0.2085,-0.0938,0.466
2.572368,-0.2976,-0.1744,-0.2374,0.419
2.574196,-0.3001,-0.0834,-0.2570,0.404
2.580237,-0.2414,0.0118,-0.2488,0.347
2.584226,-0.1452,0.0827,-0.2847,0.330
2.589206,0.0265,0.0250,-0.2832,0.285
2.594081,0.1214,0.0108,-0.2112,0.244
2.599390,0.0923,0.0490,-0.0354,0.110
2.603945,0.1015,0.0726,0.1201,0.173
2.609252,0.0583,0.0578,0.1704,0.189
2.613976,0.0868,0.0192,0.2210,0.238
2.619113,0.0863,-0.0051,0.2675,0.281
2.624017,0.0288,0.0134,0.2812,0.283
2.628989,0.0714,0.0220,0.2531,0.264
2.633945,0.1134,0.0587,0.2308,0.264
2.639020,0.1406,0.0190,0.2378,0.277
2.643916,0.1582,-0.0157,0.2166,0.269
2.648935,0.1995,-0.0265,0.1582,0.256
2.654032,0.1599,-0.0088,0.1196,0.200
2.659166,0.1540,-0.0102,0.0625,0.166
2.663928,0.1337,0.0453,0.0678,0.157
2.668847,0.2088,0.1100,0.0537,0.242
2.674325,0.3742,0.1029,0.0156,0.388
2.678864,0.4395,0.0961,-0.0465,0.452
2.683944,0.4579,0.0896,-0.0611,0.471
2.688988,0.4534,0.0880,-0.0527,0.465
2.693638,0.4308,0.0771,-0.0115,0.438
2.699262,0.3618,0.0379,0.0149,0.364
2.703752,0.3034,0.0371,0.0409,0.308
2.708909,0.2935,0.0268,0.0568,0.300
2.714916,0.2463,0.0120,0.0487,0.251
2.718846,0.2140,-0.0549,0.0069,0.221
2.723615,0.1632,-0.0689,0.0317,0.180
2.728549,0.1179,-0.0826,-0.0204,0.145
2.733461,0.0827,-0.0533,-0.0060,0.099
2.738524,0.0524,-0.0242,0.0602,0.083
2.744143,0.0270,-0.0380,0.1447,0.152
2.748547,0.0302,-0.0801,0.1379,0.162
2.753460,-0.0428,-0.0554,0.1548,0.170
2.758575,-0.0821,-0.0071,0.1335,0.157
2.763472,-0.1263,0.0170,0.1124,0.170
2.768454,-0.1657,-0.0731,0.0724,0.195
2.773421,-0.2005,-0.0626,0.0470,0.215
2.778457,-0.2359,-0.0666,0.0122,0.245
2.783258,-0.2526,-0.0372,0.0061,0.255
2.788392,-0.2461,-0.0366,-0.0142,0.249
2.793207,-0.2783,-0.0360,-0.0200,0.281
2.798278,-0.2967,0.0025,0.0030,0.297
2.803748,-0.2777,0.0596,0.0164,0.285
2.808554,-0.2548,0.0734,0.0060,0.265
2.813123,-0.1994,0.0967,-0.0091,0.222
2.818185,-0.0970,0.0342,-0.0145,0.104
2.823203,-0.0764,0.0339,-0.0388,0.092
2.828933,-0.0417,0.0574,-0.0484,0.086
2.833154,-0.0597,0.0996,-0.0053,0.116
2.838493,-0.1064,0.1270,-0.0287,0.168
2.843109,-0.0725,0.1352,-0.0517,0.162
2.848453,-0.0342,0.0719,-0.0074,0.080
2.855777,-0.0534,0.0755,0.0182,0.094
2.858270,-0.0774,0.1026,0.0063,0.129
2.866690,-0.0540,0.0676,0.0428,0.096
2.868223,-0.0311,0.0184,0.0368,0.052
2.872992,-0.0325,0.0408,-0.0164,0.055
2.878112,0.0180,0.1058,-0.0689,0.128
2.883170,0.0727,0.0230,-0.1210,0.143
2.888084,0.0697,0.0121,-0.1871,0.200
2.892839,0.0284,-0.0034,-0.1859,0.188
2.898216,0.0111,0.0049,-0.1564,0.157
2.904532,0.0413,0.0039,-0.4701,0.472
2.908039,0.1624,-0.0770,-1.5162,1.527
2.912840,0.2736,-0.0043,-1.5121,1.537
2.917844,0.2368,0.0682,-0.5785,0.629
2.922845,0.2621,0.0070,0.1148,0.286
2.928286,0.2641,-0.0445,0.3667,0.454
2.932732,0.2809,-0.1150,0.5897,0.663
2.937782,0.3027,-0.1568,0.8172,0.885
2.942847,0.2773,-0.0941,0.8973,0.944
2.947843,0.2428,0.0105,0.8263,0.861
2.953142,0.1801,0.0997,0.6332,0.666
2.957806,0.0704,0.1501,0.3562,0.393
2.962561,0.0136,0.1862,0.0663,0.198
2.967660,-0.0095,0.1700,-0.1231,0.210
