0.002757,-0.0136,0.1415,-0.3609,0.388
0.007710,0.0270,0.1644,-0.2592,0.308
0.008668,0.0532,0.1492,-0.2113,0.264
0.013711,0.0082,0.1295,-0.1833,0.225
0.020594,-0.0362,0.1195,-0.1798,0.219
0.023855,-0.0183,0.1430,-0.2150,0.259
0.033550,0.0140,0.1569,-0.2503,0.296
0.034301,0.0275,0.1233,-0.2479,0.278
0.038687,0.0602,0.1233,-0.2746,0.307
0.043821,0.0455,0.0996,-0.2921,0.312
0.048579,0.0740,0.1238,-0.3054,0.338
0.053578,0.0791,0.1669,-0.3193,0.369
0.058395,0.1082,0.1623,-0.3622,0.411
0.063452,0.1472,0.1245,-0.4053,0.449
0.068459,0.1530,0.1347,-0.4296,0.475
0.073736,0.1448,0.1306,-0.4305,0.473
0.078295,0.1610,0.1457,-0.3798,0.437
0.083510,0.1440,0.1703,-0.3775,0.438
0.088376,0.1415,0.1519,-0.3374,0.396
0.094845,0.1155,0.1385,-0.2882,0.340
0.098782,0.1087,0.0350,-0.2823,0.305
0.103532,0.1357,0.0177,-0.2665,0.300
0.108411,0.0958,0.1051,-0.1511,0.208
0.113531,0.0656,0.1062,-0.0887,0.153
0.118502,0.1021,0.0645,-0.0121,0.121
0.123746,0.1524,0.0374,0.0072,0.157
0.128358,0.1739,-0.0039,0.0459,0.180
0.133480,0.1999,-0.0022,0.0420,0.204
0.138283,0.1451,0.0137,-0.0141,0.146
0.143300,0.1335,-0.0086,0.0447,0.141
0.148371,0.0979,-0.0402,0.0556,0.120
0.153488,0.0670,-0.0621,0.0524,0.105
0.158251,0.0456,-0.0648,0.0495,0.093
0.163129,0.0905,-0.1103,0.0565,0.153
0.168094,0.0730,-0.1460,0.0969,0.190
0.174686,0.0885,-0.1625,0.0898,0.206
0.178095,0.0466,-0.1694,0.1166,0.211
0.183217,0.0853,-0.1430,0.1293,0.211
0.188080,0.1141,-0.1693,0.1376,0.246
0.193203,0.0997,-0.1954,0.0846,0.235
0.198218,0.0614,-0.2023,0.0607,0.220
0.203092,0.0755,-0.2140,0.0277,0.229
0.208203,0.0703,-0.2066,0.0046,0.218
0.213031,0.0792,-0.2467,-0.0135,0.259
0.217723,0.0735,-0.2486,-0.0408,0.262
0.223264,0.0297,-0.2457,-0.0249,0.249
0.228153,0.0051,-0.2619,0.0146,0.262
0.233047,-0.0622,-0.2589,-0.0554,0.272
0.237871,-0.0770,-0.2559,-0.0821,0.280
0.242914,-0.0586,-0.2814,-0.0754,0.297
0.247869,-0.0450,-0.2924,-0.0975,0.311
0.253236,-0.0693,-0.2653,-0.1100,0.295
0.257925,-0.0790,-0.2764,-0.1369,0.318
0.262729,-0.1073,-0.2873,-0.1258,0.331
0.267552,-0.1542,-0.2791,-0.0958,0.333
0.272816,-0.2387,-0.2520,-0.1138,0.365
0.278039,-0.3177,-0.1917,-0.1033,0.385
0.282885,-0.4011,-0.1604,-0.1787,0.468
0.287709,-0.4649,-0.1340,-0.2305,0.536
0.292810,-0.5380,-0.1788,-0.2494,0.619
0.297911,-0.6108,-0.1993,-0.2166,0.678
0.302879,-0.7073,-0.1815,-0.1418,0.744
0.307670,-0.7753,-0.1637,-0.0490,0.794
0.312607,-0.8532,-0.1840,0.0478,0.874
0.317546,-0.8891,-0.2041,0.1059,0.918
0.322787,-0.9687,-0.2337,0.2779,1.034
0.328241,-0.9733,-0.2535,0.4017,1.083
0.332785,-1.0035,-0.2924,0.5065,1.161
0.337664,-1.0068,-0.3313,0.6832,1.261
0.342643,-1.0214,-0.3275,0.8032,1.340
0.347513,-1.0718,-0.3479,0.9622,1.482
0.353197,-1.0770,-0.3116,1.0749,1.553
0.357609,-1.0422,-0.2665,1.1178,1.551
0.362447,-1.0390,-0.2509,1.1345,1.559
0.367322,-1.0196,-0.1931,1.1962,1.584
0.372410,-1.0217,-0.1506,1.2219,1.600
0.378114,-1.0277,-0.1040,1.2691,1.636
0.382469,-0.9897,-0.0012,1.3281,1.656
0.387248,-0.9176,0.1051,1.4369,1.708
0.392438,-0.7825,0.1722,1.4238,1.634
0.397937,-0.6227,0.1957,1.4609,1.600
0.402289,-0.4941,0.2805,1.5525,1.653
0.407584,-0.3131,0.3927,1.7280,1.799
0.418601,-0.1121,0.4893,1.9294,1.994
0.419237,0.2064,0.6829,1.9952,2.119
0.422255,0.5576,0.8467,1.9886,2.232
0.427402,0.7413,0.8615,2.0768,2.367
0.432140,0.9410,0.8567,2.1248,2.477
0.437042,1.1403,0.9947,2.1488,2.628
0.442216,1.2733,1.1366,2.0953,2.702
0.447178,1.3785,1.2540,2.0595,2.778
0.452793,1.5999,1.3613,1.9502,2.866
0.457089,1.9332,1.4396,1.7382,2.972
0.461997,2.2794,1.5226,1.5121,3.131
0.467000,2.5607,1.6673,1.2839,3.314
0.472114,2.7500,1.8068,1.1087,3.472
0.476937,2.9005,1.8982,1.0476,3.621
0.482368,3.0697,1.9560,0.9185,3.754
0.486805,3.2438,2.0184,0.7305,3.890
0.492012,3.3803,2.1237,0.5582,4.031
0.497144,3.4792,2.1569,0.3847,4.112
0.502723,3.6845,2.1565,0.1984,4.274
0.507540,3.8531,2.1033,-0.0008,4.390
0.512005,3.8708,1.9640,-0.1558,4.343
0.517137,3.8189,1.8488,-0.2905,4.253
0.521864,3.6536,1.8581,-0.3342,4.113
0.526724,3.4190,1.8718,-0.3138,3.910
0.532493,3.1903,1.7897,-0.3299,3.673
0.538894,2.9864,1.6409,-0.2336,3.415
0.541944,2.8835,1.5353,-0.1488,3.270
0.549427,2.8380,1.3965,-0.1562,3.167
0.551726,2.7483,1.3107,-0.1695,3.050
0.556644,2.6218,1.1724,-0.2018,2.879
0.561791,2.4810,1.0297,-0.2295,2.696
0.566714,2.2826,0.8828,-0.2760,2.463
0.571492,2.0692,0.7367,-0.3512,2.224
0.576468,1.8643,0.5961,-0.4357,2.005
0.581567,1.6805,0.4470,-0.5015,1.810
0.586460,1.6588,0.3226,-0.4761,1.756
0.591556,1.6684,0.1229,-0.4464,1.731
0.596403,1.6424,0.0056,-0.5030,1.718
0.601433,1.6911,-0.1536,-0.5549,1.786
0.607102,1.7472,-0.3258,-0.6310,1.886
0.611429,1.7042,-0.5156,-0.7847,1.946
0.616432,1.6328,-0.7183,-1.0010,2.045
0.621412,1.5404,-0.8237,-1.1080,2.069
0.626287,1.4032,-1.0375,-1.1153,2.071
0.631572,1.2687,-1.2638,-1.0898,2.096
0.636233,1.0840,-1.3687,-1.1742,2.104
0.641446,0.8754,-1.5008,-1.2967,2.168
0.646162,0.6893,-1.6454,-1.3612,2.244
0.651169,0.4327,-1.7500,-1.5257,2.362
0.656202,0.1432,-1.9199,-1.7569,2.606
0.663718,-0.0408,-2.1023,-1.8638,2.810
0.666402,-0.2248,-2.2016,-1.8659,2.895
0.672803,-0.3634,-2.2470,-1.8541,2.936
0.675977,-0.5008,-2.3530,-1.8947,3.062
0.681227,-0.6631,-2.5483,-2.0305,3.325
0.686353,-0.9847,-2.7087,-2.2041,3.628
0.691238,-1.3179,-2.8916,-2.4737,4.027
0.696258,-1.6204,-3.0780,-2.6868,4.395
0.701039,-1.8561,-3.1539,-2.7960,4.605
0.706436,-2.1659,-3.2817,-2.9591,4.921
0.711312,-2.5611,-3.4377,-3.1379,5.313
0.716352,-3.0090,-3.5792,-3.3471,5.750
0.721238,-3.4191,-3.7256,-3.5061,6.153
0.726023,-3.7920,-3.8820,-3.7209,6.580
0.731082,-4.1769,-4.1443,-3.9632,7.094
0.736129,-4.5483,-4.4642,-4.1665,7.614
0.741272,-4.9169,-4.8373,-4.3020,8.129
0.745973,-5.4459,-5.3305,-4.2402,8.721
0.750852,-6.1651,-5.6717,-4.0045,9.285
0.756415,-7.1056,-6.0104,-3.8044,10.054
0.761182,-8.1309,-6.4860,-3.7101,11.043
0.765921,-9.2584,-6.9891,-3.7448,12.190
0.771044,-10.8122,-7.5399,-3.8978,13.746
0.775861,-12.8299,-8.1298,-4.1984,15.758
0.780898,-15.0341,-8.6688,-4.4653,17.920
0.790127,-17.0282,-9.2675,-4.5690,19.918
0.790802,-18.4747,-10.0676,-4.6322,21.544
0.795600,-19.1256,-11.1592,-4.5666,22.609
0.800625,-19.0835,-12.3274,-4.2006,23.104
0.805706,-18.4625,-13.4008,-3.5469,23.087
0.814398,-17.4660,-14.3470,-2.8951,22.788
0.816099,-16.2659,-15.1565,-2.3099,22.353
0.823380,-15.0821,-15.5478,-1.9065,21.745
0.825662,-13.7400,-15.7235,-1.6045,20.943
0.830558,-11.8077,-16.0666,-1.3731,19.986
0.838880,-9.5213,-16.4343,-1.3216,19.039
0.840636,-7.0155,-16.3269,-1.5712,17.840
0.846852,-4.0476,-15.8111,-2.0252,16.446
0.850568,-0.4120,-14.8384,-2.9318,15.131
0.855586,3.8168,-13.3073,-4.2311,14.476
0.861161,8.8283,-11.3136,-6.0953,15.591
0.865549,14.6228,-9.1459,-8.2096,19.102
0.870837,19.9369,-5.5693,-10.7645,23.332
0.875745,25.3032,-1.2574,-13.1266,28.533
0.880394,30.1386,1.9387,-15.9152,34.138
0.890134,34.6792,4.3083,-17.8666,39.248
0.890628,38.2864,6.5206,-18.5390,43.036
0.896094,41.0243,8.3217,-18.1027,45.606
0.900334,41.8760,9.5722,-16.4019,45.981
0.905277,40.9755,10.5728,-13.6825,44.475
0.912002,38.6145,11.1215,-10.6042,41.560
0.915251,35.4787,11.0480,-7.7281,37.954
0.920192,31.7407,10.5253,-5.3426,33.864
0.925222,27.8425,9.8245,-3.5733,29.740
0.930464,24.1612,8.9277,-2.4536,25.874
0.938572,20.8758,7.7772,-2.0121,22.368
0.940150,17.8162,6.5423,-2.3107,19.120
0.946009,15.0935,5.1104,-2.8179,16.182
0.949994,12.9707,3.3768,-3.1483,13.768
0.955014,11.0252,1.6070,-3.2924,11.618
0.960464,8.9777,0.1908,-3.5035,9.639
0.965145,7.0274,-1.1667,-3.8849,8.114
0.970566,5.3584,-2.7669,-4.2682,7.388
0.974967,3.7061,-4.5360,-4.9188,7.649
0.980119,1.6310,-6.1246,-5.5542,8.427
0.984920,-0.7556,-7.3974,-6.0670,9.597
0.989948,-2.9993,-8.4305,-6.4932,11.056
0.996699,-5.0145,-9.3434,-6.9933,12.702
0.999860,-6.9503,-10.1216,-7.3269,14.298
1.005402,-9.0675,-10.8928,-7.3337,15.958
1.010624,-11.9872,-11.1171,-7.0774,17.815
1.014863,-15.9963,-11.0705,-6.8420,20.622
1.021242,-19.9085,-11.3061,-6.5135,23.803
1.024832,-23.5098,-11.3634,-6.0165,26.796
1.031612,-27.2430,-11.3039,-5.0015,29.916
1.034712,-30.4456,-11.6185,-3.5567,32.781
1.039811,-32.5709,-12.2465,-2.1445,34.863
1.044613,-33.6561,-13.4553,-0.9673,36.259
1.049842,-35.0075,-14.3773,-0.1533,37.845
1.055390,-34.6556,-16.0947,-0.0694,38.211
1.059942,-33.0142,-18.4188,-0.6280,37.810
1.066486,-30.8398,-20.3193,-1.7923,36.975
1.077419,-28.1344,-21.6756,-3.2553,35.665
1.077949,-24.8145,-22.6986,-5.0986,34.014
1.085321,-20.9647,-23.3035,-7.2161,32.166
1.085869,-16.9053,-23.2125,-9.3552,30.201
1.089522,-12.8427,-22.4727,-11.0577,28.147
1.097570,-8.6376,-21.0693,-12.0689,25.772
1.099553,-4.2789,-19.4015,-12.6886,23.574
1.104379,0.1184,-17.5518,-13.1344,21.922
1.109489,4.2313,-15.5080,-13.4932,20.987
1.115148,7.9607,-13.0720,-13.7130,20.550
1.119996,11.9686,-10.2554,-13.8743,20.998
1.124378,15.9735,-7.1798,-14.0085,22.426
1.129501,20.5641,-4.3589,-13.7453,25.116
1.134220,25.2843,-2.0433,-13.4265,28.701
1.139458,28.7512,0.1978,-12.7978,31.471
1.144188,30.6089,2.5061,-11.9888,32.968
1.149439,30.9130,4.6411,-10.9153,33.110
1.154262,33.2738,5.3460,-9.9930,35.151
1.159468,34.7354,5.8060,-9.2736,36.418
1.164778,34.5115,6.2713,-8.3013,36.046
1.172432,32.7502,6.7973,-7.0352,34.180
1.174776,30.0064,7.3407,-5.7430,31.421
1.182192,27.0298,7.5640,-4.6166,28.445
1.184094,23.9955,7.4069,-3.5490,25.362
1.189413,20.9285,7.0775,-2.5655,22.241
1.195300,17.8530,6.6378,-1.7706,19.129
1.199113,14.9600,6.0629,-1.2032,16.187
1.204019,12.3724,5.3470,-0.8309,13.504
1.209519,9.9908,4.5911,-0.5905,11.011
1.214317,7.8408,3.6588,-0.4425,8.664
1.219289,6.0234,2.7273,-0.3825,6.623
1.224126,4.5023,1.7791,-0.3953,4.857
1.229145,3.1360,0.7918,-0.4806,3.270
1.234747,2.0032,-0.2144,-0.6673,2.122
1.239348,1.0358,-1.1601,-0.8054,1.751
1.244092,0.2185,-2.0823,-0.9282,2.290
1.249075,-0.4829,-2.9401,-1.0674,3.165
1.253989,-1.2437,-3.6900,-1.1706,4.066
1.259107,-1.9711,-4.3942,-1.3494,5.001
1.263962,-2.7302,-4.9330,-1.4612,5.824
1.269447,-3.4208,-5.2200,-1.4617,6.410
1.273755,-4.0436,-5.2774,-1.4638,6.808
1.278784,-4.4168,-5.2055,-1.4222,6.973
1.283933,-4.6227,-5.1678,-1.3652,7.067
1.289322,-4.6807,-5.0744,-1.3253,7.030
1.297193,-4.6622,-4.9454,-1.2538,6.911
1.298808,-4.6218,-4.7576,-1.2067,6.742
1.303728,-4.5494,-4.5032,-1.1759,6.508
1.308771,-4.4711,-4.2685,-1.1461,6.287
1.313787,-4.3773,-4.0780,-1.2564,6.113
1.319150,-4.3300,-3.8749,-1.3978,5.976
1.323788,-4.2428,-3.7123,-1.5185,5.839
1.328833,-4.1509,-3.4803,-1.6670,5.668
1.333747,-4.0362,-3.3233,-1.7543,5.515
1.338904,-3.8476,-3.1553,-1.7574,5.277
1.344720,-3.5514,-3.0147,-1.6623,4.946
1.348821,-3.2527,-2.9736,-1.5753,4.680
1.354050,-3.0372,-2.8980,-1.5112,4.462
1.358636,-2.8725,-2.8073,-1.4700,4.277
1.363790,-2.6890,-2.7878,-1.3617,4.106
1.369428,-2.4734,-2.7009,-1.1912,3.851
1.373517,-2.3263,-2.5467,-0.9249,3.571
1.378581,-2.1704,-2.3878,-0.6684,3.295
1.383452,-2.0439,-2.2624,-0.4978,3.089
1.388806,-1.8705,-2.1132,-0.2450,2.833
1.395891,-1.6052,-1.9259,0.0368,2.507
1.398468,-1.3197,-1.7916,0.3150,2.247
1.403317,-1.1090,-1.6383,0.5181,2.045
1.408392,-0.8480,-1.3752,0.6943,1.759
1.413777,-0.5406,-1.2083,0.7909,1.542
1.419223,-0.3208,-1.1181,0.8510,1.441
1.423386,-0.0958,-0.9849,0.9224,1.353
1.428324,0.0097,-0.8280,0.9140,1.233
1.433394,0.0871,-0.6760,0.8734,1.108
1.438329,0.1796,-0.5719,0.8724,1.058
1.443558,0.3067,-0.5156,0.8485,1.039
1.448187,0.4061,-0.4640,0.7824,0.996
1.454454,0.4983,-0.3978,0.7459,0.981
1.463787,0.4966,-0.3506,0.6383,0.881
1.470216,0.4635,-0.3365,0.4926,0.755
1.470461,0.4226,-0.3174,0.2845,0.600
1.473147,0.3259,-0.2262,0.0756,0.404
1.477931,0.2545,-0.2639,-0.0821,0.376
1.482960,0.1940,-0.3347,-0.2511,0.461
1.488496,0.1436,-0.3619,-0.3551,0.527
1.493288,0.1620,-0.3839,-0.3269,0.530
1.498024,0.1337,-0.4341,-0.1999,0.496
1.502828,0.1210,-0.4454,-0.0693,0.467
1.507930,0.0613,-0.4085,0.0272,0.414
1.512862,0.0312,-0.4430,0.1523,0.469
1.518152,0.0344,-0.4914,0.1964,0.530
1.523024,0.0582,-0.5966,0.2173,0.638
1.527879,0.0968,-0.6819,0.2682,0.739
1.533078,0.1551,-0.7762,0.3778,0.877
1.537986,0.1518,-0.7886,0.4509,0.921
1.542802,0.1106,-0.7957,0.5118,0.953
1.547854,0.1314,-0.8503,0.5417,1.017
1.552736,0.2253,-0.9185,0.5456,1.092
1.558022,0.2238,-1.0435,0.4999,1.179
1.562747,0.1412,-1.1200,0.2847,1.164
1.567808,0.0632,-1.1530,0.0531,1.156
1.572711,0.0133,-1.2860,-0.1906,1.300
1.577849,-0.0666,-1.3996,-0.5525,1.506
1.582619,-0.2611,-1.4599,-1.0182,1.799
1.587689,-0.5093,-1.5535,-1.5691,2.266
1.592793,-0.8115,-1.7618,-2.1158,2.870
1.597814,-1.1633,-1.9890,-2.6544,3.515
1.605421,-1.5177,-2.2641,-3.2437,4.237
1.607591,-1.9384,-2.6592,-3.8271,5.047
1.612437,-2.4200,-3.0737,-4.3528,5.852
1.617725,-2.9971,-3.5413,-4.7882,6.667
1.622676,-3.7325,-3.9332,-5.0526,7.411
1.627517,-4.7036,-4.2787,-5.1028,8.153
1.632356,-5.7874,-4.6165,-4.9532,8.907
1.637607,-7.1006,-4.9043,-4.5836,9.771
1.642417,-8.7365,-5.2195,-4.0618,10.958
1.647399,-10.8898,-5.7448,-3.7074,12.858
1.652648,-13.4980,-6.2805,-3.4671,15.286
1.657543,-16.3954,-6.9428,-3.1352,18.079
1.662284,-19.4261,-7.8617,-2.8741,21.153
1.667398,-22.0261,-8.8409,-2.6134,23.878
1.673382,-23.9977,-10.2492,-2.4407,26.209
1.682405,-25.1238,-12.1020,-2.0898,27.965
1.682991,-25.6659,-14.0790,-1.3649,29.306
1.687232,-24.8922,-16.3130,-0.5813,29.767
1.692180,-24.7039,-17.6060,0.8263,30.347
1.697630,-23.4365,-19.1324,1.6716,30.300
1.702646,-21.0316,-21.4625,1.5918,30.092
1.707272,-17.7700,-23.7198,0.5000,29.642
1.712050,-14.3228,-24.9935,-1.4273,28.842
1.717382,-10.7580,-25.1278,-3.6835,27.581
1.722428,-6.4208,-24.3965,-6.0436,25.941
1.734632,-1.0995,-22.5006,-8.4265,24.052
1.735164,4.5311,-19.8928,-10.8173,23.093
1.740822,10.0646,-16.9898,-13.1225,23.710
1.741926,15.4886,-13.3509,-15.1266,25.435
1.747079,21.4952,-9.0597,-16.8059,28.750
1.752431,28.4587,-5.4307,-18.2447,34.238
1.757003,34.5671,-2.0852,-19.0008,39.500
1.761865,39.3878,1.5651,-18.7981,43.672
1.767292,42.5415,4.8871,-17.7327,46.348
1.771927,43.4966,7.1854,-16.0743,46.925
1.777879,45.4776,7.4658,-14.5587,48.331
1.782083,45.5065,7.1714,-13.4952,48.004
1.787033,43.0708,7.4007,-12.1090,45.349
1.791985,38.3396,7.5048,-10.7437,40.518
1.797403,33.0514,6.8500,-9.3899,35.036
1.801944,28.6142,5.6860,-8.0570,30.266
1.806892,24.1954,4.7678,-6.6107,25.531
1.812002,19.6643,4.2990,-4.8839,20.713
1.817025,15.4414,3.9827,-3.1615,16.257
1.821758,11.9773,3.4255,-1.7654,12.582
1.827057,9.1174,2.7053,-0.6957,9.536
1.831615,6.5948,2.0016,0.0995,6.893
1.836743,4.4202,1.3727,0.7811,4.694
1.841797,2.4324,0.7332,1.1833,2.803
1.846706,0.7206,0.0661,1.2907,1.480
1.852580,-0.8117,-0.4987,1.1662,1.506
1.856818,-2.2424,-0.9165,0.7926,2.549
1.861649,-3.2724,-1.4127,0.0815,3.565
1.866678,-3.8610,-2.0692,-0.8702,4.466
1.872115,-4.3359,-2.7668,-1.8800,5.476
1.879100,-4.4494,-3.5669,-2.7940,6.350
1.881604,-4.3887,-4.5630,-3.6283,7.297
1.886542,-4.7444,-5.5148,-4.4643,8.535
1.891466,-5.4807,-6.1310,-4.8176,9.531
1.896752,-6.0255,-6.4270,-4.6846,9.978
1.901368,-6.2366,-6.4663,-4.1692,9.904
1.906470,-6.1505,-6.3645,-3.3875,9.477
1.911288,-5.9147,-6.2528,-2.6261,8.999
1.916431,-5.6834,-6.0457,-1.9818,8.531
1.921463,-5.4073,-5.7153,-1.5340,8.016
1.926479,-5.0903,-5.4730,-1.2814,7.583
1.931434,-4.7506,-5.2046,-1.2330,7.154
1.936369,-4.5128,-4.9392,-1.3404,6.823
1.941484,-4.3826,-4.6774,-1.5190,6.587
1.946356,-4.3513,-4.3287,-1.7307,6.377
1.951205,-4.3369,-4.0129,-2.0054,6.240
1.956474,-4.2004,-3.7111,-2.2916,6.055
1.961159,-4.0899,-3.3947,-2.4804,5.865
1.966356,-3.9049,-3.0783,-2.6632,5.641
1.971491,-3.6962,-2.8243,-2.7984,5.429
1.976208,-3.5404,-2.5368,-2.8193,5.188
1.981235,-3.3464,-2.3117,-2.7024,4.883
1.986196,-3.1143,-2.1154,-2.5727,4.560
1.991175,-2.8297,-1.9671,-2.3828,4.190
1.996167,-2.5508,-1.8668,-2.2717,3.893
2.001127,-2.4345,-1.8047,-2.1453,3.713
2.006232,-2.3950,-1.7043,-1.9177,3.510
2.013368,-2.3080,-1.5848,-1.5934,3.221
2.016151,-2.1637,-1.4415,-1.2488,2.884
2.020841,-1.9239,-1.2934,-0.8354,2.464
2.025976,-1.5929,-1.2793,-0.4241,2.087
2.030948,-1.2852,-1.2173,-0.0821,1.772
2.035928,-1.0044,-1.1360,0.2443,1.536
2.041192,-0.6351,-1.0737,0.5461,1.362
2.045930,-0.2241,-0.9970,0.7620,1.275
2.050775,0.1295,-0.9393,0.9352,1.332
2.055810,0.4410,-0.9149,1.0284,1.445
2.060662,0.6730,-0.8808,1.1222,1.577
2.065760,0.8790,-0.7939,1.1502,1.651
2.071020,1.0308,-0.7355,1.1266,1.695
2.075973,1.0711,-0.6340,1.0994,1.661
2.080704,1.0674,-0.6424,1.0541,1.632
2.085763,1.0381,-0.6505,0.9767,1.567
2.090645,0.9542,-0.7206,0.8804,1.485
2.095643,0.7578,-0.7663,0.7512,1.314
2.100516,0.5300,-0.7495,0.6509,1.125
2.105547,0.3178,-0.6415,0.5697,0.915
2.112749,0.1685,-0.6147,0.5075,0.815
2.115546,0.0142,-0.5637,0.4836,0.743
2.121506,-0.0967,-0.6082,0.4349,0.754
2.125566,-0.1744,-0.6093,0.4244,0.763
2.130488,-0.2621,-0.5766,0.4234,0.762
2.135795,-0.3840,-0.5103,0.4318,0.771
2.140366,-0.4300,-0.4535,0.4977,0.799
2.145513,-0.4484,-0.4589,0.6030,0.880
2.150357,-0.5060,-0.4069,0.7040,0.958
2.155428,-0.5405,-0.3647,0.8304,1.056
2.160575,-0.6145,-0.4185,0.9924,1.240
2.165309,-0.6420,-0.3626,1.1142,1.336
2.171015,-0.7191,-0.3123,1.2391,1.466
2.175352,-0.8127,-0.2867,1.3104,1.568
2.180337,-0.8700,-0.2954,1.3132,1.603
2.185612,-0.8772,-0.3144,1.2575,1.565
2.190290,-0.9157,-0.2960,1.1095,1.469
2.195775,-0.9668,-0.2450,1.0030,1.414
2.200190,-0.9633,-0.1899,0.8945,1.328
2.205623,-0.9913,-0.1739,0.7023,1.227
2.210975,-0.9982,-0.1058,0.5455,1.142
2.215367,-0.9170,0.0144,0.4569,1.025
2.220120,-0.7380,0.0528,0.3068,0.801
2.225406,-0.5608,0.0432,0.1332,0.578
2.230227,-0.3418,0.0718,0.0459,0.352
2.236029,-0.1235,0.0670,0.0161,0.141
2.240235,-0.0064,0.0622,0.0052,0.063
2.245382,0.1250,0.1243,0.0662,0.188
2.250294,0.2276,0.1482,0.1560,0.313
2.255855,0.3115,0.1719,0.2367,0.427
2.264428,0.4296,0.1716,0.3179,0.561
2.265222,0.4433,0.1904,0.4192,0.639
2.270728,0.4435,0.1802,0.4592,0.663
2.274914,0.4444,0.1747,0.4523,0.658
2.279937,0.3884,0.1595,0.4273,0.599
2.285777,0.2994,0.1777,0.4126,0.540
2.289982,0.2296,0.2054,0.3456,0.463
2.294882,0.2413,0.2139,0.3361,0.466
2.299959,0.3199,0.2128,0.3219,0.501
2.305037,0.4129,0.2166,0.2597,0.534
2.309846,0.4920,0.1918,0.1927,0.562
2.315551,0.5720,0.1862,0.2164,0.639
2.319880,0.6527,0.2142,0.2830,0.743
2.324940,0.7587,0.2614,0.2490,0.840
2.329924,0.8035,0.2272,0.1864,0.856
2.334833,0.8165,0.2410,0.1095,0.858
2.340265,0.8073,0.1879,0.0758,0.832
2.344979,0.7613,0.1397,0.0279,0.774
2.349818,0.6832,0.1442,-0.0007,0.698
2.355505,0.6592,0.1056,0.0338,0.668
2.360256,0.5695,0.1051,0.0404,0.581
2.364711,0.4998,0.1286,-0.0341,0.517
2.369972,0.3925,0.1520,-0.1850,0.460
2.375096,0.3097,0.1086,-0.3363,0.470
2.379416,0.2466,0.0797,-0.4448,0.515
2.384591,0.2175,0.0605,-0.4772,0.528
2.389593,0.2366,0.0128,-0.4526,0.511
2.394551,0.3520,-0.0203,-0.3616,0.505
2.399411,0.3385,0.0424,-0.3717,0.505
2.404595,0.1765,0.1290,-0.3200,0.388
2.409551,-0.1106,0.1294,-0.1105,0.203
2.414510,-0.2550,-0.0044,0.1374,0.290
2.419439,-0.2473,-0.1620,0.3041,0.424
2.424461,-0.2644,-0.2239,0.2895,0.451
2.429577,-0.4119,-0.2046,0.1607,0.487
2.437131,-0.5651,-0.1615,0.0324,0.589
2.439827,-0.6478,-0.1473,-0.1579,0.683
2.444247,-0.6215,-0.1234,-0.3485,0.723
2.449482,-0.5385,-0.1521,-0.5396,0.777
2.454405,-0.4369,-0.1231,-0.6978,0.832
2.459274,-0.3260,-0.1371,-0.7226,0.805
2.464415,-0.3016,-0.1174,-0.6476,0.724
2.469842,-0.2726,-0.0450,-0.5495,0.615
2.474282,-0.2006,-0.0348,-0.4759,0.518
2.479262,-0.1289,-0.0916,-0.4074,0.437
2.484218,-0.0861,-0.1100,-0.2958,0.327
2.489471,-0.0435,-0.1620,-0.1599,0.232
2.499193,0.0276,-0.1759,0.0005,0.178
2.499534,0.0697,-0.1420,0.0897,0.182
2.504234,0.1020,-0.1706,0.1799,0.268
2.509102,0.1195,-0.1947,0.3192,0.393
2.514360,0.1848,-0.2143,0.4024,0.492
2.519067,0.1923,-0.2438,0.4487,0.546
2.524163,0.1854,-0.2114,0.4343,0.517
2.529254,0.2261,-0.1648,0.3541,0.451
2.534096,0.1997,-0.0898,0.2362,0.322
2.539047,0.1685,-0.0340,0.0803,0.190
2.544261,0.1646,0.0217,-0.0372,0.170
2.549028,0.1417,0.0581,-0.1547,0.218
2.554924,0.1809,0.1467,-0.3296,0.404
2.558821,0.2156,0.1637,-0.4287,0.507
2.563998,0.2648,0.1382,-0.4623,0.550
2.569306,0.2668,0.1514,-0.4642,0.556
2.574245,0.2314,0.1743,-0.4108,0.503
2.579039,0.1778,0.1736,-0.3261,0.410
2.584127,0.1914,0.1731,-0.2240,0.342
2.589240,0.2198,0.1585,-0.1616,0.316
2.598338,0.2106,0.1299,-0.1096,0.271
2.599385,0.1784,0.0779,-0.0344,0.198
2.606383,0.1848,0.0310,0.0594,0.197
2.608695,0.0822,0.0318,0.1483,0.173
2.614408,0.0231,0.0278,0.1994,0.203
2.619070,-0.0214,0.0378,0.2606,0.264
2.623934,-0.0608,-0.0048,0.2461,0.253
2.628750,-0.1236,0.0100,0.1180,0.171
2.633987,-0.2146,-0.0276,-0.0329,0.219
2.638662,-0.2720,-0.0124,-0.0929,0.288
2.643819,-0.2865,0.0597,-0.1293,0.320
2.648616,-0.2919,0.0791,-0.1377,0.332
2.653754,-0.2404,0.1413,-0.0660,0.287
2.658546,-0.1707,0.1508,0.0424,0.232
2.663614,-0.0920,0.1271,0.2113,0.263
2.669295,-0.0092,0.0893,0.3933,0.403
2.674033,0.0350,0.0659,0.5793,0.584
2.678394,0.0599,0.1043,0.6649,0.676
2.683583,0.0847,0.1089,0.6701,0.684
2.688533,0.0952,0.1085,0.6143,0.631
2.694048,0.1580,0.0795,0.5453,0.573
2.698567,0.1923,0.1124,0.4013,0.459
2.703445,0.2078,0.1165,0.3013,0.384
2.708349,0.1903,0.1112,0.1638,0.275
2.713642,0.2021,0.1583,0.0555,0.263
2.721706,0.1856,0.1244,0.0235,0.225
2.723407,0.2032,0.0814,0.0388,0.222
2.730437,0.2547,0.0768,0.1012,0.285
2.733561,0.2303,0.0865,0.1298,0.278
2.738068,0.1973,0.0439,0.1346,0.243
2.743912,0.1552,0.0348,0.1681,0.231
2.748144,0.1136,0.0115,0.1829,0.216
2.753337,0.0579,-0.0213,0.2124,0.221
2.758296,0.0405,-0.0398,0.1427,0.154
2.763389,0.0087,-0.0582,0.1359,0.148
2.769098,0.0148,-0.0529,0.1107,0.124
2.773154,0.0063,-0.0335,0.1101,0.115
2.777969,0.0212,-0.0618,0.0765,0.101
2.783023,0.0546,-0.0852,0.0767,0.127
2.788313,0.0492,-0.0800,0.1009,0.138
2.793024,0.0912,-0.0465,0.1776,0.205
2.797958,0.1468,-0.0275,0.2111,0.259
2.803041,0.2256,-0.0325,0.1210,0.258
2.808127,0.2422,-0.0469,0.0556,0.253
2.813044,0.2446,-0.0422,-0.0334,0.250
2.817918,0.2232,-0.0042,-0.0981,0.244
2.823152,0.2402,0.0336,-0.1294,0.275
2.827991,0.2618,0.0238,-0.1660,0.311
2.832987,0.2837,-0.0239,-0.2027,0.350
2.838016,0.2724,-0.0996,-0.1492,0.326
2.842915,0.2473,-0.1177,-0.1293,0.303
2.848140,0.1655,-0.1356,-0.1049,0.238
2.857305,0.1651,-0.1106,-0.1614,0.256
2.857838,0.1790,-0.1381,-0.1321,0.262
2.862853,0.1738,-0.1653,-0.1361,0.276
2.867760,0.1972,-0.1448,-0.0926,0.262
2.873080,0.2347,-0.1531,-0.0398,0.283
2.877636,0.2625,-0.1708,0.0175,0.314
2.882717,0.2474,-0.1266,0.0699,0.287
2.887664,0.2230,-0.1209,0.1029,0.274
2.892713,0.1750,-0.1532,0.0647,0.241
2.897673,0.1225,-0.1330,0.0362,0.184
2.902661,0.0701,-0.0798,0.0174,0.108
2.907650,0.0417,-0.0744,0.0080,0.086
2.912946,0.0705,-0.0406,0.0034,0.081
2.917651,0.1228,-0.0070,-0.0393,0.129
2.922616,0.1226,0.0312,-0.0202,0.128
2.927890,0.1369,0.0358,0.0128,0.142
2.932700,0.0801,0.0166,0.0216,0.085
2.937959,0.0715,0.0167,0.0014,0.073
2.942723,0.0110,0.0122,-0.0093,0.019
2.947776,-0.0488,-0.0208,-0.0015,0.053
2.955193,-0.1128,-0.0011,-0.0415,0.120
2.957865,-0.1335,0.0565,-0.0721,0.162
2.964836,-0.1255,0.0425,-0.0935,0.162
2.967296,-0.1082,0.0192,-0.0531,0.122
2.972276,-0.1053,0.0198,-0.0321,0.112
2.977897,-0.1311,0.0109,0.0220,0.133
2.982634,-0.1664,0.0400,0.0095,0.171
2.987316,-0.1685,0.1115,0.0212,0.203
2.992371,-0.1187,0.1063,0.0190,0.160
2.997448,-0.0743,0.1295,0.0078,0.149
3.002175,-0.0447,0.1430,0.0066,0.150
3.007102,-0.0250,0.1277,0.0200,0.132
3.012115,-0.0484,0.1410,-0.0045,0.149
3.017239,-0.0860,0.1780,-0.0192,0.199
3.022290,-0.0808,0.1718,-0.0336,0.193
3.027516,-0.1282,0.1466,-0.0809,0.211
3.032143,-0.1517,0.1264,-0.1232,0.233
3.036997,-0.1181,0.1064,-0.1604,0.226
3.042153,-0.1181,0.0866,-0.1928,0.242
3.047267,-0.1514,0.1288,-0.2301,0.304
3.052640,-0.1510,0.1327,-0.2627,0.331
3.057385,-0.1316,0.1177,-0.3002,0.348
3.062062,-0.1552,0.0507,-0.2570,0.304
3.067084,-0.1548,0.0318,-0.2097,0.263
3.071965,-0.1401,0.0415,-0.1343,0.198
3.077707,-0.1256,0.0322,-0.0168,0.131
3.082245,-0.1256,-0.0151,0.0334,0.131
3.086870,-0.1257,-0.0573,0.0454,0.145
3.091980,-0.1166,-0.0754,0.1002,0.171
3.096997,-0.1267,-0.1124,0.0928,0.193
3.107774,-0.1179,-0.1207,0.1047,0.199
3.108060,-0.1142,-0.1479,0.1404,0.234
3.111790,-0.0916,-0.1559,0.1854,0.259
3.116748,-0.1029,-0.1876,0.1540,0.264
3.122676,-0.1331,-0.2144,0.1041,0.273
3.127440,-0.1350,-0.2362,0.0786,0.283
3.131955,-0.1325,-0.1819,0.0631,0.234
3.137377,-0.1304,-0.1233,0.0380,0.183
3.141993,-0.1235,-0.1172,-0.4297,0.462
3.146711,0.0309,-0.1010,-1.1336,1.139
3.152444,0.2084,-0.1177,-0.9315,0.962
3.156939,0.2663,-0.0959,-0.2615,0.385
3.161646,0.2671,-0.1031,0.2942,0.411
3.166513,0.2446,-0.1199,0.5187,0.586
3.171438,0.2608,-0.1558,0.5193,0.602
3.176447,0.2632,-0.1727,0.4828,0.576
3.181972,0.1852,-0.1752,0.4376,0.506
3.186482,0.0603,-0.1589,0.3981,0.433
3.191616,0.0221,-0.1096,0.4309,0.445
3.196491,0.0034,-0.1226,0.4259,0.443
3.202739,-0.0057,-0.1119,0.5025,0.515
3.206759,0.0042,-0.0826,0.6080,0.614
3.211490,-0.0290,0.0033,0.6756,0.676
3.216426,-0.0763,0.0169,0.7154,0.720
3.221598,-0.2235,-0.0127,0.6561,0.693
3.229871,-0.3512,-0.0326,0.4504,0.572
3.231591,-0.4311,-0.0760,0.1513,0.463
3.238785,-0.4634,-0.0288,-0.1601,0.491
3.241440,-0.4057,0.0469,-0.4608,0.616
3.246261,-0.2868,0.0702,-0.6421,0.707
3.251348,-0.1400,0.0795,-0.6431,0.663
