0.004754,-0.2522,0.1005,-0.4626,0.536
0.005011,-0.2844,0.0276,-0.3540,0.455
0.007671,-0.0837,0.0745,-0.3048,0.325
0.011325,0.0350,0.1592,-0.3239,0.363
0.016219,0.0772,0.2292,-0.2489,0.347
0.021744,0.1527,0.1800,-0.1750,0.294
0.031464,0.1902,0.0599,-0.1401,0.244
0.031937,0.2042,0.0359,-0.0867,0.225
0.036817,0.1806,0.0168,-0.0387,0.186
0.041400,0.1337,0.0216,-0.0053,0.136
0.046282,0.1016,0.0263,0.0329,0.110
0.052155,0.0794,0.0072,0.0426,0.090
0.056410,0.0810,-0.0594,0.0809,0.129
0.061251,0.0399,-0.1302,0.1430,0.197
0.066250,0.0035,-0.1435,0.1908,0.239
0.071691,0.1434,-0.2186,0.2575,0.367
0.076169,0.4018,-0.2741,0.2050,0.528
0.081244,0.1880,-0.0063,0.2630,0.323
0.086172,0.1181,0.1024,0.4211,0.449
0.091238,0.1626,0.0294,0.4980,0.525
0.096895,0.1781,-0.0669,0.5086,0.543
0.101039,0.1981,-0.0723,0.5151,0.557
0.106231,0.1563,-0.0351,0.4319,0.461
0.112723,0.1288,0.0017,0.4262,0.445
0.116081,0.1347,0.0001,0.3591,0.384
0.123033,0.1548,-0.0063,0.3452,0.378
0.126002,0.1557,-0.0079,0.3221,0.358
0.131646,0.1567,-0.0475,0.2658,0.312
0.135975,0.1198,-0.0106,0.1905,0.225
0.141179,0.1214,0.0069,0.1300,0.178
0.146263,0.1135,-0.0088,0.0836,0.141
0.150784,0.1057,0.0090,0.0274,0.110
0.156413,0.0841,0.0554,0.0138,0.102
0.160845,0.1056,0.0017,-0.0100,0.106
0.165770,0.0750,-0.0419,0.0465,0.098
0.171299,0.0114,0.0052,0.0499,0.051
0.175717,-0.0184,0.0045,0.0720,0.074
0.180851,-0.0577,-0.0247,0.1364,0.150
0.185696,-0.1113,-0.0155,0.1717,0.205
0.190967,-0.1364,-0.0017,0.2259,0.264
0.195666,-0.1666,-0.0261,0.3038,0.347
0.200775,-0.1781,-0.0503,0.3625,0.407
0.205782,-0.1758,-0.0648,0.3880,0.431
0.211207,-0.2216,-0.1031,0.4471,0.510
0.216274,-0.2342,-0.1602,0.4445,0.527
0.222416,-0.2470,-0.1504,0.4331,0.521
0.225506,-0.2409,-0.1739,0.3841,0.486
0.231258,-0.3015,-0.2116,0.2979,0.474
0.235754,-0.3665,-0.2585,0.2693,0.523
0.240733,-0.4357,-0.2669,0.2171,0.555
0.245573,-0.4760,-0.3085,0.1510,0.587
0.250428,-0.5449,-0.3116,0.0708,0.632
0.255475,-0.6042,-0.3383,0.0430,0.694
0.260874,-0.6876,-0.3931,0.0388,0.793
0.265415,-0.7566,-0.4330,0.0057,0.872
0.270530,-0.8357,-0.4725,-0.0085,0.960
0.275917,-0.8772,-0.5114,-0.0419,1.016
0.280755,-0.9484,-0.5404,0.0296,1.092
0.285505,-0.9065,-0.4978,0.0911,1.038
0.290302,-0.9335,-0.5031,0.1766,1.075
0.295371,-0.9340,-0.4750,0.2670,1.081
0.300164,-0.9701,-0.4283,0.3247,1.109
0.305445,-0.9658,-0.4438,0.3886,1.132
0.310774,-0.9645,-0.4403,0.4638,1.157
0.315437,-0.9753,-0.4276,0.5408,1.194
0.320353,-0.9518,-0.3725,0.5918,1.181
0.325158,-0.9318,-0.3229,0.6079,1.158
0.331682,-0.9248,-0.2929,0.6462,1.166
0.335532,-0.8734,-0.2586,0.6497,1.119
0.340141,-0.7823,-0.2247,0.5900,1.005
0.345040,-0.6650,-0.1770,0.5716,0.895
0.350008,-0.5229,-0.0348,0.5240,0.741
0.355341,-0.3598,0.0778,0.4607,0.590
0.360178,-0.1799,0.1562,0.3673,0.438
0.364870,-0.0022,0.2674,0.2673,0.378
0.370126,0.1781,0.4254,0.1983,0.502
0.375107,0.2574,0.6397,0.1110,0.698
0.380238,0.4915,0.7672,0.0065,0.911
0.385504,0.8567,0.8325,-0.0830,1.197
0.390094,1.1534,0.8931,-0.2012,1.473
0.395068,1.4538,0.9774,-0.2438,1.769
0.400014,1.7874,1.0995,-0.2114,2.109
0.405206,2.1049,1.2564,-0.0963,2.453
0.413257,2.4144,1.3890,0.0131,2.785
0.414951,2.7078,1.5021,0.0731,3.097
0.419952,2.9762,1.6337,0.1412,3.398
0.424844,3.2105,1.7405,0.1650,3.656
0.432400,3.4738,1.7938,0.2498,3.918
0.441043,3.7141,1.8603,0.3424,4.168
0.441406,3.8117,1.9305,0.3293,4.285
0.444608,3.8868,1.9516,0.3631,4.364
0.449576,3.8918,1.9620,0.2905,4.368
0.454906,3.9319,1.9618,0.2981,4.404
0.460430,3.9356,1.9126,0.3283,4.388
0.464606,3.9645,1.8530,0.3324,4.389
0.469681,3.9042,1.7781,0.3115,4.301
0.474736,3.8405,1.7360,0.3079,4.226
0.479754,3.8018,1.6884,0.2400,4.167
0.484551,3.6445,1.6116,0.1222,3.987
0.489604,3.4832,1.5248,-0.0218,3.802
0.494523,3.3978,1.4142,-0.2022,3.686
0.499534,3.3231,1.3034,-0.3998,3.592
0.504482,3.2822,1.1974,-0.5383,3.535
0.509533,3.2800,1.0676,-0.6226,3.505
0.514549,3.2210,0.8423,-0.7144,3.405
0.519644,3.1296,0.5600,-0.7221,3.260
0.524436,3.1529,0.0873,-0.5585,3.203
0.529494,3.1027,-0.2317,-0.2801,3.124
0.534317,2.6366,0.0906,-0.2537,2.650
0.539521,1.9112,0.5320,-0.3300,2.011
0.544234,1.3415,0.4998,-0.3273,1.469
0.549443,1.1278,0.0623,-0.3463,1.181
0.556022,1.1100,-0.3970,-0.5067,1.283
0.559370,0.9374,-0.7112,-0.7409,1.391
0.564544,0.6466,-0.7848,-0.9680,1.404
0.569289,0.3088,-0.8476,-1.1354,1.450
0.574270,0.0862,-0.8805,-1.2343,1.519
0.579202,-0.1562,-0.9457,-1.3656,1.668
0.584120,-0.4011,-0.9857,-1.5060,1.844
0.589446,-0.6125,-1.0579,-1.7896,2.167
0.594071,-0.7969,-1.1288,-1.9873,2.420
0.599160,-0.7822,-1.2129,-2.0520,2.509
0.604126,-0.7311,-1.3340,-2.0225,2.531
0.609191,-0.6718,-1.4300,-2.0132,2.559
0.614983,-0.5909,-1.4723,-1.9427,2.508
0.619318,-0.5194,-1.4802,-1.8012,2.389
0.623997,-0.5010,-1.5350,-1.6794,2.330
0.628945,-0.4784,-1.6080,-1.6776,2.373
0.633841,-0.5377,-1.6896,-1.7619,2.500
0.639326,-0.6549,-1.7081,-1.8752,2.620
0.643825,-0.8503,-1.7545,-2.0130,2.802
0.648988,-1.0834,-1.7427,-2.1327,2.960
0.653947,-1.2937,-1.7636,-2.2397,3.131
0.659084,-1.4626,-1.8174,-2.3439,3.307
0.664159,-1.6237,-1.8658,-2.3926,3.441
0.668847,-1.7917,-1.9232,-2.4338,3.582
0.673765,-1.9344,-2.0281,-2.4245,3.706
0.678821,-2.0642,-2.1514,-2.4076,3.832
0.684248,-2.1297,-2.3126,-2.2537,3.868
0.688865,-1.9873,-2.4780,-1.9534,3.729
0.693929,-1.8573,-2.6000,-1.7878,3.661
0.705357,-1.7832,-2.7027,-1.7460,3.679
0.706246,-1.8118,-2.8959,-1.6939,3.813
0.710930,-1.9346,-3.0604,-1.7178,4.007
0.713692,-2.1753,-3.2104,-1.7844,4.269
0.718793,-2.3865,-3.2939,-1.9510,4.511
0.723568,-2.6264,-3.4831,-2.2031,4.887
0.728613,-2.8239,-3.7065,-2.4453,5.262
0.733464,-3.1237,-4.0503,-2.5578,5.719
0.738642,-3.5497,-4.3805,-2.6985,6.251
0.750601,-3.9841,-4.6068,-2.9487,6.767
0.750982,-4.5961,-4.7827,-3.2081,7.368
0.753313,-5.5020,-4.9038,-3.5386,8.176
0.758527,-6.4736,-5.0520,-3.9121,9.096
0.763389,-7.3971,-5.2942,-4.2959,10.060
0.769682,-8.3280,-5.4394,-4.6771,10.992
0.773407,-9.2819,-5.5835,-4.9128,11.894
0.780000,-10.4861,-5.6883,-4.9836,12.929
0.783490,-11.9245,-5.7538,-4.8406,14.097
0.788435,-13.3180,-6.0764,-4.6836,15.370
0.793332,-14.5715,-6.6397,-4.6016,16.661
0.798410,-15.5302,-7.4092,-4.4583,17.775
0.803328,-15.8537,-8.4395,-4.0143,18.403
0.808351,-15.7864,-9.5216,-3.1295,18.699
0.813566,-15.6858,-10.5424,-1.9835,19.003
0.821870,-15.3676,-11.3550,-0.7073,19.121
0.823406,-14.7268,-11.9894,0.3706,18.994
0.829675,-13.3762,-12.8623,1.1209,18.591
0.833033,-11.3636,-14.1650,1.2933,18.206
0.838212,-10.6663,-14.1761,1.6235,17.815
0.843351,-8.8552,-14.6061,1.3825,17.137
0.848189,-6.2138,-15.2171,0.5751,16.447
0.853114,-3.1397,-15.3320,-0.8029,15.671
0.858235,0.4928,-14.4472,-2.7145,14.708
0.863674,4.8795,-13.1216,-5.2379,14.947
0.868791,9.8158,-11.1594,-8.3192,17.032
0.873105,14.9404,-8.4587,-11.5404,20.687
0.880330,19.9137,-5.4788,-14.6351,25.313
0.883687,24.0896,-2.3179,-17.2950,29.746
0.891575,27.8250,0.6170,-18.9391,33.665
0.897116,31.6137,2.9738,-19.7173,37.377
0.898388,34.6447,5.0628,-19.6173,40.134
0.903281,36.7426,6.6708,-18.4085,41.634
0.907939,37.8412,7.8038,-16.3018,41.936
0.913208,37.7960,8.5579,-13.5549,41.055
0.918315,36.9387,9.0047,-10.6073,39.472
0.923117,35.3348,8.8456,-7.7910,37.249
0.930453,32.9510,8.2086,-5.5501,34.409
0.932892,29.7470,7.4553,-4.0337,30.931
0.944098,26.5802,6.5157,-3.1058,27.543
0.944612,23.9836,5.3733,-2.6058,24.716
0.949320,21.5343,4.1029,-2.4489,22.058
0.952868,19.0634,2.7591,-2.3939,19.410
0.957744,16.4127,1.3557,-2.5816,16.670
0.962786,13.7771,-0.1558,-2.9568,14.092
0.968236,11.0873,-1.7327,-3.5703,11.776
0.972606,8.1777,-3.3921,-4.4057,9.889
0.977598,5.1161,-4.9395,-5.2482,8.838
0.982536,2.2140,-6.3643,-6.1807,9.144
0.987862,-0.4386,-7.8030,-7.1713,10.607
0.992584,-3.1205,-8.8716,-8.1309,12.432
0.997829,-5.6277,-9.6039,-8.6780,14.114
1.002524,-7.7570,-10.4593,-8.7761,15.703
1.007603,-10.0746,-11.1065,-8.5117,17.242
1.012543,-12.7681,-11.1028,-8.2028,18.804
1.017499,-16.0601,-10.7492,-8.3028,21.033
1.022535,-19.2245,-10.5813,-8.6474,23.586
1.030321,-21.8308,-10.5889,-8.9227,25.852
1.032778,-23.9802,-10.5128,-8.8614,27.642
1.038742,-25.6199,-10.6915,-8.2623,28.965
1.042270,-26.2614,-11.4141,-7.3471,29.562
1.047665,-27.3936,-11.9206,-6.2774,30.527
1.052759,-28.2899,-12.4269,-5.0968,31.317
1.057755,-28.0630,-13.5437,-4.1732,31.438
1.062369,-27.1062,-14.7500,-4.1926,31.143
1.067363,-25.4659,-15.9126,-5.0199,30.445
1.072626,-23.4546,-16.9981,-6.3591,29.656
1.077325,-21.1914,-17.8204,-8.0408,28.832
1.082190,-18.8973,-18.1993,-9.7881,28.002
1.087324,-16.6418,-18.1091,-11.2292,27.037
1.092193,-14.3374,-17.7605,-12.2060,25.884
1.097555,-11.6633,-17.2328,-12.4439,24.246
1.102121,-8.7617,-16.4844,-11.9767,22.180
1.107323,-5.7995,-15.5356,-10.9916,19.895
1.113447,-2.7569,-14.4740,-9.6890,17.634
1.117605,0.3659,-13.2394,-8.4611,15.716
1.122261,3.4134,-11.7844,-7.4996,14.379
1.127659,6.3273,-9.9832,-6.9295,13.701
1.132539,9.3850,-7.9097,-6.8227,14.042
1.137210,12.9435,-6.0482,-7.2924,16.040
1.141895,16.9618,-4.1273,-7.7732,19.109
1.147065,21.2019,-2.1354,-8.1926,22.830
1.153271,24.6900,0.0998,-8.5564,26.131
1.157035,27.2421,2.4528,-8.4351,28.623
1.161856,30.5478,3.7005,-8.2520,31.858
1.166844,32.2905,4.7391,-8.0806,33.622
1.171844,31.6863,6.3958,-7.3853,33.158
1.179767,31.8301,7.1679,-6.3691,33.243
1.181767,31.0284,7.3350,-5.6997,32.389
1.188717,29.0799,7.5268,-4.7358,30.409
1.191724,26.0036,7.8677,-3.6509,27.412
1.196739,22.6823,7.9233,-2.4569,24.152
1.201782,19.9352,7.4885,-1.4434,21.344
1.206747,17.4036,6.7496,-0.7719,18.683
1.211787,14.9227,5.9901,-0.2436,16.082
1.216633,12.4699,5.2666,0.1348,13.537
1.221643,10.1617,4.5698,0.2920,11.146
1.229224,8.1154,3.8159,0.2578,8.971
1.231985,6.3336,3.0166,0.0909,7.016
1.237175,4.9197,2.1400,-0.1411,5.367
1.241447,3.6972,1.2417,-0.4883,3.931
1.246528,2.5587,0.4058,-0.8243,2.719
1.251682,1.5432,-0.4082,-1.2050,2.000
1.256519,0.6628,-1.1946,-1.6264,2.124
1.261418,-0.0565,-1.9527,-2.1808,2.928
1.266613,-0.7323,-2.7104,-2.7650,3.941
1.271485,-1.3650,-3.5044,-3.1348,4.896
1.276786,-1.9566,-4.1834,-3.2608,5.653
1.281345,-2.6365,-4.6314,-3.1941,6.213
1.286439,-3.2342,-4.9106,-2.9149,6.563
1.291356,-3.6557,-5.0266,-2.4689,6.688
1.296932,-3.8735,-5.0421,-2.0359,6.676
1.301681,-4.1689,-5.0100,-1.7179,6.740
1.306429,-4.4135,-4.8367,-1.4587,6.708
1.311340,-4.5294,-4.6708,-1.1941,6.615
1.316297,-4.4498,-4.4655,-0.9957,6.382
1.321260,-4.2129,-4.2218,-0.9020,6.032
1.329201,-3.8953,-3.9932,-0.8700,5.646
1.331755,-3.5843,-3.7945,-0.8520,5.289
1.338521,-3.2563,-3.6411,-0.8403,4.956
1.341184,-2.9552,-3.4566,-0.8301,4.623
1.346173,-2.6853,-3.2464,-0.8224,4.293
1.351600,-2.4268,-3.0298,-0.8277,3.969
1.356822,-2.2367,-2.8169,-0.8660,3.700
1.361408,-2.0969,-2.6268,-0.9382,3.490
1.366083,-1.9234,-2.4789,-1.0695,3.315
1.371318,-1.7937,-2.3494,-1.1988,3.190
1.376713,-1.6501,-2.2288,-1.3130,3.068
1.381041,-1.4109,-2.1268,-1.4658,2.943
1.386252,-1.1286,-2.0578,-1.6341,2.860
1.391156,-0.8992,-1.9596,-1.7087,2.751
1.396191,-0.7491,-1.8754,-1.6522,2.609
1.401910,-0.6070,-1.7766,-1.4838,2.393
1.406096,-0.5107,-1.6249,-1.3088,2.148
1.411110,-0.4263,-1.4922,-1.1124,1.909
1.416715,-0.3438,-1.4358,-0.8414,1.699
1.421313,-0.3068,-1.3744,-0.6006,1.531
1.426232,-0.2513,-1.3318,-0.3709,1.405
1.431356,-0.1730,-1.3655,-0.1180,1.381
1.437445,-0.0522,-1.3269,0.1923,1.342
1.440910,0.0732,-1.2641,0.4412,1.341
1.445893,0.0935,-1.2057,0.6341,1.365
1.451069,0.0993,-1.1757,0.7524,1.399
1.456005,-0.0326,-1.1404,0.8104,1.399
1.460874,-0.1495,-1.1287,0.8036,1.394
1.465826,-0.1941,-1.1166,0.7464,1.357
1.470897,-0.2193,-1.1136,0.6385,1.302
1.476967,-0.1580,-1.0671,0.4461,1.167
1.480748,-0.0876,-1.0825,0.1500,1.096
1.485770,-0.0783,-1.0972,-0.1979,1.118
1.490826,-0.1929,-1.1352,-0.4397,1.233
1.495836,-0.3359,-1.1726,-0.6815,1.397
1.500815,-0.3830,-1.2190,-0.8946,1.560
1.505698,-0.3341,-1.3030,-0.9596,1.652
1.510700,-0.4008,-1.3148,-1.2017,1.826
1.515661,-0.6152,-1.3403,-1.5250,2.121
1.520857,-0.8397,-1.4993,-1.7620,2.461
1.525647,-1.0076,-1.6674,-1.9372,2.747
1.530844,-1.1816,-1.8637,-2.1369,3.072
1.538796,-1.4578,-1.9977,-2.3992,3.446
1.540438,-1.8283,-2.1175,-2.6523,3.855
1.545467,-2.3121,-2.2330,-2.9350,4.353
1.550407,-2.9021,-2.4215,-3.1900,4.946
1.555556,-3.6052,-2.5687,-3.4469,5.610
1.560385,-4.4285,-2.7713,-3.7253,6.416
1.565353,-5.2832,-3.0107,-3.9922,7.274
1.570414,-5.9418,-3.3592,-4.1289,7.977
1.575472,-6.7222,-3.8317,-4.2322,8.819
1.580348,-8.0994,-4.2943,-4.2208,10.092
1.585415,-9.6489,-4.7091,-4.0425,11.472
1.590282,-11.3212,-5.1532,-3.8359,13.017
1.595724,-13.4125,-5.6656,-3.5432,14.985
1.600279,-15.5670,-6.3368,-3.2063,17.110
1.605432,-17.4966,-7.3681,-2.7378,19.181
1.610346,-18.9508,-8.6045,-2.1329,20.922
1.615212,-20.0960,-9.7521,-1.4381,22.384
1.622356,-21.2416,-10.9995,-0.5960,23.928
1.625361,-22.1839,-12.3097,0.1694,25.371
1.633349,-23.0575,-13.6295,0.9948,26.803
1.640888,-23.6878,-15.0728,1.3544,28.109
1.641359,-23.2158,-17.0373,0.7423,28.806
1.647364,-21.5965,-19.5033,-0.8352,29.112
1.649920,-19.5863,-21.7100,-3.3359,29.429
1.655549,-17.4195,-22.9618,-6.4468,29.534
1.662927,-14.6833,-23.5829,-9.8500,29.475
1.665119,-10.8646,-23.6515,-13.2788,29.219
1.671547,-5.8830,-22.8779,-16.1894,28.638
1.675179,0.2905,-21.3252,-18.2873,28.094
1.679845,7.2933,-18.8501,-19.9099,28.371
1.687020,14.2266,-15.6476,-21.2841,30.004
1.689959,21.1032,-11.8986,-22.2385,32.886
1.695028,28.0152,-7.7884,-22.9576,37.048
1.700074,33.6889,-3.3243,-23.4262,41.168
1.707573,38.7442,0.6907,-22.6726,44.896
1.715993,42.9388,3.4634,-21.3950,48.099
1.716553,46.4104,4.6138,-19.5333,50.564
1.722584,47.1954,4.8411,-17.3615,50.520
1.724854,45.5475,4.6664,-14.4650,48.017
1.729682,41.6219,4.8913,-11.1487,43.366
1.736982,37.2138,5.1256,-7.8419,38.375
1.739597,32.6959,4.7783,-5.2442,33.457
1.748793,27.7265,4.1381,-3.3266,28.230
1.750455,22.7697,3.7756,-1.9549,23.163
1.755227,18.5477,3.6114,-0.8874,18.917
1.760781,15.1672,3.3114,0.0231,15.525
1.764582,12.2570,2.7972,0.5699,12.585
1.769577,9.5851,2.1664,0.9622,9.874
1.774680,7.1443,1.5022,1.3082,7.417
1.779677,4.8294,0.8362,1.4738,5.118
1.785333,3.0584,-0.1740,1.2075,3.293
1.789682,0.3507,-0.4385,1.1299,1.262
1.794547,-1.8095,-0.8706,0.9777,2.233
1.799443,-3.2980,-1.7089,0.6445,3.770
1.804587,-4.4060,-2.5128,0.1572,5.075
1.810349,-5.3450,-3.2388,-0.4040,6.263
1.814483,-5.9846,-3.9848,-0.9813,7.257
1.819447,-6.5266,-4.6070,-1.4038,8.111
1.825801,-6.8875,-5.2114,-1.7021,8.803
1.837240,-7.0657,-5.7654,-1.8918,9.314
1.837773,-7.2094,-6.1222,-1.9699,9.661
1.842075,-7.2971,-6.2781,-1.8974,9.811
1.844146,-7.2086,-6.3639,-1.7939,9.782
1.849313,-6.9780,-6.3188,-1.7207,9.570
1.854322,-6.7393,-6.1439,-1.6676,9.271
1.860270,-6.5110,-5.9171,-1.6297,8.948
1.864371,-6.2983,-5.6821,-1.6978,8.651
1.869244,-6.0697,-5.3921,-1.8248,8.321
1.874381,-5.9168,-5.1338,-1.9870,8.082
1.879169,-5.8344,-4.7927,-2.1565,7.852
1.884280,-5.8079,-4.4459,-2.3344,7.678
1.889149,-5.7217,-4.1032,-2.4981,7.471
1.894157,-5.5521,-3.7745,-2.6822,7.230
1.899190,-5.2926,-3.4121,-2.8733,6.922
1.904208,-4.9905,-3.1693,-3.0150,6.636
1.909164,-4.6255,-2.9838,-3.1081,6.321
1.914203,-4.2685,-2.7983,-3.1337,5.989
1.919175,-3.7983,-2.6321,-3.0104,5.515
1.924034,-3.2811,-2.4419,-2.9927,5.068
1.929269,-2.9219,-2.2089,-3.0568,4.771
1.934680,-2.6771,-2.0143,-3.0702,4.544
1.938956,-2.4458,-1.8294,-3.1779,4.408
1.943870,-2.2281,-1.6590,-3.2085,4.244
1.948812,-1.9855,-1.5318,-3.1967,4.063
1.954015,-1.7463,-1.4045,-3.0567,3.790
1.959012,-1.5107,-1.2343,-2.7934,3.407
1.963900,-1.2159,-1.0640,-2.4019,2.895
1.968932,-0.7847,-0.9417,-1.9391,2.294
1.974061,-0.4176,-0.8288,-1.4276,1.703
1.978915,-0.1187,-0.7447,-0.8711,1.152
1.984088,0.2476,-0.6413,-0.3879,0.789
1.988875,0.5521,-0.5333,0.0177,0.768
1.993895,0.9061,-0.4540,0.3227,1.064
1.998920,1.2050,-0.3510,0.5040,1.352
2.003862,1.4448,-0.2817,0.5952,1.588
2.008663,1.6355,-0.2413,0.5915,1.756
2.013733,1.7825,-0.2012,0.4687,1.854
2.018814,1.8857,-0.1660,0.2927,1.915
2.023775,1.9071,-0.1837,0.0773,1.917
2.029394,1.8416,-0.1535,-0.1640,1.855
2.033679,1.6748,-0.1521,-0.4174,1.733
2.039005,1.5788,-0.1649,-0.6022,1.698
2.043512,1.5771,-0.1967,-0.7806,1.771
2.048428,1.4493,-0.2329,-0.8483,1.695
2.053612,1.2813,-0.2687,-0.8475,1.560
2.058633,1.0631,-0.2466,-0.8023,1.355
2.063646,0.8373,-0.2193,-0.7552,1.149
2.068535,0.6604,-0.1341,-0.6241,0.919
2.073734,0.4789,-0.1586,-0.4463,0.674
2.078363,0.3120,-0.2017,-0.2652,0.456
2.083483,0.0583,-0.1821,-0.0747,0.205
2.088629,-0.1489,-0.1238,0.1976,0.277
2.093511,-0.2526,-0.0797,0.4711,0.540
2.098463,-0.3060,-0.0210,0.7417,0.803
2.103437,-0.3523,-0.0486,0.9341,1.000
2.108407,-0.3294,-0.0714,1.0622,1.114
2.113468,-0.2564,-0.0848,1.1123,1.145
2.118616,-0.1569,-0.1271,1.1181,1.136
2.123414,-0.0690,-0.1504,1.1516,1.163
2.128193,-0.0304,-0.1742,1.1698,1.183
2.133280,0.0355,-0.1075,1.1349,1.141
2.138381,0.0380,-0.0127,1.1084,1.109
2.145282,0.0348,0.0769,0.9559,0.960
2.148087,0.0690,0.0751,0.8013,0.808
2.153186,0.1167,0.0682,0.6249,0.639
2.158229,0.1061,0.0900,0.4355,0.457
2.163296,0.1142,0.0829,0.2759,0.310
2.168607,0.1311,0.0663,0.1690,0.224
2.173224,0.2005,0.0402,0.0955,0.226
2.178030,0.2409,0.0095,0.0600,0.248
2.183134,0.2959,-0.0738,0.0533,0.310
2.188106,0.2938,-0.1090,0.0895,0.326
2.193549,0.2680,-0.0677,0.1544,0.317
2.198108,0.2905,-0.0169,0.2004,0.353
2.203188,0.8562,-0.1151,1.0919,1.392
2.207896,1.6550,-0.2768,2.7406,3.214
2.213241,1.7291,0.1869,3.2706,3.704
2.218720,1.7440,0.3998,3.7258,4.133
2.223071,1.4729,0.3676,3.4390,3.759
2.227714,0.8386,0.4358,2.0050,2.217
2.232942,0.2716,0.5331,0.4552,0.752
2.237794,-0.0799,0.6312,-0.6903,0.939
2.245890,-0.1395,0.5244,-1.4188,1.519
2.247741,0.0984,0.1892,-1.7363,1.749
2.252712,0.1595,0.1713,-1.7486,1.764
2.257914,-0.4555,0.6759,-1.5838,1.781
2.263117,-1.0244,0.8597,-1.0148,1.679
2.268477,-0.7041,0.3304,-0.4661,0.907
2.272884,-0.1974,-0.1742,-0.2287,0.349
2.277686,-0.0306,-0.3386,-0.1630,0.377
2.282829,-0.1753,-0.1728,-0.1056,0.268
2.287824,-0.3826,-0.0123,-0.1376,0.407
2.293691,-0.4616,-0.0197,-0.1683,0.492
2.297534,-0.3692,-0.1660,-0.1931,0.449
2.302792,-0.2342,-0.2309,-0.3177,0.457
2.307595,-0.1280,-0.2624,-0.3361,0.445
2.312835,-0.0840,-0.2174,-0.3248,0.400
2.318551,-0.0305,-0.2253,-0.1640,0.280
2.322886,-0.0298,-0.2574,0.0745,0.270
2.327599,-0.0388,-0.2563,0.2666,0.372
2.332824,-0.0097,-0.2747,0.3740,0.464
2.337943,0.0240,-0.2934,0.4303,0.521
2.342832,0.0431,-0.2788,0.4785,0.555
2.348381,0.0523,-0.2885,0.4609,0.546
2.352465,0.1237,-0.2552,0.4301,0.515
2.357364,0.1522,-0.1361,0.3140,0.375
2.362414,0.1282,-0.0602,0.1505,0.207
2.367431,0.1522,0.0157,-0.0947,0.180
2.372374,0.1283,0.1013,-0.2544,0.302
2.377551,0.1044,0.1774,-0.3581,0.413
2.382470,0.0757,0.1965,-0.4443,0.492
2.387335,0.0469,0.2254,-0.4316,0.489
2.392336,0.0372,0.2497,-0.3582,0.438
2.397232,0.0802,0.2599,-0.2717,0.384
2.402225,0.1327,0.2463,-0.1477,0.316
2.407412,0.2141,0.1946,-0.0720,0.298
2.412226,0.2528,0.1811,0.0083,0.311
2.417069,0.3351,0.1916,0.0457,0.389
2.422473,0.3366,0.1972,0.0596,0.395
2.429906,0.3529,0.2171,0.0404,0.416
2.432726,0.3218,0.1651,0.0026,0.362
2.439614,0.2334,0.1179,-0.0686,0.270
2.441919,0.1740,0.0613,-0.1446,0.234
2.446983,0.0664,-0.0095,-0.2736,0.282
2.452111,-0.0176,-0.0610,-0.3696,0.375
2.457193,-0.0350,-0.0548,-0.3226,0.329
2.462079,-0.0532,-0.0917,-0.2713,0.291
2.466976,-0.0574,-0.1284,-0.1963,0.241
2.472149,-0.0522,-0.1843,-0.0638,0.202
2.476991,-0.0234,-0.2163,0.0260,0.219
2.482094,-0.0381,-0.2483,0.0589,0.258
2.487024,-0.0100,-0.2374,0.0539,0.244
2.491904,0.0085,-0.2265,0.0734,0.238
2.497461,0.0413,-0.2254,0.0549,0.236
2.501886,0.0262,-0.2099,0.0942,0.232
2.506994,0.0207,-0.2520,0.0813,0.266
2.511957,-0.0136,-0.2797,0.0639,0.287
2.516719,-0.0769,-0.3121,0.0370,0.324
2.521876,-0.1550,-0.2584,0.0099,0.302
2.529497,-0.1571,-0.2430,0.0065,0.289
2.532281,-0.1788,-0.2275,0.0315,0.291
2.541965,-0.2011,-0.2408,0.0946,0.328
2.542298,-0.2432,-0.2445,0.1913,0.394
2.546514,-0.3198,-0.2243,0.2883,0.485
2.551963,-0.3493,-0.2283,0.3522,0.546
2.557222,-0.3318,-0.1989,0.3495,0.521
2.561563,-0.3150,-0.1983,0.3904,0.539
2.566479,-0.2509,-0.1931,0.3648,0.483
2.571599,-0.2448,-0.1497,0.3253,0.434
2.576746,-0.2776,-0.1447,0.3294,0.454
2.581656,-0.3013,-0.1399,0.3150,0.458
2.586539,-0.2921,-0.0538,0.2339,0.378
2.591540,-0.2453,-0.0444,0.1434,0.288
2.596544,-0.1509,-0.0207,0.0577,0.163
2.601774,-0.0326,-0.0065,-0.0186,0.038
2.606550,0.0282,0.0125,-0.0613,0.069
2.611432,0.0317,0.0459,-0.0754,0.094
2.616835,0.0543,0.0601,-0.0370,0.089
2.621605,0.0961,0.0408,0.0063,0.105
2.629114,0.0901,0.0550,-0.0175,0.107
2.632045,0.1272,0.0787,0.0020,0.150
2.638288,0.2220,0.1263,0.0025,0.255
2.641350,0.2261,0.1116,-0.0207,0.253
2.646160,0.2065,0.1160,0.0282,0.239
2.652072,0.2111,0.1394,0.0775,0.265
2.656255,0.1870,0.1531,0.0841,0.256
2.661229,0.1917,0.1860,0.0814,0.279
2.666293,0.1629,0.1708,0.1222,0.266
2.671830,0.1488,0.1652,0.0914,0.240
2.677045,0.1733,0.1978,0.0606,0.270
2.681277,0.2222,0.2162,0.0440,0.313
2.686094,0.2765,0.2250,-0.0258,0.357
2.691150,0.3174,0.2197,-0.0626,0.391
2.696166,0.3642,0.2097,-0.0762,0.427
2.701730,0.3402,0.2381,-0.0617,0.420
2.706165,0.3318,0.2188,-0.0526,0.401
2.711081,0.2858,0.2570,-0.0535,0.388
2.715983,0.2675,0.2742,-0.0785,0.391
2.721215,0.2309,0.2677,-0.1371,0.379
2.732405,0.1951,0.2090,-0.1292,0.314
2.732924,0.1314,0.2080,-0.1217,0.274
2.742294,0.0639,0.1927,-0.0526,0.210
2.742651,0.0111,0.1680,0.0779,0.185
2.745818,-0.0557,0.1671,0.1318,0.220
2.751635,-0.1604,0.1376,0.1953,0.288
2.755871,-0.2315,0.0798,0.1732,0.300
2.760808,-0.2742,0.0984,0.2419,0.379
2.765787,-0.2889,0.0978,0.1964,0.363
2.771066,-0.2803,0.0733,0.1420,0.323
2.775803,-0.2868,0.0395,0.1644,0.333
2.780876,-0.2464,0.0344,0.2297,0.339
2.785851,-0.2259,0.0292,0.2570,0.343
2.790977,-0.1586,-0.0140,0.2559,0.301
2.796364,-0.1494,-0.0143,0.2647,0.304
2.800859,-0.1551,-0.0240,0.2167,0.268
2.805679,-0.1136,-0.0766,0.2076,0.249
2.810552,-0.0918,-0.1050,0.1658,0.217
2.815593,-0.0944,-0.0906,0.1771,0.220
2.820694,-0.0449,-0.0812,0.1508,0.177
2.825752,-0.0007,-0.0814,0.1252,0.149
2.830831,0.0383,-0.0913,0.1147,0.151
2.839121,0.0771,-0.1249,0.0713,0.163
2.840573,0.0681,-0.1583,0.0002,0.172
2.845489,0.0782,-0.1154,-0.0416,0.145
2.850462,0.1025,-0.1252,-0.1161,0.199
2.856185,0.0884,-0.1206,-0.1666,0.224
2.860546,0.1031,-0.1635,-0.2407,0.309
2.865287,0.0561,-0.1964,-0.2718,0.340
2.870434,0.0572,-0.2242,-0.2506,0.341
2.875474,0.0820,-0.1996,-0.2011,0.295
2.880410,0.0543,-0.1798,-0.1901,0.267
2.885419,0.0650,-0.1745,-0.2125,0.283
2.890366,0.0709,-0.2025,-0.2111,0.301
2.895225,0.1199,-0.1874,-0.2051,0.303
2.900325,0.1213,-0.1675,-0.4758,0.519
2.905178,0.1374,-0.1710,-1.0651,1.087
2.910252,0.1777,-0.1027,-0.9106,0.933
2.915541,0.1134,-0.1061,-0.3736,0.405
2.920235,0.1592,-0.0999,0.0685,0.200
2.925098,0.2575,-0.0891,0.2463,0.367
2.930269,0.2416,-0.1355,0.2233,0.356
2.938474,0.1790,-0.1625,0.1818,0.303
2.940210,0.1219,-0.1465,0.1689,0.255
2.944980,0.0083,-0.0404,0.2036,0.208
2.950009,-0.0905,0.0269,0.2094,0.230
2.955180,-0.1317,0.0081,0.1248,0.182
2.960081,-0.1730,-0.0438,0.0262,0.180
2.964895,-0.2143,-0.0380,-0.0817,0.232
2.969989,-0.2606,-0.0273,-0.2086,0.335
2.975125,-0.2499,0.0309,-0.1977,0.320
