0.001716,-0.0403,0.0730,-0.1636,0.184
0.006247,-0.0057,0.0586,-0.2871,0.293
0.011101,0.0094,0.0399,-0.3205,0.323
0.017596,-0.0092,0.0454,-0.3546,0.358
0.022036,-0.0275,0.0560,-0.3087,0.315
0.026229,0.0350,0.0620,-0.2924,0.301
0.031425,0.1545,0.0730,-0.3294,0.371
0.036174,0.2688,0.0794,-0.2816,0.397
0.041227,0.3689,0.1145,-0.2348,0.452
0.047104,0.5317,0.0589,-0.0744,0.540
0.051244,0.7811,0.1131,0.1178,0.798
0.056257,0.5878,0.2616,0.1995,0.674
0.061197,0.4775,0.3043,0.2997,0.641
0.066347,0.4306,0.2373,0.2425,0.548
0.072496,0.3514,0.1756,0.1525,0.421
0.076444,0.2917,0.1572,0.1346,0.358
0.081097,0.2089,0.2055,0.1546,0.331
0.086069,0.1315,0.1726,0.2364,0.321
0.091215,0.0781,0.1731,0.3325,0.383
0.097096,0.0151,0.1257,0.4239,0.442
0.101822,-0.0195,0.0927,0.5157,0.524
0.106088,-0.0545,0.1022,0.6083,0.619
0.111091,-0.0803,0.0778,0.6589,0.668
0.116186,-0.1021,0.0341,0.6966,0.705
0.120964,-0.1342,0.0282,0.6549,0.669
0.127547,-0.1387,0.0265,0.6343,0.650
0.131591,-0.1297,-0.0136,0.5866,0.601
0.136142,-0.1215,-0.0109,0.4882,0.503
0.142553,-0.0999,-0.0655,0.4057,0.423
0.145811,-0.1075,-0.0486,0.3243,0.345
0.151198,-0.1440,-0.0508,0.2295,0.276
0.155810,-0.1379,-0.0386,0.1163,0.184
0.160923,-0.1273,-0.0455,0.0703,0.152
0.165931,-0.1122,-0.0997,0.0480,0.158
0.170828,-0.0923,-0.1391,0.0019,0.167
0.175837,-0.0772,-0.1258,-0.0108,0.148
0.180952,-0.0714,-0.1078,-0.0333,0.134
0.185913,-0.0748,-0.0944,-0.0704,0.140
0.190769,-0.0779,-0.1049,-0.0932,0.160
0.195779,-0.0857,-0.1199,-0.1304,0.197
0.200930,-0.1217,-0.0967,-0.1485,0.215
0.205979,-0.1288,-0.0926,-0.1429,0.213
0.210743,-0.1311,-0.0885,-0.1422,0.213
0.215771,-0.1571,-0.1034,-0.1939,0.270
0.221024,-0.1687,-0.1134,-0.1979,0.284
0.226024,-0.1756,-0.1279,-0.2164,0.307
0.231374,-0.1493,-0.1518,-0.2252,0.310
0.235876,-0.1661,-0.1613,-0.2294,0.326
0.240724,-0.2258,-0.1611,-0.2383,0.366
0.245642,-0.2185,-0.1703,-0.2139,0.350
0.250754,-0.2211,-0.2270,-0.2088,0.380
0.260110,-0.2333,-0.2309,-0.2133,0.392
0.260701,-0.2409,-0.2634,-0.2130,0.416
0.265583,-0.2726,-0.2812,-0.1937,0.437
0.270605,-0.3327,-0.3084,-0.1842,0.490
0.275328,-0.3500,-0.3115,-0.2129,0.515
0.280750,-0.3534,-0.3051,-0.1892,0.504
0.285325,-0.4046,-0.3225,-0.1943,0.553
0.290256,-0.4085,-0.2921,-0.1565,0.526
0.295540,-0.4082,-0.2954,-0.1379,0.522
0.300549,-0.4084,-0.2844,-0.1050,0.509
0.305509,-0.3616,-0.2973,-0.0959,0.478
0.310334,-0.3442,-0.2580,-0.1103,0.444
0.315169,-0.3511,-0.2285,-0.1007,0.431
0.320120,-0.3632,-0.2136,-0.1337,0.442
0.325246,-0.3425,-0.2463,-0.1519,0.448
0.330487,-0.3034,-0.2076,-0.1366,0.392
0.335113,-0.2844,-0.1834,-0.1072,0.355
0.340504,-0.2946,-0.2069,-0.1207,0.380
0.345054,-0.2719,-0.2065,-0.1197,0.362
0.350287,-0.2643,-0.2156,-0.1137,0.360
0.355845,-0.2668,-0.2058,-0.0885,0.348
0.360247,-0.2796,-0.2292,-0.0445,0.364
0.365102,-0.3265,-0.2572,-0.0292,0.417
0.369957,-0.3599,-0.3041,0.0433,0.473
0.375006,-0.3702,-0.3032,0.1303,0.496
0.380618,-0.3774,-0.2837,0.2414,0.530
0.385212,-0.3527,-0.2598,0.3241,0.545
0.390042,-0.3107,-0.2696,0.3407,0.534
0.395168,-0.3179,-0.3129,0.3678,0.578
0.400606,-0.3268,-0.3609,0.5008,0.698
0.407964,-0.3654,-0.3091,0.5722,0.746
0.409830,-0.3779,-0.2439,0.7022,0.834
0.414805,-0.3880,-0.2177,0.7951,0.911
0.419697,-0.3910,-0.2444,0.8799,0.993
0.425028,-0.3967,-0.2192,1.0094,1.107
0.430311,-0.3672,-0.1853,1.1218,1.195
0.434816,-0.3356,-0.1712,1.2692,1.324
0.439647,-0.3848,-0.1817,1.5003,1.560
0.444800,-0.3900,-0.1738,1.6911,1.744
0.449652,-0.3182,-0.1240,1.8565,1.888
0.455496,-0.3452,-0.1373,1.9879,2.022
0.460335,-0.2895,-0.1800,2.0147,2.043
0.464562,-0.1784,-0.1563,1.9508,1.965
0.469484,-0.0191,-0.1811,1.9127,1.921
0.474667,0.0088,-0.1730,1.9660,1.974
0.480475,0.0446,-0.1084,1.8342,1.838
0.484877,0.1315,0.0220,1.7275,1.733
0.489516,0.3360,0.2035,1.6550,1.701
0.494472,0.5073,0.1511,1.3716,1.470
0.500039,0.6860,0.1182,1.1295,1.327
0.510357,0.8500,0.2903,0.9019,1.273
0.510821,0.9476,0.4760,0.5786,1.208
0.514542,1.1087,0.5593,0.3033,1.278
0.519811,1.2814,0.5429,0.0818,1.394
0.524726,1.4147,0.6186,-0.1317,1.550
0.530375,1.6690,0.7281,-0.3054,1.846
0.534276,1.9407,0.8717,-0.4089,2.166
0.539392,2.1924,0.9726,-0.4812,2.446
0.544493,2.4633,1.0737,-0.5186,2.737
0.549346,2.7776,1.1749,-0.6415,3.083
0.554335,3.0886,1.2808,-0.7997,3.438
0.559318,3.3429,1.3624,-0.9239,3.726
0.564485,3.4987,1.5057,-1.1029,3.965
0.569224,3.6330,1.6912,-1.1892,4.180
0.574224,3.9087,1.7466,-1.1695,4.438
0.580618,4.2448,1.8107,-1.5037,4.854
0.584454,4.5269,1.7449,-1.8004,5.175
0.589245,4.6659,1.6542,-1.8818,5.296
0.594127,4.6857,1.6104,-1.9212,5.314
0.599206,4.6773,1.6422,-1.8945,5.307
0.604330,4.6455,1.6635,-1.7725,5.243
0.609974,4.5090,1.5884,-1.6406,5.054
0.617227,4.3138,1.4321,-1.5928,4.816
0.619062,4.0395,1.2520,-1.6008,4.522
0.624030,3.6838,1.1061,-1.5957,4.164
0.629413,3.2318,0.9850,-1.5288,3.708
0.633949,2.8263,0.8604,-1.3321,3.241
0.639423,2.6004,0.7085,-1.0523,2.893
0.643926,2.3981,0.5823,-0.9312,2.638
0.648846,2.1712,0.4290,-0.9168,2.396
0.653884,1.9650,0.2826,-0.9211,2.189
0.659227,1.7457,0.0381,-0.8094,1.925
0.663893,1.4937,-0.1608,-0.5715,1.607
0.668869,1.2803,-0.2664,-0.4364,1.379
0.673745,1.0975,-0.3839,-0.4552,1.249
0.678677,0.9553,-0.6135,-0.5089,1.244
0.683922,0.6925,-0.8162,-0.6113,1.233
0.688831,0.4135,-1.0206,-0.6999,1.305
0.693768,0.2989,-1.2123,-0.5933,1.382
0.699386,0.1044,-1.3580,-0.5163,1.457
0.703675,-0.2019,-1.4821,-0.5873,1.607
0.708791,-0.5041,-1.6987,-0.6439,1.885
0.713726,-0.7678,-1.9076,-0.7719,2.196
0.718659,-1.0512,-2.0708,-0.8659,2.478
0.723652,-1.3262,-2.2315,-0.9353,2.759
0.728668,-1.5788,-2.3277,-1.0423,3.000
0.733585,-1.8455,-2.4273,-1.2443,3.293
0.741386,-2.1308,-2.5436,-1.6367,3.700
0.743630,-2.4525,-2.6724,-2.2008,4.243
0.750874,-2.7825,-2.7994,-2.7898,4.833
0.753484,-3.0637,-2.9007,-3.4384,5.443
0.759022,-3.3395,-3.0099,-4.1811,6.140
0.763729,-3.6608,-3.1519,-4.8713,6.860
0.768511,-4.0813,-3.3590,-5.3615,7.529
0.773468,-4.6761,-3.4652,-5.7064,8.151
0.778378,-5.1549,-3.5003,-5.7872,8.504
0.783625,-5.4622,-3.5992,-5.6578,8.649
0.789015,-5.7002,-3.6766,-5.3374,8.631
0.793423,-5.8661,-3.7769,-4.9313,8.544
0.798368,-6.0157,-3.8042,-4.5300,8.437
0.803416,-6.1511,-3.7456,-4.0900,8.282
0.808356,-6.1198,-3.6881,-3.6393,8.019
0.814278,-6.0715,-3.6703,-3.3351,7.839
0.818652,-6.2078,-3.6022,-3.3015,7.900
0.823219,-6.5824,-3.5322,-3.5472,8.270
0.828189,-7.1598,-3.5999,-3.9829,8.949
0.833171,-7.8796,-3.8818,-4.4184,9.832
0.841058,-8.5813,-4.1625,-4.7016,10.633
0.843239,-9.3733,-4.2561,-4.9279,11.413
0.848808,-10.2685,-4.4788,-4.9911,12.264
0.853200,-10.9273,-5.0581,-4.8216,12.971
0.858265,-11.5945,-5.8367,-4.6573,13.791
0.863737,-12.3799,-6.7306,-4.6152,14.828
0.868160,-13.1274,-7.7519,-4.4770,15.889
0.873111,-13.5314,-8.8399,-4.4154,16.755
0.878236,-13.6146,-10.0715,-4.4878,17.519
0.883044,-13.6052,-11.5691,-4.8578,18.508
0.888874,-13.5324,-13.0949,-5.4798,19.612
0.892977,-13.3658,-14.6122,-6.1033,20.722
0.900204,-13.0673,-15.8943,-6.7709,21.662
0.902941,-12.5447,-17.1020,-7.5079,22.499
0.910712,-11.5517,-18.1477,-8.2473,23.039
0.913498,-9.9520,-18.9898,-9.1399,23.306
0.917832,-7.4348,-19.4355,-10.2175,23.182
0.923214,-3.9139,-19.0759,-11.6852,22.710
0.928190,1.0627,-17.6983,-13.7957,22.465
0.932974,7.5916,-15.2891,-16.6436,23.841
0.940332,15.3327,-11.7978,-19.6023,27.541
0.943138,23.5832,-7.4506,-21.9595,33.074
0.947923,31.3417,-2.8801,-23.7336,39.419
0.953021,38.2144,1.6617,-24.7448,45.557
0.957698,43.5516,5.4500,-24.7808,50.404
0.962690,46.3690,7.8280,-23.1759,52.426
0.967744,46.0095,8.7867,-19.9062,50.895
0.972919,43.2550,8.9602,-15.6036,46.848
0.977574,38.6940,7.9991,-11.5580,41.168
0.982760,33.5689,6.2068,-8.1296,35.093
0.987843,28.3723,4.6146,-5.3201,29.233
0.992767,23.2903,3.4215,-3.2824,23.768
0.997582,18.7930,2.4541,-2.1554,19.075
1.002523,15.1965,1.5637,-1.3769,15.339
1.009126,12.3679,0.7412,-0.4897,12.400
1.012819,10.1092,0.0018,0.4477,10.119
1.018158,8.2301,-0.4771,1.1009,8.317
1.022428,6.7759,-0.8398,1.3352,6.957
1.027404,5.5001,-1.2684,1.1335,5.757
1.032466,4.1017,-1.9036,0.4633,4.546
1.037453,2.5132,-2.6867,-0.6230,3.731
1.042551,0.7627,-3.3701,-2.2084,4.101
1.047398,-0.9586,-4.1343,-3.9326,5.786
1.052547,-2.7090,-4.8825,-5.5358,7.863
1.057411,-4.3168,-5.7962,-6.7765,9.907
1.062536,-5.6319,-6.7505,-7.6346,11.644
1.067485,-6.9421,-7.4751,-8.0730,13.009
1.076372,-8.5852,-8.1298,-8.0056,14.279
1.077821,-10.7307,-8.4500,-7.7790,15.718
1.087224,-13.9106,-8.3404,-7.7786,17.988
1.087599,-17.5770,-8.3657,-7.8389,20.985
1.094101,-20.8596,-8.3784,-7.7347,23.773
1.098750,-24.1129,-8.2726,-7.4014,26.545
1.102159,-26.2529,-8.7273,-6.5113,28.421
1.107113,-27.4379,-9.6395,-4.7508,29.467
1.112313,-28.4746,-10.3269,-2.6001,30.401
1.117299,-28.6176,-11.7025,-0.7096,30.926
1.122741,-28.3769,-13.4834,0.3904,31.420
1.127103,-27.2388,-15.5255,0.3985,31.355
1.133584,-25.5564,-17.7371,-0.8544,31.120
1.137178,-23.6127,-19.6533,-3.0533,30.873
1.142087,-21.1395,-21.1115,-5.9469,30.462
1.147017,-18.3186,-21.9410,-9.1076,29.999
1.151961,-15.3252,-22.1143,-12.2325,29.556
1.157158,-12.0944,-21.7812,-15.1284,29.147
1.162077,-8.6566,-21.0877,-17.3840,28.668
1.167589,-4.9743,-19.7470,-18.7919,27.710
1.175272,-1.1604,-17.8676,-19.2471,26.288
1.176957,3.0393,-15.5978,-18.9870,24.760
1.183301,7.5646,-12.8614,-18.3638,23.662
1.186901,12.3891,-9.6553,-17.8884,23.806
1.191930,17.2559,-6.3745,-17.7045,25.531
1.200248,21.6910,-3.1467,-17.4386,28.009
1.201800,25.0566,0.4478,-16.8508,30.199
1.207252,29.0650,3.0411,-15.7042,33.176
1.211799,32.5973,4.4125,-15.1139,36.201
1.217236,34.0288,5.1003,-13.5580,36.984
1.224535,33.5242,5.6166,-10.9199,35.702
1.226746,31.7220,5.8180,-7.4566,33.102
1.234345,29.3808,5.5142,-3.9675,30.156
1.236698,26.9678,4.8160,-1.0002,27.413
1.242066,24.1648,4.1261,1.3330,24.551
1.246683,20.8894,3.7534,2.9903,21.434
1.251588,17.6972,3.6901,4.1693,18.552
1.256667,14.8984,3.7670,4.8361,16.110
1.261643,12.5968,3.7751,5.0409,14.083
1.266749,10.5415,3.7251,4.8356,12.181
1.271905,8.6082,3.6342,4.2544,10.267
1.276659,6.8524,3.5033,3.4775,8.445
1.281604,5.2696,3.1774,2.5600,6.665
1.286556,3.9391,2.7719,1.6397,5.088
1.291685,2.7348,2.3066,0.9069,3.691
1.296880,1.7026,1.7630,0.2210,2.461
1.301439,0.9138,1.1958,-0.4601,1.574
1.306404,0.3548,0.5165,-1.1993,1.353
1.311518,-0.1618,-0.2391,-1.8183,1.841
1.316404,-0.6334,-1.0701,-2.2987,2.613
1.321918,-1.0962,-1.8228,-2.6987,3.436
1.326282,-1.6346,-2.5733,-3.0578,4.318
1.331518,-2.1597,-3.2442,-3.3044,5.110
1.336467,-2.8151,-3.7418,-3.4082,5.791
1.341442,-3.3776,-4.0563,-3.2959,6.223
1.350409,-3.7877,-4.1747,-2.9051,6.341
1.351326,-3.9276,-4.2035,-2.6275,6.324
1.356153,-3.8893,-4.1679,-2.4047,6.187
1.361151,-3.7047,-4.1028,-2.1681,5.938
1.366244,-3.4971,-4.0476,-1.8661,5.665
1.371628,-3.3453,-3.8886,-1.5266,5.352
1.376096,-3.1535,-3.6027,-1.2215,4.941
1.381081,-2.8017,-3.3201,-1.0041,4.459
1.386080,-2.3321,-3.1705,-0.9940,4.059
1.391174,-1.9563,-3.0822,-1.1822,3.837
1.396906,-1.5922,-2.9452,-1.3594,3.613
1.401033,-1.3892,-2.7360,-1.5459,3.436
1.406033,-1.2701,-2.4931,-1.6475,3.247
1.411142,-1.0574,-2.2358,-1.7999,3.059
1.416097,-0.8129,-2.0789,-1.9704,2.977
1.422090,-0.6954,-1.9938,-2.0836,2.967
1.426023,-0.7017,-1.8843,-2.2889,3.047
1.431261,-0.7132,-1.8512,-2.4152,3.126
1.435993,-0.7391,-1.7652,-2.3198,3.007
1.441115,-0.6690,-1.6791,-2.1084,2.777
1.445888,-0.5168,-1.6408,-1.8955,2.560
1.450952,-0.3449,-1.6120,-1.6946,2.364
1.455900,-0.1075,-1.4824,-1.3428,2.003
1.460996,0.0375,-1.3477,-1.0020,1.680
1.465864,0.1436,-1.2942,-0.6091,1.438
1.471023,0.2593,-1.2354,-0.1441,1.271
1.475831,0.4570,-1.1474,0.2890,1.268
1.482939,0.6837,-1.0735,0.5954,1.405
1.485764,0.7982,-1.0034,0.6322,1.430
1.490812,0.8383,-0.9803,0.5625,1.407
1.495742,0.8039,-0.9705,0.3477,1.307
1.500990,0.6709,-0.9836,0.0064,1.191
1.505715,0.5060,-0.9812,-0.3711,1.165
1.510943,0.3267,-0.9733,-0.7572,1.276
1.515638,0.1112,-0.9306,-1.0617,1.416
1.520874,0.0064,-0.8390,-1.3381,1.579
1.525591,-0.0598,-0.7896,-1.5628,1.752
1.531320,-0.1113,-0.8490,-1.7501,1.948
1.535484,-0.1576,-0.9790,-1.7853,2.042
1.541003,-0.1617,-1.0888,-1.6013,1.943
1.545498,-0.1401,-1.1490,-1.4509,1.856
1.550568,-0.1370,-1.1936,-1.3856,1.834
1.555426,-0.1669,-1.2991,-1.3379,1.872
1.560617,-0.3402,-1.4514,-1.4320,2.067
1.565398,-0.6477,-1.5118,-1.7349,2.391
1.570383,-0.9143,-1.6153,-2.0652,2.777
1.575970,-1.1910,-1.7420,-2.3088,3.128
1.580460,-1.4846,-1.8209,-2.5719,3.483
1.585413,-1.7093,-2.0198,-2.7931,3.847
1.590304,-1.8992,-2.1617,-2.9537,4.124
1.595240,-2.1986,-2.3620,-3.1831,4.533
1.600948,-2.5085,-2.5260,-3.2809,4.841
1.608024,-2.8471,-2.6725,-3.2909,5.107
1.610455,-3.2542,-2.9124,-3.2521,5.445
1.615375,-3.6013,-3.0979,-3.1600,5.705
1.620075,-3.8943,-3.2871,-3.0720,5.950
1.625195,-4.4213,-3.5956,-3.1083,6.491
1.630679,-5.3274,-3.8809,-3.1589,7.309
1.635134,-6.5809,-4.1634,-3.2114,8.423
1.640197,-8.0846,-4.4692,-3.2770,9.802
1.645169,-9.6614,-4.8292,-3.4150,11.328
1.650151,-11.0764,-5.2692,-3.4256,12.735
1.655471,-12.4927,-5.8909,-3.4244,14.230
1.660758,-14.0337,-6.6325,-3.3619,15.882
1.664959,-15.4924,-7.4006,-2.9877,17.427
1.670029,-16.8200,-8.2756,-2.4248,18.902
1.674954,-17.9543,-9.3757,-1.5843,20.317
1.680275,-18.8606,-10.7411,-0.7105,21.716
1.685031,-19.3446,-12.3627,0.2792,22.959
1.691857,-19.1759,-14.2613,1.2204,23.929
1.695081,-18.6288,-16.1314,1.6821,24.700
1.700362,-17.8018,-17.8623,1.4806,25.262
1.704967,-16.7958,-19.5449,0.2894,25.772
1.710041,-15.4603,-20.9345,-1.7115,26.081
1.714884,-13.6392,-21.6918,-4.6022,26.034
1.720641,-11.6858,-21.8341,-8.3302,26.128
1.725511,-9.5906,-21.3672,-12.4432,26.521
1.732019,-6.9578,-20.4114,-16.3174,27.042
1.734742,-3.2758,-19.2110,-19.3540,27.466
1.739655,1.5010,-17.5601,-21.4453,27.758
1.745227,6.6891,-15.2277,-22.1506,27.700
1.749789,12.2864,-12.2134,-21.8111,27.854
1.754830,17.8936,-9.0213,-21.1462,29.133
1.759847,22.7036,-5.9710,-20.3644,31.078
1.766504,26.7443,-2.6888,-19.3686,33.130
1.771029,30.3712,0.6166,-18.2778,35.452
1.781995,33.2549,3.1553,-17.2455,37.593
1.790365,35.1002,4.6377,-16.1181,38.902
1.790961,35.6468,5.1366,-14.8250,38.947
1.791294,34.3888,4.9744,-13.1077,37.137
1.794546,31.7605,4.6590,-10.8955,33.899
1.799682,28.6946,4.1823,-8.4732,30.210
1.808739,25.5924,3.4086,-6.0384,26.515
1.809536,22.3186,2.8227,-3.6638,22.793
1.820095,19.0276,2.5584,-1.4647,19.255
1.820741,15.9717,2.4299,0.2080,16.157
1.827446,13.2678,2.3882,0.9379,13.514
1.833170,10.9701,2.3582,1.0804,11.273
1.834316,9.0741,2.2463,1.0397,9.406
1.839838,7.3230,2.1355,0.8929,7.680
1.844476,5.6694,2.0085,0.7398,6.060
1.849362,4.1109,1.7843,0.6336,4.526
1.854367,2.6779,1.4682,0.4588,3.088
1.859427,1.3053,1.0990,0.2765,1.729
1.864194,0.2124,0.6255,-0.0097,0.661
1.869604,-0.7084,0.1465,-0.4204,0.837
1.874196,-1.4625,-0.4083,-0.8951,1.763
1.879377,-2.0237,-1.0240,-1.4224,2.677
1.884352,-2.6621,-1.6144,-1.8905,3.642
1.889318,-3.3276,-2.1651,-2.1433,4.512
1.894251,-3.7191,-2.6661,-2.3057,5.124
1.899898,-4.0816,-3.2097,-2.5250,5.774
1.904078,-4.3670,-3.7147,-2.6377,6.311
1.909206,-4.6821,-3.9090,-2.5618,6.616
1.914073,-5.0570,-3.9474,-2.2532,6.799
1.919069,-5.0521,-4.0226,-1.8778,6.725
1.923992,-4.9142,-4.0832,-1.4807,6.559
1.929041,-4.7059,-4.1017,-1.1869,6.354
1.934300,-4.4673,-4.0890,-0.9364,6.128
1.939084,-4.2082,-3.9791,-0.7526,5.840
1.944104,-3.9763,-3.8879,-0.5486,5.588
1.948952,-3.7426,-3.7826,-0.3915,5.336
1.953865,-3.5033,-3.6209,-0.3146,5.048
1.959684,-3.2790,-3.4845,-0.3141,4.795
1.963859,-3.1042,-3.3113,-0.4241,4.559
1.969286,-2.9639,-3.1543,-0.6167,4.372
1.973909,-2.8286,-2.9656,-0.8789,4.191
1.979361,-2.7219,-2.7545,-1.1835,4.049
1.983781,-2.5767,-2.5545,-1.4892,3.922
1.993712,-2.4055,-2.3412,-1.8406,3.828
1.994321,-2.2417,-2.1624,-2.1433,3.781
1.998946,-2.1564,-2.0226,-2.4609,3.847
2.003652,-1.9479,-1.9596,-2.7754,3.916
2.009162,-1.7882,-1.8488,-2.9785,3.935
2.013709,-1.6196,-1.8669,-3.1620,4.013
2.019358,-1.5753,-1.8320,-3.1685,3.985
2.023680,-1.6643,-1.7776,-2.9839,3.851
2.028954,-1.7429,-1.6894,-2.7609,3.676
2.033667,-1.6816,-1.5819,-2.4610,3.374
2.038652,-1.5907,-1.4936,-2.1219,3.044
2.043592,-1.5276,-1.4053,-1.8626,2.789
2.048734,-1.4490,-1.3504,-1.6926,2.605
2.053500,-1.3400,-1.3241,-1.4583,2.382
2.058633,-1.1621,-1.3217,-1.1973,2.129
2.063615,-1.0250,-1.2332,-0.8801,1.829
2.068636,-0.8322,-1.1496,-0.4728,1.496
2.073554,-0.6647,-1.0950,-0.1270,1.287
2.079238,-0.5129,-1.0313,0.1861,1.167
2.083274,-0.3520,-0.9777,0.4195,1.121
2.091205,-0.2390,-0.8768,0.6316,1.107
2.093605,-0.1447,-0.7718,0.7218,1.067
2.102671,-0.0739,-0.7009,0.7667,1.041
2.103588,-0.0068,-0.5683,0.6802,0.886
2.108687,0.0610,-0.5079,0.5426,0.746
2.113406,0.0767,-0.4333,0.3869,0.586
2.118492,-0.0074,-0.3157,0.2558,0.406
2.123287,-0.0282,-0.1981,0.1243,0.236
2.128470,0.0284,-0.1375,-0.0130,0.141
2.133314,0.0672,-0.0286,-0.1182,0.139
2.138755,0.0830,0.0522,-0.2258,0.246
2.143142,0.1240,0.1002,-0.2497,0.296
2.148190,0.1373,0.1921,-0.1902,0.303
2.153057,0.1996,0.2369,-0.0805,0.320
2.158249,0.2101,0.2153,0.1086,0.320
2.163622,0.1931,0.2180,0.2921,0.412
2.168152,0.1959,0.2402,0.5033,0.591
2.173021,0.2184,0.2146,0.7384,0.799
2.178056,0.2747,0.1793,0.9888,1.042
2.183233,0.2927,0.1532,1.1689,1.215
2.189177,0.2723,0.0834,1.3226,1.353
2.193099,0.2612,0.0560,1.3978,1.423
2.198359,0.2832,0.1188,1.3654,1.400
2.202895,0.3382,0.1041,1.3071,1.354
2.208290,0.4170,0.0842,1.1885,1.262
2.216139,0.4382,0.0974,1.0240,1.118
2.218090,0.4403,0.0719,0.8800,0.987
2.224033,0.4379,0.0845,0.7420,0.866
2.228143,0.4789,0.1209,0.6716,0.834
2.232997,0.5637,0.1813,0.5155,0.785
2.238936,0.6110,0.1842,0.4025,0.754
2.242946,0.6114,0.1825,0.3086,0.709
2.247917,0.6274,0.2386,0.2477,0.716
2.252830,0.6064,0.2326,0.2296,0.689
2.258125,0.5337,0.2460,0.2254,0.629
2.262737,0.4716,0.2214,0.2687,0.586
2.267808,0.3911,0.2303,0.2929,0.540
2.272647,0.3255,0.1674,0.3029,0.475
2.277702,0.3227,0.1524,0.3180,0.478
2.282695,0.1764,0.0895,0.2905,0.352
2.287830,0.0492,0.0696,0.3113,0.323
2.292870,-0.0978,0.0494,0.3231,0.341
2.297737,-0.2311,0.0482,0.3450,0.418
2.302672,-0.2602,0.0228,0.3437,0.432
2.307758,-0.2570,0.0210,0.3287,0.418
2.316109,-0.2071,0.0620,0.3142,0.381
2.317960,-0.1486,0.0742,0.2520,0.302
2.326542,-0.1051,0.0719,0.2188,0.253
2.327586,-0.0717,0.0599,0.2384,0.256
2.332622,0.0141,0.0478,0.3016,0.306
2.337514,0.0613,0.0738,0.3366,0.350
2.342568,0.0846,0.0659,0.3772,0.392
2.347474,0.1032,0.1104,0.4091,0.436
2.352479,0.0833,0.0971,0.4036,0.423
2.357567,0.0538,0.0644,0.4132,0.422
2.362365,-0.0001,0.0411,0.3949,0.397
2.367451,-0.0398,-0.0209,0.4208,0.423
2.372399,0.4438,-0.1317,1.0530,1.150
2.377437,1.4856,-0.2249,2.1063,2.587
2.382528,1.2555,0.0970,1.9854,2.351
2.387441,0.3407,0.4703,1.4455,1.558
2.392418,0.2399,0.3931,1.0125,1.112
2.397326,0.4747,0.2301,0.4220,0.676
2.402450,0.4228,0.2210,-0.0688,0.482
2.407384,0.2950,0.3373,-0.3079,0.544
2.412542,0.3640,0.3444,-0.4158,0.651
2.417239,0.6447,0.2761,-0.4357,0.826
2.422298,0.6204,0.2662,-0.4819,0.829
2.427242,0.1562,0.3191,-0.3287,0.484
2.431970,-0.0014,0.1902,-0.1381,0.235
2.437107,0.0420,-0.0339,0.0326,0.063
2.442363,-0.1111,-0.1620,0.0114,0.197
2.453381,-0.3848,-0.1943,-0.0959,0.442
2.453760,-0.6505,-0.2124,-0.1885,0.710
2.457192,-0.7935,-0.2498,-0.2855,0.880
2.461901,-0.9342,-0.2970,-0.3825,1.052
2.467001,-1.0248,-0.3777,-0.4365,1.176
2.471998,-1.0128,-0.4251,-0.4472,1.186
2.477052,-0.9888,-0.4201,-0.3714,1.137
2.481899,-0.9049,-0.4300,-0.2084,1.023
2.486959,-0.7317,-0.4261,-0.0536,0.848
2.491943,-0.5887,-0.4230,0.0741,0.729
2.497136,-0.4562,-0.4204,0.1172,0.631
2.501861,-0.3530,-0.3754,0.0950,0.524
2.506983,-0.3075,-0.4168,0.0404,0.520
2.511764,-0.2285,-0.3819,0.0010,0.445
2.517060,-0.1109,-0.3279,-0.0332,0.348
2.522045,-0.0070,-0.2021,-0.0963,0.224
2.527045,0.1406,-0.0809,-0.1313,0.209
2.531625,0.2607,-0.0600,-0.1289,0.297
2.536757,0.3584,-0.0051,-0.1849,0.403
2.541743,0.4486,0.0407,-0.1848,0.487
2.549679,0.5169,0.1013,-0.1669,0.553
2.551637,0.5585,0.1864,-0.1504,0.608
2.562330,0.6117,0.2098,-0.1403,0.662
2.562879,0.6002,0.2049,-0.1457,0.651
2.566611,0.5716,0.1575,-0.1045,0.602
2.571846,0.5459,0.1477,-0.1159,0.577
2.576708,0.4315,0.1715,-0.0611,0.468
2.581575,0.3188,0.1524,-0.0448,0.356
2.587159,0.2316,0.1430,-0.0763,0.283
2.591598,0.0883,0.1575,-0.1600,0.241
2.596973,-0.0400,0.1055,-0.2196,0.247
2.601685,-0.2155,0.1158,-0.2601,0.357
2.606649,-0.2384,0.0977,-0.3056,0.400
2.611502,-0.2144,0.0560,-0.3894,0.448
2.616666,-0.3006,0.1242,-0.4256,0.536
2.622052,-0.2536,0.1017,-0.4001,0.485
2.626497,-0.2123,0.0747,-0.3087,0.382
2.631659,-0.1669,0.0527,-0.2469,0.303
2.636475,-0.0507,0.0595,-0.1667,0.184
2.641427,0.0268,0.0378,-0.1538,0.161
2.647446,0.0853,0.0495,-0.1364,0.168
2.651366,0.0489,0.0803,-0.0573,0.110
2.656990,0.0748,0.0585,-0.0170,0.097
2.661695,0.0630,0.0228,0.0086,0.068
2.666327,0.0279,0.0017,0.0433,0.052
2.671851,-0.0163,-0.0144,0.0302,0.037
2.676393,-0.0314,-0.0256,0.0551,0.068
2.681128,-0.0939,-0.0320,0.1132,0.150
2.686185,-0.1370,-0.0336,0.1709,0.222
2.692356,-0.1277,-0.0781,0.2046,0.254
2.702291,-0.1519,-0.1223,0.2003,0.280
2.702685,-0.1665,-0.0949,0.2108,0.285
2.706174,-0.2146,-0.1345,0.2356,0.346
2.711129,-0.2153,-0.1738,0.2512,0.374
2.716156,-0.2400,-0.1750,0.2765,0.406
2.721761,-0.2459,-0.1384,0.3117,0.420
2.726163,-0.2335,-0.1118,0.3139,0.407
2.731419,-0.2075,-0.0855,0.3448,0.411
2.736011,-0.2297,-0.0312,0.3380,0.410
2.740860,-0.1427,-0.0583,0.3175,0.353
2.746650,-0.1374,-0.0283,0.3022,0.333
2.750956,-0.1228,0.0156,0.3065,0.331
2.755827,-0.0847,0.0019,0.3350,0.346
2.760783,-0.0755,0.0119,0.3211,0.330
2.765881,-0.0901,0.0169,0.3124,0.326
2.771017,-0.0665,-0.0163,0.3424,0.349
2.775955,-0.0955,-0.0067,0.3584,0.371
2.780974,-0.0866,-0.0401,0.3225,0.336
2.786310,-0.0873,-0.0305,0.2633,0.279
2.791150,-0.1165,-0.0163,0.1713,0.208
2.795774,-0.1312,-0.0306,0.0562,0.146
2.800950,-0.1124,-0.0163,0.0607,0.129
2.810456,-0.0846,-0.0353,0.0698,0.115
2.810841,-0.0758,-0.0494,0.0979,0.133
2.815864,-0.0337,-0.0396,0.0925,0.106
2.820739,-0.0680,-0.0110,0.0685,0.097
2.825868,-0.0308,-0.0066,0.0878,0.093
2.831041,-0.0180,-0.0071,0.1072,0.109
2.835625,-0.0343,-0.0172,0.1316,0.137
2.840536,-0.0222,0.0011,0.1516,0.153
2.845627,0.0180,0.0237,0.1150,0.119
2.850528,0.0434,0.0840,0.0885,0.130
2.855509,0.0683,0.0772,0.0530,0.116
2.860708,0.0975,0.0753,-0.0108,0.124
2.865448,0.0359,0.0733,-0.0219,0.085
2.870368,-0.0354,0.0950,0.0290,0.105
2.875495,-0.0544,0.0927,0.0560,0.121
2.880327,-0.0025,0.0809,0.0589,0.100
2.885556,0.0536,0.0502,-0.0141,0.075
2.890851,0.0664,0.0006,-0.0009,0.066
2.895841,0.0125,-0.0439,0.1029,0.113
2.900457,-0.0318,-0.0598,0.1923,0.204
2.905354,-0.0238,-0.0187,0.2387,0.241
2.910371,-0.2541,-0.1208,0.2474,0.375
2.915493,-0.3506,-0.2414,0.2142,0.477
2.920563,-0.2524,-0.2807,0.2156,0.435
2.925377,-0.2602,-0.2296,0.2082,0.405
2.932385,-0.2973,-0.1554,0.2298,0.407
2.935249,-0.2587,-0.1580,0.1472,0.337
2.942001,-0.1637,-0.1227,0.0987,0.227
2.945158,-0.0744,-0.1067,0.1223,0.179
2.950140,-0.0097,-0.0768,0.1129,0.137
2.955116,0.0498,-0.0661,0.1513,0.172
2.960041,0.0900,-0.0413,0.1420,0.173
2.965194,0.1442,-0.0072,0.1425,0.203
2.969979,0.1556,0.0361,0.1144,0.196
2.975235,0.1672,0.0222,0.0579,0.178
2.980485,0.1741,0.0369,0.0302,0.180
2.984976,0.2050,0.1040,-0.0117,0.230
2.990145,0.2646,0.1374,-0.0396,0.301
2.994826,0.3050,0.1518,-0.0725,0.348
3.000514,0.3792,0.1664,-0.1204,0.431
3.006027,0.4300,0.2146,-0.1784,0.513
3.010094,0.4624,0.2389,-0.2607,0.582
3.015486,0.4670,0.2683,-0.2531,0.595
3.019928,0.4546,0.2460,-0.9086,1.045
3.025146,0.5449,0.1973,-2.3529,2.423
3.030373,0.5216,0.2360,-1.5899,1.690
3.034919,0.3513,0.2890,-0.2501,0.519
3.040357,0.3683,0.1465,0.1007,0.409
3.044865,0.3480,-0.0522,0.1793,0.395
3.049965,0.2622,-0.1833,0.2303,0.394
3.057894,0.1821,-0.2328,0.3152,0.432
3.059981,0.0407,-0.2015,0.3434,0.400
3.069359,-0.1049,-0.0852,0.3389,0.365
3.069645,-0.1408,-0.0510,0.3306,0.363
3.074606,-0.0820,-0.0458,0.4517,0.461
3.080250,-0.0192,-0.0317,0.6728,0.674
3.084793,0.0193,0.0341,0.6985,0.700
3.089541,0.0337,0.1324,0.5682,0.584
3.094613,0.0054,0.1158,0.3488,0.368
3.100762,-0.0798,0.0615,0.0927,0.137
3.105287,-0.1310,0.1126,-0.2672,0.318
3.109751,-0.1582,0.1878,-0.4933,0.551
