0.002189,-0.1214,0.0719,-0.4692,0.490
0.002445,-0.0876,0.0809,-0.4421,0.458
0.006679,-0.0254,0.0664,-0.4166,0.423
0.011773,-0.0016,0.0998,-0.2499,0.269
0.015872,0.1031,0.0761,-0.0712,0.147
0.021142,0.1979,0.1002,0.0011,0.222
0.025894,0.2213,0.1146,0.1295,0.281
0.031477,0.2357,0.1241,0.1474,0.304
0.036666,0.3077,0.1289,0.0938,0.347
0.041074,0.3422,0.1336,-0.0074,0.367
0.045899,0.3535,0.1717,-0.0844,0.402
0.050956,0.3514,0.1858,-0.1232,0.416
0.055844,0.3314,0.1951,-0.1481,0.412
0.065820,0.2695,0.1997,-0.1446,0.365
0.066161,0.2324,0.2185,-0.1321,0.345
0.070821,0.1530,0.1945,-0.0864,0.262
0.075971,0.1742,0.1468,0.0210,0.229
0.081467,0.1765,0.1231,0.1425,0.258
0.086183,0.1555,0.1612,0.2115,0.308
0.091344,0.0824,0.1941,0.2856,0.355
0.095669,0.0238,0.1694,0.3031,0.348
0.100903,0.0176,0.1542,0.2740,0.315
0.105981,-0.0269,0.1389,0.2937,0.326
0.111688,-0.0815,0.1236,0.2760,0.313
0.115756,-0.0978,0.1700,0.2164,0.292
0.120774,-0.0814,0.1589,0.2006,0.269
0.125636,-0.0990,0.1762,0.1522,0.253
0.130755,-0.1074,0.1744,0.1282,0.242
0.136780,-0.0687,0.1773,0.1143,0.222
0.140725,-0.0497,0.1849,0.0959,0.214
0.145525,-0.0453,0.2019,0.0684,0.218
0.151213,-0.0078,0.1997,0.0791,0.215
0.155413,0.0246,0.1691,0.0896,0.193
0.162160,0.0236,0.1196,0.0908,0.152
0.166538,0.0465,0.1181,0.0967,0.160
0.170437,0.0120,0.1451,0.0503,0.154
0.175384,-0.0032,0.1339,0.0138,0.135
0.183408,0.0146,0.0801,0.0153,0.083
0.185422,0.0084,0.0363,-0.0119,0.039
0.190482,0.0116,0.0309,-0.0247,0.041
0.195345,0.0242,0.0778,-0.0234,0.085
0.200904,0.0318,0.0627,-0.0318,0.077
0.205917,0.0155,0.0334,-0.0069,0.037
0.211177,0.0042,0.0329,-0.0202,0.039
0.215119,-0.0261,0.0228,-0.0330,0.048
0.220146,-0.0419,0.0269,-0.0360,0.061
0.225248,-0.0530,0.0311,-0.0530,0.081
0.230676,-0.0976,-0.0219,-0.0651,0.119
0.235098,-0.1231,0.0206,-0.0484,0.134
0.240138,-0.1155,-0.0229,-0.0649,0.134
0.245140,-0.1225,-0.0612,-0.0383,0.142
0.250165,-0.1300,-0.0756,0.0123,0.151
0.254917,-0.1189,-0.0662,0.0630,0.150
0.260445,-0.0940,-0.0713,0.1184,0.167
0.265087,-0.0554,-0.0622,0.0838,0.118
0.270584,-0.0364,-0.0866,0.0785,0.122
0.274893,0.0155,-0.1013,0.1164,0.155
0.281655,0.0716,-0.1208,0.1068,0.176
0.284952,0.0706,-0.1021,0.1022,0.161
0.289944,0.0937,-0.0693,0.0693,0.136
0.296783,0.0933,-0.0701,0.0319,0.121
0.299864,0.1029,-0.1136,-0.0007,0.153
0.305219,0.0895,-0.0901,-0.0666,0.143
0.309741,0.0624,-0.0714,-0.1419,0.171
0.314817,0.0410,-0.0766,-0.1935,0.212
0.320112,-0.0274,-0.0815,-0.2027,0.220
0.324831,-0.0758,-0.0862,-0.2030,0.233
0.330607,-0.1189,-0.0718,-0.2134,0.255
0.334548,-0.1949,-0.0384,-0.2240,0.299
0.339845,-0.2274,-0.0859,-0.1446,0.283
0.344858,-0.2551,-0.0666,-0.0991,0.282
0.349859,-0.3160,-0.0996,-0.0921,0.344
0.354693,-0.3575,-0.1134,-0.0708,0.382
0.359755,-0.3563,-0.1413,-0.0495,0.386
0.364855,-0.3887,-0.1358,-0.0284,0.413
0.370493,-0.4071,-0.0876,-0.0406,0.418
0.374739,-0.4257,-0.0920,-0.0859,0.444
0.379728,-0.4398,-0.1153,-0.0978,0.465
0.385050,-0.4447,-0.1527,-0.1287,0.488
0.390367,-0.4356,-0.1232,-0.1216,0.469
0.394836,-0.4317,-0.1034,-0.1245,0.461
0.399759,-0.4140,-0.1454,-0.0896,0.448
0.404546,-0.4205,-0.1396,-0.0409,0.445
0.410131,-0.3891,-0.1242,0.0167,0.409
0.414673,-0.3679,-0.1565,0.0453,0.402
0.422105,-0.3519,-0.1600,0.0451,0.389
0.424480,-0.3315,-0.1920,0.0594,0.388
0.431644,-0.3497,-0.1952,0.1116,0.416
0.434442,-0.3350,-0.1985,0.1066,0.404
0.439798,-0.3113,-0.2113,0.1066,0.391
0.444609,-0.3121,-0.2145,0.1259,0.399
0.450011,-0.3226,-0.2083,0.1216,0.403
0.454225,-0.3476,-0.1880,0.0987,0.407
0.459645,-0.3824,-0.1917,0.0335,0.429
0.464380,-0.3936,-0.1859,0.0262,0.436
0.469795,-0.3764,-0.1944,-0.0187,0.424
0.474373,-0.4216,-0.1555,-0.0817,0.457
0.479289,-0.4767,-0.1836,-0.0961,0.520
0.484449,-0.5130,-0.2115,-0.1384,0.572
0.489370,-0.4974,-0.1633,-0.1941,0.558
0.494787,-0.5302,-0.1869,-0.2536,0.617
0.499303,-0.5207,-0.2007,-0.2744,0.622
0.504096,-0.4978,-0.1909,-0.2517,0.590
0.509511,-0.5091,-0.1954,-0.2715,0.609
0.514400,-0.4926,-0.2095,-0.3097,0.618
0.519793,-0.4625,-0.1902,-0.3378,0.603
0.524211,-0.4477,-0.2519,-0.3655,0.630
0.529355,-0.4188,-0.2227,-0.4169,0.632
0.534073,-0.3719,-0.1986,-0.4868,0.644
0.539377,-0.3353,-0.1697,-0.4569,0.592
0.545000,-0.2943,-0.1314,-0.4847,0.582
0.549355,-0.2774,-0.1171,-0.4368,0.531
0.553990,-0.2513,-0.0791,-0.4706,0.539
0.559215,-0.2394,-0.0459,-0.4287,0.493
0.564263,-0.2470,-0.0557,-0.3829,0.459
0.575050,-0.2689,-0.0320,-0.2999,0.404
0.575472,-0.2338,0.0201,-0.2892,0.372
0.578839,-0.2134,0.0196,-0.2315,0.315
0.583793,-0.1695,-0.0045,-0.1794,0.247
0.589171,-0.1446,0.0286,-0.1185,0.189
0.594680,-0.1440,0.0045,-0.0011,0.144
0.598964,-0.1532,0.0329,0.1108,0.192
0.603729,-0.1295,0.0847,0.1839,0.240
0.608891,-0.0730,0.1171,0.2567,0.291
0.613785,-0.0411,0.1017,0.2814,0.302
0.619781,0.0145,0.1340,0.3728,0.396
0.624669,0.0789,0.2134,0.4496,0.504
0.628853,0.1663,0.3159,0.5403,0.648
0.633724,0.2530,0.4080,0.6355,0.796
0.638833,0.3248,0.4849,0.7589,0.957
0.643648,0.4248,0.5707,0.8868,1.137
0.648943,0.5294,0.6365,0.9477,1.258
0.653657,0.6572,0.6780,1.0134,1.385
0.658695,0.7801,0.6716,1.0695,1.484
0.663647,0.8744,0.6840,1.1542,1.601
0.669757,0.9499,0.7579,1.3294,1.801
0.674665,1.0159,0.8785,1.5329,2.038
0.678640,0.9728,0.9598,1.6884,2.172
0.683672,1.1016,1.0542,1.7351,2.310
0.689918,1.2163,1.1239,1.7212,2.388
0.693342,1.4741,1.1498,1.6562,2.498
0.700179,1.8187,1.1731,1.6834,2.742
0.703324,1.9691,1.2106,1.6391,2.834
0.708317,2.1270,1.2048,1.5659,2.903
0.714008,2.2979,1.2321,1.5460,3.031
0.718448,2.4242,1.2545,1.6122,3.170
0.723493,2.6354,1.2622,1.5776,3.321
0.728423,2.7406,1.2030,1.4037,3.306
0.733304,2.8359,1.1533,1.2677,3.313
0.738367,2.9018,1.1563,1.1401,3.325
0.743198,2.9635,1.1163,1.0260,3.329
0.748411,3.0062,1.0479,0.8818,3.303
0.753363,3.0107,0.9510,0.7507,3.245
0.758337,2.9629,0.8975,0.6234,3.158
0.763255,2.9009,0.7583,0.5526,3.049
0.768239,2.7711,0.6340,0.3854,2.869
0.773497,2.6374,0.5962,0.3278,2.724
0.778878,2.4601,0.5109,0.3467,2.536
0.783299,2.2677,0.4404,0.2944,2.329
0.788447,2.0692,0.3558,0.2960,2.120
0.793233,1.9743,0.2764,0.2560,2.010
0.798091,1.8954,0.1640,0.2079,1.914
0.803130,1.7970,0.1048,0.0705,1.801
0.808000,1.6247,0.1417,0.0928,1.634
0.813146,1.5122,0.0833,0.1166,1.519
0.818530,1.5552,-0.0605,0.1036,1.560
0.823721,1.5526,-0.1892,0.0687,1.566
0.833516,1.5747,-0.2405,0.0018,1.593
0.834005,1.7638,-0.3483,0.0041,1.798
0.843441,1.8648,-0.4599,-0.2168,1.933
0.843964,1.7632,-0.5415,-0.5028,1.912
0.847865,1.6359,-0.6313,-0.8208,1.936
0.853154,1.6069,-0.7388,-1.1190,2.093
0.857774,1.5353,-0.8160,-1.3554,2.205
0.862781,1.3817,-0.8675,-1.7306,2.378
0.867753,1.1533,-0.9841,-2.1733,2.650
0.872765,0.8546,-1.1467,-2.5209,2.898
0.877902,0.4559,-1.3552,-2.6734,3.032
0.882856,0.0474,-1.5190,-2.7360,3.130
0.887790,-0.4216,-1.5573,-2.7616,3.198
0.892500,-0.7951,-1.5658,-2.7924,3.299
0.897734,-1.0616,-1.7076,-2.8521,3.490
0.902697,-1.5087,-1.9588,-2.9360,3.838
0.907571,-2.1370,-2.1952,-3.1063,4.363
0.912785,-2.7894,-2.3740,-3.2965,4.928
0.917578,-3.4396,-2.5105,-3.4066,5.453
0.922956,-3.9811,-2.6094,-3.4369,5.871
0.928273,-4.4977,-2.7481,-3.4738,6.313
0.932610,-5.0050,-2.9747,-3.4600,6.773
0.937851,-5.4898,-3.1796,-3.3529,7.176
0.942788,-5.9483,-3.3394,-3.2336,7.549
0.948113,-6.3966,-3.4836,-3.0348,7.891
0.953218,-6.9846,-3.5507,-2.8707,8.345
0.957537,-7.7387,-3.6132,-2.7937,8.986
0.962293,-8.6134,-3.6910,-2.9334,9.819
0.967433,-9.6013,-4.0329,-3.3811,10.949
0.973278,-10.5947,-4.5476,-3.8642,12.160
0.982698,-11.4986,-5.1721,-4.0858,13.254
0.983180,-12.4059,-5.6821,-4.0740,14.240
0.987322,-13.1690,-6.1628,-3.9453,15.065
0.992202,-13.7275,-6.9047,-3.8736,15.847
0.997460,-14.2022,-7.8529,-3.9643,16.706
1.002991,-14.6752,-8.7464,-4.1366,17.578
1.007147,-15.0025,-9.5099,-4.3866,18.296
1.012107,-15.0829,-10.5765,-4.6558,19.001
1.017397,-14.9083,-11.7832,-4.9012,19.625
1.022289,-14.4696,-12.8432,-5.1173,20.013
1.027959,-13.7273,-13.6042,-5.3139,20.044
1.032077,-12.7031,-14.2204,-5.5064,19.847
1.037263,-11.2430,-14.7660,-5.7350,19.425
1.042159,-9.4766,-15.2122,-6.1222,18.939
1.047141,-7.2298,-15.3907,-6.6799,18.269
1.053260,-4.2256,-15.2398,-7.3624,17.445
1.057252,-0.4614,-14.9219,-8.0564,16.964
1.061962,4.0085,-13.9058,-8.6856,16.878
1.067220,9.0150,-11.1666,-9.4140,17.164
1.072118,13.8209,-8.5879,-11.4342,19.887
1.077132,19.2246,-6.2881,-14.0195,24.610
1.082016,24.7787,-3.7063,-15.6872,29.560
1.089577,29.2518,-0.8402,-16.4540,33.572
1.091933,32.5589,1.8553,-16.4750,36.537
1.099637,34.9562,3.7792,-15.5267,38.436
1.101784,36.2668,5.0904,-13.9437,39.187
1.106855,35.7602,6.2976,-11.8563,38.197
1.111974,34.0061,7.1533,-9.5979,36.051
1.116822,31.6880,7.3830,-7.3378,33.354
1.121869,29.3155,7.0669,-5.1407,30.590
1.126855,26.8019,6.5498,-3.1651,27.772
1.131703,24.0426,5.9638,-1.5634,24.821
1.136848,21.4705,5.3453,-0.2584,22.127
1.141633,19.4763,4.6119,0.8503,20.033
1.147005,17.8003,3.8283,1.6696,18.284
1.151988,16.1019,3.1164,2.0248,16.525
1.156787,14.4250,2.3606,2.1365,14.772
1.161742,12.8334,1.4621,2.0138,13.072
1.166568,11.2793,0.4449,1.7041,11.416
1.171891,9.7183,-0.7700,1.3181,9.838
1.176741,8.0047,-1.9121,0.7081,8.260
1.181720,6.0977,-2.9841,-0.0010,6.789
1.186758,4.1946,-4.0491,-1.0935,5.932
1.191764,2.5511,-5.0519,-2.4021,6.148
1.196808,1.1290,-6.1134,-3.5702,7.169
1.201770,-0.4301,-7.1657,-4.7703,8.619
1.207275,-2.0247,-8.1271,-5.7726,10.172
1.211422,-3.6063,-8.9500,-6.5287,11.650
1.216491,-5.1752,-9.5203,-7.1315,12.972
1.221541,-6.6669,-9.8647,-7.5160,14.080
1.226454,-8.0336,-10.0994,-7.8077,15.083
1.231816,-9.5625,-10.1172,-8.0665,16.089
1.239020,-11.3646,-9.8731,-8.3781,17.229
1.241614,-13.6039,-9.5190,-8.8790,18.829
1.249859,-15.8733,-9.3118,-9.4487,20.687
1.251340,-18.2011,-9.1296,-9.9307,22.655
1.256499,-20.5964,-8.9565,-10.0714,24.614
1.262259,-22.6328,-8.9769,-9.7550,26.230
1.266290,-23.8299,-9.1160,-8.8823,27.016
1.271140,-24.2708,-9.3841,-7.5663,27.099
1.276421,-24.3712,-9.9576,-6.2616,27.061
1.281406,-24.4264,-10.8883,-5.4175,27.287
1.289494,-24.2568,-12.1011,-5.1234,27.588
1.291560,-23.6967,-13.5156,-5.4462,27.818
1.297269,-23.0391,-14.8541,-6.5011,28.173
1.301032,-22.9446,-15.5282,-7.5574,28.718
1.306846,-21.4097,-16.7913,-8.8742,28.620
1.311152,-19.6555,-17.8960,-10.0180,28.407
1.316196,-17.7393,-18.4693,-10.8853,27.826
1.321195,-15.4371,-18.7382,-11.2610,26.763
1.326139,-12.9607,-18.6621,-11.1829,25.324
1.331234,-10.3970,-18.2879,-10.8508,23.670
1.336403,-7.8124,-17.7852,-10.6272,22.142
1.341106,-5.4089,-17.2265,-10.5336,20.904
1.346074,-2.7551,-16.5580,-10.3365,19.713
1.351860,0.8308,-15.4814,-10.0736,18.489
1.356900,5.3014,-13.9309,-10.1261,18.020
1.364736,10.1093,-12.0773,-10.4628,18.908
1.365901,15.1614,-9.8822,-11.1860,21.276
1.370820,20.3365,-7.4546,-12.0192,24.771
1.375909,25.6599,-4.7401,-12.8751,29.098
1.380940,30.6300,-1.9096,-13.5009,33.528
1.388061,34.8612,0.5717,-13.5618,37.411
1.390800,37.8228,2.6261,-12.8415,40.030
1.395773,39.0756,4.1652,-11.4191,40.922
1.401160,39.0089,5.1504,-9.2825,40.427
1.406276,38.4334,5.4031,-7.2358,39.480
1.411237,36.2208,5.7383,-5.0091,37.013
1.415698,33.1946,6.0097,-3.0602,33.873
1.420776,29.5914,5.8950,-1.8390,30.229
1.425866,25.6799,5.3505,-1.1425,26.256
1.430657,21.9450,4.6853,-0.5471,22.446
1.436276,18.7200,4.1981,0.0421,19.185
1.440718,15.8690,3.8495,0.4904,16.337
1.447327,13.2897,3.2834,0.7151,13.708
1.450450,11.1145,2.7275,0.7235,11.467
1.457384,9.1524,2.0804,0.4817,9.398
1.460625,7.4253,1.3109,0.1057,7.541
1.465559,5.8761,0.4709,-0.3348,5.904
1.471097,4.4731,-0.4761,-0.8023,4.569
1.475431,3.1706,-1.4423,-1.2551,3.702
1.480521,1.9320,-2.2973,-1.5554,3.381
1.486116,0.8419,-3.1099,-1.7262,3.655
1.490333,-0.0435,-3.9211,-1.7379,4.289
1.495375,-0.8496,-4.5518,-1.6699,4.922
1.500377,-1.5407,-5.0018,-1.6074,5.475
1.505964,-2.1717,-5.2813,-1.5831,5.926
1.510169,-2.6541,-5.4481,-1.5004,6.243
1.515304,-3.1653,-5.5022,-1.5118,6.525
1.520210,-3.6817,-5.4652,-1.7060,6.807
1.525247,-3.9780,-5.3661,-1.7950,6.917
1.530657,-4.0887,-5.2153,-1.8222,6.873
1.536054,-4.0385,-5.0428,-1.8454,6.719
1.540128,-3.9609,-4.8161,-1.7642,6.480
1.545144,-3.8627,-4.5934,-1.6500,6.224
1.549974,-3.7433,-4.3664,-1.5183,5.948
1.555095,-3.5902,-4.1070,-1.5700,5.676
1.560121,-3.4508,-3.8395,-1.6765,5.428
1.565377,-3.2914,-3.5694,-1.7910,5.175
1.569971,-3.2215,-3.2252,-1.9531,4.959
1.575005,-3.1038,-2.9747,-2.1639,4.813
1.580772,-2.9253,-2.7849,-2.3194,4.658
1.592412,-2.7210,-2.6748,-2.4882,4.555
1.597759,-2.5430,-2.5968,-2.6570,4.502
1.598521,-2.4052,-2.5319,-2.7839,4.466
1.599630,-2.3837,-2.4802,-2.8503,4.467
1.605461,-2.4162,-2.3704,-2.7131,4.338
1.609684,-2.4640,-2.3077,-2.4345,4.162
1.614943,-2.3939,-2.2207,-2.0573,3.859
1.621819,-2.2514,-2.1237,-1.5903,3.480
1.625052,-2.0996,-2.0218,-1.1474,3.132
1.629927,-1.9474,-1.9150,-0.6901,2.817
1.634770,-1.7511,-1.8368,-0.3423,2.561
1.639651,-1.5631,-1.7635,-0.1799,2.363
1.644823,-1.3785,-1.7093,-0.0780,2.197
1.650247,-1.2579,-1.6310,0.0063,2.060
1.654719,-1.1679,-1.5527,0.1398,1.948
1.659633,-1.0174,-1.4838,0.2555,1.817
1.664778,-0.8633,-1.3432,0.2962,1.624
1.669610,-0.7867,-1.2311,0.2187,1.477
1.674635,-0.7017,-1.1143,0.1087,1.321
1.679537,-0.6119,-1.0355,0.0333,1.203
1.684626,-0.5512,-0.9851,-0.1136,1.135
1.689518,-0.6106,-0.9250,-0.2748,1.142
1.694525,-0.7329,-0.8886,-0.3692,1.210
1.699543,-0.7216,-0.8520,-0.4212,1.193
1.704687,-0.6973,-0.8583,-0.4307,1.187
1.709994,-0.6681,-0.8834,-0.5316,1.229
1.714445,-0.6585,-0.8841,-0.6712,1.291
1.721952,-0.6205,-0.8942,-0.6917,1.290
1.724485,-0.5010,-0.8847,-0.5648,1.163
1.730501,-0.3618,-0.8363,-0.4960,1.037
1.734354,-0.3084,-0.7589,-0.4465,0.933
1.739313,-0.2917,-0.7286,-0.4252,0.893
1.744374,-0.2882,-0.7741,-0.3940,0.915
1.749262,-0.2979,-0.8381,-0.4150,0.982
1.754308,-0.3883,-0.8438,-0.5171,1.063
1.759160,-0.4877,-0.8395,-0.6712,1.180
1.764403,-0.5731,-0.9066,-0.8156,1.347
1.769602,-0.6003,-0.9250,-0.9740,1.471
1.774262,-0.6514,-0.9909,-1.1515,1.653
1.779269,-0.7315,-1.0467,-1.3048,1.826
1.784294,-0.7930,-1.1547,-1.4053,1.984
1.789121,-0.8889,-1.2625,-1.5778,2.208
1.794312,-1.0490,-1.2986,-1.7743,2.436
1.799217,-1.2245,-1.4590,-1.9231,2.707
1.804318,-1.3347,-1.6481,-2.1109,2.992
1.809321,-1.3847,-1.8182,-2.2419,3.201
1.814574,-1.5472,-1.9886,-2.4116,3.488
1.819737,-1.7793,-2.1404,-2.6965,3.875
1.824247,-2.0486,-2.3744,-2.9390,4.298
1.829359,-2.3306,-2.6140,-3.2211,4.758
1.834065,-2.6505,-2.8692,-3.4954,5.242
1.838981,-2.9753,-3.1643,-3.8392,5.797
1.844360,-3.3864,-3.4609,-4.1525,6.379
1.849056,-3.8265,-3.7354,-4.3452,6.890
1.854138,-4.4592,-4.0120,-4.4991,7.498
1.859024,-5.2803,-4.2194,-4.7587,8.266
1.864190,-6.3975,-4.3923,-4.9714,9.216
1.870394,-7.6985,-4.6754,-5.0766,10.339
1.874013,-9.3056,-5.2561,-5.3156,11.936
1.878909,-11.1836,-5.9581,-5.5422,13.831
1.884127,-13.4423,-6.4619,-5.6800,15.960
1.889114,-15.9135,-6.9380,-5.5926,18.239
1.894269,-18.2401,-7.6217,-5.2070,20.443
1.898881,-20.2524,-8.5705,-4.6874,22.485
1.904185,-21.8996,-9.9455,-4.0806,24.396
1.908769,-23.0869,-11.7583,-3.3110,26.119
1.913883,-22.1281,-14.9067,-3.2101,26.873
1.919373,-23.0734,-15.9604,-2.4230,28.160
1.923836,-25.5376,-15.6005,-0.6794,29.933
1.928834,-24.8495,-17.9304,-0.9300,30.657
1.933687,-22.7115,-21.5718,-1.7303,31.371
1.938842,-20.5196,-24.4071,-3.6016,32.089
1.946038,-18.2533,-26.0027,-6.1223,32.354
1.948588,-15.3227,-26.8109,-8.5803,32.050
1.954319,-11.3103,-27.0057,-11.0450,31.293
1.958592,-6.5500,-26.3346,-13.5380,30.326
1.963724,-1.1593,-24.4928,-15.7966,29.168
1.970895,5.6452,-22.0375,-17.5839,28.753
1.973699,13.6566,-19.1474,-19.1150,30.307
1.978532,21.7302,-15.7538,-20.2281,33.609
1.983493,29.1180,-11.6371,-20.7891,37.623
1.989658,35.4126,-7.2953,-21.0235,41.824
1.993720,40.3825,-3.4325,-20.6587,45.490
1.998552,43.6979,-0.0294,-19.3837,47.804
2.003838,46.1370,1.9608,-17.8477,49.508
2.008292,46.2665,3.1938,-16.1757,49.117
2.013485,44.5468,4.0049,-14.2313,46.936
2.018387,41.4956,4.4503,-12.2924,43.506
2.023436,37.8407,4.6874,-10.3732,39.516
2.028817,34.1986,4.7675,-8.4836,35.556
2.033595,30.4077,4.6479,-6.7422,31.491
2.038324,26.3865,4.4429,-5.3364,27.285
2.043399,22.3191,4.2613,-4.3899,23.142
2.048306,18.6904,3.9979,-3.8554,19.498
2.053350,15.6649,3.6363,-3.5550,16.470
2.058393,13.1440,3.1786,-3.3067,13.921
2.063350,10.9840,2.7197,-3.0082,11.709
2.068437,9.1354,2.0891,-2.6460,9.738
2.073420,7.4507,1.3048,-2.2992,7.906
2.078123,5.8711,0.3924,-1.9918,6.212
2.083198,4.3416,-0.5363,-1.6573,4.678
2.088153,2.8453,-1.5034,-1.4643,3.536
2.093293,1.3997,-2.5152,-1.3357,3.173
2.098236,0.0366,-3.4206,-1.2805,3.653
2.105574,-1.3128,-4.3029,-1.4847,4.737
2.107849,-2.5132,-5.1135,-1.8108,5.979
2.113300,-3.4536,-5.8327,-1.9584,7.056
2.118092,-4.4964,-6.4224,-2.0530,8.104
2.123133,-5.4595,-6.7580,-2.1362,8.946
2.128149,-6.0809,-6.9043,-2.0989,9.437
2.133075,-6.6852,-6.6323,-1.6976,9.569
2.137860,-6.8379,-6.3745,-1.1212,9.415
2.142904,-6.6447,-6.1325,-0.6493,9.065
2.147858,-6.4353,-5.9079,-0.3466,8.743
2.153366,-6.1726,-5.6446,-0.1438,8.366
2.157865,-5.8814,-5.3585,-0.0565,7.957
2.162941,-5.6303,-5.0218,-0.0359,7.545
2.167698,-5.4718,-4.6639,-0.1692,7.192
2.173022,-5.4252,-4.2998,-0.4482,6.937
2.177938,-5.3659,-3.9059,-0.8079,6.686
2.182766,-5.2952,-3.6404,-1.1928,6.536
2.187907,-5.2010,-3.3692,-1.6730,6.419
2.192861,-5.0745,-3.0879,-2.1689,6.324
2.197789,-4.9199,-2.8681,-2.5580,6.243
2.202879,-4.7035,-2.6908,-2.8373,6.117
2.207659,-4.4200,-2.5417,-3.0320,5.932
2.212900,-4.1223,-2.4064,-3.1285,5.707
2.217651,-3.9039,-2.3329,-3.0514,5.477
2.222715,-3.7553,-2.2110,-2.8723,5.219
2.227788,-3.6233,-2.1511,-2.6343,4.969
2.232666,-3.5123,-2.0144,-2.2601,4.637
2.237841,-3.4220,-1.8634,-1.8591,4.317
2.242464,-3.3093,-1.7175,-1.4447,3.999
2.247408,-3.0684,-1.5766,-1.0838,3.616
2.255212,-2.7753,-1.4169,-0.7707,3.210
2.257663,-2.5060,-1.2576,-0.5483,2.857
2.262455,-2.2118,-1.1036,-0.3490,2.496
2.267545,-1.8918,-0.9978,-0.1827,2.147
2.272510,-1.5933,-0.9067,-0.1208,1.837
2.277772,-1.3204,-0.8732,-0.1017,1.586
2.282479,-1.1154,-0.8445,-0.0731,1.401
2.287447,-0.9203,-0.8205,-0.0542,1.234
2.292625,-0.7348,-0.8060,-0.0258,1.091
2.297349,-0.5682,-0.8297,-0.0647,1.008
2.302475,-0.4487,-0.8340,-0.0319,0.948
2.307235,-0.3957,-0.8429,-0.0864,0.935
2.312383,-0.3133,-0.8897,-0.1035,0.949
2.317281,-0.2208,-0.9027,-0.1264,0.938
2.322295,-0.1134,-0.9393,-0.0738,0.949
2.327800,-0.0004,-0.9708,-0.0078,0.971
2.332266,0.0991,-0.9685,0.0628,0.976
2.337364,0.1280,-0.9086,0.2237,0.944
2.342272,0.1338,-0.7673,0.3224,0.843
2.347076,0.1305,-0.6932,0.3926,0.807
2.355303,0.1372,-0.6286,0.5060,0.819
2.357114,0.1299,-0.5163,0.5288,0.750
2.362194,0.1229,-0.4567,0.5809,0.749
2.367206,0.0870,-0.3781,0.6859,0.788
2.372323,0.0941,-0.2757,0.8344,0.884
2.377894,0.0915,-0.2071,0.9647,0.991
2.382043,0.0599,-0.0766,1.1442,1.148
2.386817,0.1048,-0.0376,1.2249,1.230
2.391994,0.1350,-0.0230,1.1926,1.200
2.396895,0.1218,-0.0087,1.1237,1.130
2.402880,0.1129,-0.0188,1.0757,1.082
2.406875,0.1751,0.0234,1.0389,1.054
2.411934,0.2080,0.0460,1.0375,1.059
2.417143,0.2595,0.0729,1.0285,1.063
2.421987,0.2771,0.0801,1.0026,1.043
2.426805,0.2222,0.0819,0.9358,0.965
2.432049,0.1669,0.0737,0.8135,0.834
2.437003,0.1636,0.0938,0.6544,0.681
2.441906,0.1499,0.1040,0.5781,0.606
2.446706,0.0873,0.1187,0.4408,0.465
2.451815,0.1055,0.1618,0.2613,0.325
2.456832,0.1328,0.2576,0.0678,0.298
2.461812,0.1933,0.2815,-0.0972,0.355
2.466867,0.2298,0.2816,-0.2007,0.415
2.471894,0.2281,0.3491,-0.2907,0.508
2.476835,0.2075,0.3497,-0.3336,0.526
2.481752,0.2063,0.3170,-0.3104,0.489
2.489689,0.2533,0.3469,-0.2739,0.509
2.492152,0.2383,0.3243,-0.2524,0.475
2.496540,0.2430,0.2874,-0.1645,0.411
2.501641,0.2383,0.2412,-0.0289,0.340
2.507154,0.2384,0.2379,0.0733,0.345
2.511554,0.2530,0.2441,0.1569,0.385
2.516471,0.3157,0.2454,0.2554,0.474
2.521665,0.3837,0.2560,0.2734,0.536
2.526480,0.4139,0.1945,0.3213,0.559
2.531544,0.4112,0.1807,0.3417,0.564
2.536408,0.4234,0.1760,0.3443,0.573
2.541510,0.4456,0.1520,0.3241,0.572
2.546401,0.4445,0.1086,0.2668,0.530
2.551777,0.4487,0.1177,0.2391,0.522
2.556342,0.4489,0.0740,0.1066,0.467
2.561474,0.4692,0.0112,0.0177,0.470
2.566293,0.4757,-0.0085,-0.0324,0.477
2.572135,0.5697,-0.1001,0.1096,0.589
2.576714,0.6844,-0.1967,0.4106,0.822
2.581439,0.6279,-0.1305,0.3433,0.727
2.586426,0.5874,-0.1793,0.3003,0.684
2.591399,0.5529,-0.2376,0.2816,0.664
2.596233,0.4810,-0.2000,0.1910,0.555
2.601235,0.4004,-0.2006,0.0376,0.449
2.606880,0.4118,-0.2726,-0.0785,0.500
2.611858,0.4484,-0.3777,-0.1619,0.608
2.616137,0.5004,-0.3818,-0.2129,0.664
2.621177,0.4530,-0.3999,-0.2602,0.658
2.626070,0.3441,-0.3602,-0.3135,0.589
2.631122,0.2358,-0.3918,-0.3825,0.596
2.636086,0.2144,-0.4231,-0.4383,0.646
2.641293,0.1742,-0.4397,-0.4951,0.685
2.646018,0.1006,-0.4416,-0.4667,0.650
2.651033,0.0988,-0.4720,-0.4245,0.642
2.656036,0.0491,-0.4688,-0.4303,0.638
2.661079,-0.0824,-0.4896,-0.4025,0.639
2.665926,-0.1812,-0.4435,-0.3410,0.588
2.672233,-0.2381,-0.3928,-0.2792,0.538
2.675752,-0.3249,-0.3853,-0.2793,0.576
2.680999,-0.3748,-0.3924,-0.2645,0.604
2.686426,-0.3444,-0.4523,-0.3163,0.651
2.691033,-0.4113,-0.4072,-0.2622,0.635
2.695801,-0.4844,-0.3240,-0.1643,0.606
2.700911,-0.4681,-0.2795,-0.1425,0.563
2.706295,-0.4386,-0.2258,-0.1106,0.506
2.711114,-0.3573,-0.2583,-0.1071,0.454
2.715777,-0.2577,-0.2766,-0.1032,0.392
2.721110,-0.1923,-0.2232,-0.0897,0.308
2.725714,-0.2522,-0.1316,-0.0907,0.299
2.731447,-0.3273,-0.0592,-0.0824,0.343
2.737860,-0.3026,-0.1017,-0.1464,0.351
2.740783,-0.2640,-0.1487,-0.2061,0.366
2.745629,-0.2544,-0.0950,-0.3004,0.405
2.750664,-0.2211,-0.0744,-0.3480,0.419
2.755767,-0.2119,-0.0345,-0.4062,0.459
2.761158,-0.1588,0.0055,-0.3192,0.357
2.765559,-0.1112,-0.0070,-0.1953,0.225
2.770567,-0.1069,-0.0148,-0.0531,0.120
2.775604,-0.1220,0.0153,0.0508,0.133
2.780670,-0.1565,0.0162,0.1502,0.218
2.786204,-0.2915,-0.0261,0.2840,0.408
2.791270,-0.4316,-0.0450,0.3757,0.574
2.795476,-0.5104,-0.0691,0.4639,0.693
2.800494,-0.5332,-0.0747,0.4964,0.732
2.805894,-0.5814,-0.0998,0.4973,0.772
2.811106,-0.5831,-0.0921,0.4098,0.719
2.815453,-0.5624,-0.0564,0.2628,0.623
2.820519,-0.5477,-0.0784,0.0752,0.558
2.825431,-0.5198,-0.0432,-0.0964,0.530
2.830722,-0.4546,0.0059,-0.2857,0.537
2.838548,-0.3569,0.0929,-0.4407,0.575
2.840346,-0.2359,0.1366,-0.5288,0.595
2.845162,-0.1252,0.1470,-0.6077,0.638
2.851011,-0.0767,0.1481,-0.5966,0.619
2.855512,-0.0468,0.1732,-0.5052,0.536
2.861145,-0.0309,0.2171,-0.4005,0.457
2.865186,-0.0288,0.2323,-0.3633,0.432
2.870153,0.0309,0.2046,-0.3168,0.378
2.875088,0.0954,0.1914,-0.2803,0.353
2.880216,0.1600,0.2496,-0.1868,0.350
2.886282,0.2059,0.2882,-0.0410,0.357
2.890357,0.2186,0.2930,0.0664,0.372
2.895165,0.2364,0.2976,0.1503,0.409
2.900150,0.2450,0.3304,0.2154,0.464
2.905539,0.2444,0.3105,0.2478,0.466
2.910887,0.1965,0.3333,0.2522,0.462
2.914883,0.1586,0.3652,0.2145,0.452
2.919937,0.1449,0.3161,0.1870,0.395
2.924919,0.1218,0.2720,0.1745,0.345
2.930877,0.0325,0.2331,0.1955,0.306
2.934849,-0.0517,0.1658,0.2358,0.293
2.940061,-0.1356,0.1086,0.2618,0.314
2.945049,-0.2286,0.1041,0.2309,0.341
2.949795,-0.2928,0.0710,0.1956,0.359
2.954932,-0.3142,0.0192,0.0798,0.325
2.960439,-0.3310,-0.0557,-0.0448,0.339
2.964875,-0.2816,-0.0492,-0.1216,0.311
2.970550,-0.2375,-0.0472,-0.1746,0.299
2.974867,-0.1272,-0.0356,-0.2042,0.243
2.979895,-0.0080,-0.0191,-0.1868,0.188
2.984920,0.0966,0.0070,-0.1322,0.164
2.990046,0.1581,0.0378,-0.1074,0.195
2.994775,0.2340,0.0305,-0.0168,0.237
2.999766,0.3244,0.0376,0.0489,0.330
3.005153,0.3339,0.0876,0.1184,0.365
3.009651,0.3201,0.1325,0.1633,0.383
3.014672,0.3451,0.1533,0.1696,0.414
3.019620,0.3850,0.1550,0.1661,0.447
3.024720,0.3539,0.1568,0.1721,0.424
3.030259,0.3474,0.1444,0.1397,0.401
3.034498,0.3273,0.1179,0.1025,0.363
3.039608,0.2887,0.1441,0.0649,0.329
3.045937,0.2700,0.1179,0.0079,0.295
3.049532,0.2662,0.0303,0.0032,0.268
3.054574,0.2391,-0.0470,0.0459,0.248
3.059563,0.1840,-0.0665,0.1021,0.221
3.065122,0.0868,-0.1049,0.0913,0.164
3.069663,0.0333,-0.1002,0.0235,0.108
3.074475,0.0184,-0.1620,-0.0391,0.168
3.079529,-0.0248,-0.2090,-0.1111,0.238
3.084412,-0.0912,-0.2174,-0.1639,0.287
3.090215,-0.1525,-0.2257,-0.2213,0.351
3.094601,-0.2467,-0.2435,-0.1644,0.384
3.099495,-0.3217,-0.2753,-0.1081,0.437
3.104344,-0.3776,-0.3021,-0.0568,0.487
3.109338,-0.3767,-0.3526,0.0040,0.516
3.114384,-0.4146,-0.3553,0.1075,0.557
3.119466,-0.4530,-0.3534,0.1732,0.600
3.124269,-0.4351,-0.2947,0.1868,0.558
3.129506,-0.3993,-0.2604,0.1724,0.507
3.134372,-0.3168,-0.2169,0.1586,0.415
3.139497,-0.1735,-0.2357,0.1784,0.343
3.144479,-0.0697,-0.2163,0.2031,0.305
3.149730,-0.0145,-0.2020,0.2756,0.342
3.154152,0.0356,-0.1498,0.3432,0.376
3.159207,0.0807,-0.0981,0.3153,0.340
3.164274,0.1159,-0.0896,0.2735,0.310
3.172345,0.1747,-0.0383,0.2031,0.271
3.174057,0.2288,-0.0158,0.1754,0.289
3.179128,0.2639,0.0542,0.0712,0.279
3.184068,0.2708,0.0859,-0.0331,0.286
3.189401,0.2689,0.0842,-0.1092,0.302
3.194801,0.2725,0.0781,-0.1859,0.339
3.199142,0.2434,0.0675,-0.2394,0.348
3.204000,0.2101,0.0478,-0.2414,0.324
3.209324,0.1680,0.0711,-0.2392,0.301
3.213950,0.1265,0.0706,-0.2521,0.291
3.219569,0.1284,0.0370,-0.2368,0.272
3.223862,0.1354,0.0370,-0.2317,0.271
3.229165,0.1141,0.0324,-0.2511,0.278
3.233851,0.0597,0.0184,-0.2660,0.273
3.239061,0.0202,-0.0192,-0.2667,0.268
3.244504,-0.0192,-0.0231,-0.2440,0.246
3.249011,-0.0584,-0.0366,-0.1738,0.187
3.253865,-0.0736,-0.0262,-0.0661,0.102
3.258888,-0.0317,-0.0302,-0.0111,0.045
3.263866,0.0432,-0.0057,0.0150,0.046
3.270046,0.0845,-0.0194,0.0459,0.098
3.273723,0.1115,0.0096,0.0483,0.122
3.278643,0.0959,0.0812,0.0128,0.126
3.283754,0.0806,0.1142,0.0107,0.140
3.289299,0.0992,0.1232,-0.0440,0.164
3.297184,0.1132,0.1132,-0.0938,0.186
3.299813,0.0893,0.1367,-0.1391,0.214
3.307353,0.0946,0.1364,-0.1608,0.231
3.308926,0.0478,0.1124,-0.1354,0.182
3.313628,0.0538,0.1362,-0.1628,0.219
3.318602,0.0646,0.1551,-0.1286,0.212
3.323508,0.0139,0.1169,-0.1185,0.167
3.328447,-0.0031,0.1313,-0.0706,0.149
3.333497,0.0180,0.1027,0.0058,0.104
3.338766,-0.0279,0.0457,0.1439,0.154
3.344155,-0.0783,0.0081,0.2201,0.234
3.348428,-0.1144,-0.0104,0.2250,0.253
3.353422,-0.1269,-0.0289,0.1784,0.221
3.358448,-0.1491,-0.0331,0.1659,0.226
3.363320,-0.1717,-0.0326,0.1063,0.205
3.369331,-0.1705,-0.0606,0.0758,0.196
3.373425,-0.1410,-0.0979,0.0504,0.179
3.378287,-0.1407,-0.1064,0.0492,0.183
3.383604,-0.1404,-0.1197,0.0481,0.191
3.388789,-0.1783,-0.1328,0.0424,0.226
3.393496,-0.1923,-0.1269,0.0180,0.231
3.398245,-0.2160,-0.1353,0.0319,0.257
3.404172,-0.2680,-0.1199,-0.0113,0.294
3.408264,-0.2488,-0.1426,-0.0541,0.292
3.413488,-0.2967,-0.1747,-0.0062,0.344
3.418889,-0.3447,-0.2066,0.0178,0.402
3.423183,-0.3691,-0.1574,0.0465,0.404
3.432767,-0.3846,-0.2276,0.1183,0.462
3.433088,-0.3815,-0.2689,0.1998,0.508
3.438080,-0.3409,-0.2577,0.2101,0.476
3.442873,-0.3059,-0.2087,0.1640,0.405
3.448072,-0.2953,-0.1745,0.1093,0.360
3.453132,-0.2472,-0.1454,0.0982,0.303
3.458125,-0.2093,-0.0977,0.0305,0.233
3.462847,-0.1244,-0.0456,0.0065,0.133
3.468047,-0.0875,-0.0320,-0.0316,0.098
3.473054,-0.0652,-0.0280,-0.0266,0.076
3.477971,-0.0238,-0.0002,-0.0978,0.101
3.482907,0.0508,0.0274,-0.1401,0.152
3.487965,0.1062,0.0786,-0.0872,0.158
3.492868,0.1568,0.1008,-0.0016,0.186
3.497810,0.1648,0.1467,0.0262,0.222
3.502691,0.1922,0.1304,0.0964,0.252
3.507829,0.2627,0.1095,0.0900,0.299
3.513675,0.3427,0.1316,0.0502,0.371
3.517728,0.3182,0.1394,-0.0039,0.347
3.523022,0.2992,0.1329,-0.0579,0.332
3.527746,0.2712,0.1360,-0.0928,0.317
3.533055,0.2342,0.0869,-0.1611,0.297
3.537921,0.1881,0.0336,-0.1864,0.267
3.542576,0.1329,0.0045,-0.2165,0.254
3.547764,0.1065,-0.0197,-0.2367,0.260
3.552693,0.0325,-0.0293,-0.2807,0.284
3.557942,-0.0271,-0.0484,-0.3053,0.310
3.565163,-0.0676,-0.1528,-0.3962,0.430
3.567740,-0.0751,-0.2183,-0.3770,0.442
3.574971,-0.0830,-0.2311,-0.4007,0.470
3.577717,-0.1199,-0.2200,-0.4194,0.489
3.582477,-0.1142,-0.2470,-0.4140,0.495
3.587484,-0.1183,-0.2500,-0.3754,0.466
3.592404,-0.0896,-0.1865,-0.3372,0.396
3.597532,-0.0376,-0.1852,-0.2900,0.346
3.602550,0.0140,-0.1506,-0.2388,0.283
3.607409,0.0700,-0.1114,-0.1694,0.214
3.612336,0.0830,-0.1010,-0.0581,0.143
3.617372,0.0676,-0.0527,0.0281,0.090
3.622382,0.0667,-0.0284,0.0755,0.105
3.628020,0.0373,-0.0139,0.1460,0.151
3.632349,-0.0015,-0.0136,0.1589,0.159
3.638060,0.0028,-0.0086,0.1573,0.158
3.642585,-0.0404,0.0061,-0.2685,0.272
3.647638,-0.0735,0.0117,-1.0213,1.024
3.652942,-0.0782,0.1318,-0.7535,0.769
3.657672,-0.0927,0.1655,-0.0656,0.201
3.662129,-0.0121,0.0609,0.2229,0.231
3.667256,0.0348,0.0379,0.2868,0.291
3.672222,0.0483,0.0052,0.3038,0.308
3.677597,0.0286,0.0439,0.4456,0.449
3.682165,0.0805,0.0914,0.6875,0.698
3.687201,0.1179,0.1285,0.9346,0.951
3.692007,0.0932,0.1600,1.1209,1.136
3.697190,0.0258,0.1384,1.1278,1.137
3.705415,-0.0602,0.0977,0.8228,0.831
3.706898,-0.0648,0.1047,0.3306,0.353
3.711861,-0.0265,0.1689,-0.1252,0.212
3.716925,0.0592,0.1617,-0.3797,0.417
