0.001274,0.0825,0.0125,-0.3183,0.329
0.003735,0.1086,-0.0205,-0.2928,0.313
0.007056,0.1634,-0.0244,-0.2592,0.307
0.012079,0.1993,-0.0376,-0.1553,0.255
0.016873,0.2165,-0.0315,-0.0528,0.225
0.022038,0.1818,-0.0396,-0.0325,0.189
0.026791,0.1287,-0.0570,-0.0173,0.142
0.031855,0.0618,-0.0981,-0.0164,0.117
0.036931,0.0097,-0.1198,-0.0205,0.122
0.041953,0.0531,-0.1081,0.0230,0.123
0.046951,0.0963,-0.1107,0.0235,0.149
0.052378,0.3967,-0.1564,0.1624,0.456
0.056655,0.4583,-0.0927,0.2441,0.527
0.061989,0.1726,0.0748,0.2401,0.305
0.066965,0.1597,0.1363,0.2128,0.299
0.071846,0.1468,0.0452,0.1003,0.183
0.076747,0.0816,0.0119,-0.0400,0.092
0.081888,0.1025,0.0504,-0.0846,0.142
0.086734,0.1233,0.0886,-0.1006,0.182
0.092081,0.1107,0.1029,-0.0790,0.171
0.096806,0.0791,0.1314,-0.0340,0.157
0.101895,0.1142,0.1217,-0.0323,0.170
0.106720,0.1491,0.1216,0.0168,0.193
0.112513,0.1647,0.0835,0.1036,0.212
0.122611,0.1564,0.0170,0.1663,0.229
0.123007,0.1388,-0.0157,0.1957,0.240
0.126686,0.1020,-0.0246,0.2776,0.297
0.131937,0.0843,-0.0336,0.3024,0.316
0.136677,0.0519,-0.0665,0.3421,0.352
0.141678,0.0335,-0.0660,0.3727,0.380
0.146504,0.0289,-0.0658,0.3277,0.335
0.151561,0.0334,-0.0799,0.3122,0.324
0.156676,0.0230,-0.1227,0.2974,0.323
0.161626,0.0358,-0.1081,0.2643,0.288
0.167430,0.0386,-0.1034,0.2130,0.240
0.171807,0.0886,-0.0750,0.1528,0.192
0.176336,0.1001,-0.0279,0.1029,0.146
0.181473,0.1353,-0.0524,0.0582,0.156
0.186284,0.1466,-0.0530,-0.0243,0.158
0.192179,0.1246,-0.0250,-0.0539,0.138
0.196372,0.1218,-0.0257,-0.0835,0.150
0.201359,0.1097,-0.0026,-0.1131,0.158
0.206329,0.0693,-0.0033,-0.1095,0.130
0.211588,0.0295,-0.0515,-0.1300,0.143
0.217033,0.0377,-0.0373,-0.1507,0.160
0.221619,0.0127,-0.0185,-0.1384,0.140
0.226285,-0.0212,-0.0329,-0.1312,0.137
0.231277,-0.0547,-0.0234,-0.1339,0.146
0.236206,-0.1162,-0.0377,-0.1273,0.176
0.242534,-0.1247,-0.0708,-0.0783,0.163
0.246353,-0.2092,-0.0561,-0.0393,0.220
0.251164,-0.2596,-0.0604,-0.0196,0.267
0.256196,-0.2861,-0.0410,0.0283,0.290
0.263583,-0.3028,-0.0503,0.0761,0.316
0.266929,-0.3386,-0.0358,0.0855,0.351
0.271174,-0.3411,-0.0357,0.1139,0.361
0.275979,-0.3484,-0.0736,0.1613,0.391
0.281087,-0.3418,-0.1161,0.2277,0.427
0.286510,-0.3306,-0.0965,0.2179,0.408
0.290896,-0.3201,-0.0915,0.2087,0.393
0.296156,-0.3005,-0.1343,0.2478,0.412
0.300908,-0.3005,-0.1578,0.2444,0.418
0.305927,-0.2959,-0.1624,0.2177,0.402
0.311209,-0.2869,-0.2192,0.1491,0.391
0.315959,-0.2736,-0.1855,0.1242,0.353
0.321056,-0.2604,-0.1663,0.1141,0.329
0.326024,-0.2427,-0.2140,0.1092,0.342
0.330875,-0.2538,-0.2043,0.0904,0.338
0.336147,-0.2504,-0.2042,0.0288,0.324
0.340779,-0.2614,-0.2230,-0.0324,0.345
0.346238,-0.2865,-0.2225,-0.0696,0.369
0.350857,-0.3164,-0.2694,-0.1355,0.437
0.355881,-0.3418,-0.2635,-0.1397,0.454
0.361125,-0.3769,-0.2812,-0.0968,0.480
0.365875,-0.3791,-0.2986,-0.0925,0.491
0.370931,-0.3867,-0.2683,-0.0360,0.472
0.375658,-0.4046,-0.2810,0.0059,0.493
0.380795,-0.4140,-0.3032,0.1190,0.527
0.385599,-0.4345,-0.3538,0.2796,0.626
0.390679,-0.5471,-0.3664,0.4549,0.800
0.395746,-0.5705,-0.3699,0.6640,0.950
0.404947,-0.5539,-0.3788,0.8410,1.076
0.405680,-0.5639,-0.3550,0.9480,1.159
0.410580,-0.5624,-0.3795,1.0190,1.224
0.415402,-0.5447,-0.4093,1.0830,1.279
0.420534,-0.5347,-0.3920,1.1923,1.364
0.425473,-0.5414,-0.3372,1.2321,1.387
0.430559,-0.5325,-0.2742,1.3182,1.448
0.435440,-0.5406,-0.2835,1.3831,1.512
0.440512,-0.5423,-0.2268,1.3892,1.508
0.445633,-0.5138,-0.2043,1.4178,1.522
0.450393,-0.4789,-0.1634,1.4401,1.526
0.455321,-0.4367,-0.1325,1.4840,1.553
0.460451,-0.4127,-0.0644,1.4990,1.556
0.465304,-0.3581,-0.0304,1.5223,1.564
0.470335,-0.2494,0.0507,1.5541,1.575
0.475378,-0.1482,0.1311,1.5133,1.526
0.480699,0.0502,0.2013,1.5238,1.538
0.485120,0.2754,0.2806,1.5269,1.577
0.490114,0.5066,0.3830,1.5254,1.652
0.495518,0.7697,0.4846,1.4271,1.692
0.503496,1.0127,0.6380,1.2751,1.749
0.505188,1.2887,0.7334,1.1929,1.903
0.513469,1.5985,0.7332,1.1653,2.110
0.514985,1.9721,0.9091,1.0899,2.430
0.520190,2.4633,1.1507,1.0506,2.915
0.525030,3.1079,1.3529,1.0069,3.536
0.530193,3.8696,1.5679,1.0443,4.304
0.535067,4.6694,1.7761,1.1764,5.132
0.539982,5.4421,2.0154,1.1633,5.919
0.545514,6.0891,2.1997,1.0313,6.556
0.550470,6.5641,2.4386,0.7723,7.045
0.555053,6.8439,2.5939,0.4456,7.332
0.559959,6.9766,2.6042,0.1500,7.448
0.564926,7.0200,2.5370,-0.1828,7.467
0.570054,6.8973,2.4598,-0.6543,7.352
0.575412,6.5868,2.4262,-0.9068,7.078
0.579978,6.1729,2.3498,-1.0068,6.681
0.584720,5.8584,2.1455,-1.1458,6.343
0.589841,5.4271,1.9145,-1.3466,5.910
0.594806,4.9069,1.6622,-1.4793,5.388
0.600265,4.3827,1.3700,-1.6959,4.895
0.605212,3.8931,1.0578,-1.9037,4.461
0.609896,3.4957,0.7829,-1.9740,4.090
0.614678,3.1625,0.4739,-1.9429,3.742
0.620109,2.7972,0.1883,-1.8611,3.365
0.629828,2.3177,-0.1167,-1.7554,2.910
0.631076,1.9050,-0.3696,-1.5475,2.482
0.634550,1.4588,-0.6328,-1.3454,2.083
0.639696,1.1382,-0.8632,-1.3016,1.933
0.644630,0.8045,-1.1041,-1.3517,1.922
0.650363,0.4329,-1.3699,-1.4089,2.012
0.654704,0.0177,-1.6464,-1.4970,2.225
0.659526,-0.4042,-1.9243,-1.6588,2.573
0.664672,-0.8707,-2.0515,-1.8038,2.867
0.669813,-1.3010,-2.1761,-1.9853,3.220
0.675466,-1.7853,-2.2940,-2.3861,3.761
0.679534,-2.2910,-2.4438,-2.9548,4.467
0.685103,-2.7710,-2.6830,-3.6592,5.317
0.689400,-3.1305,-2.9305,-4.2910,6.066
0.694549,-3.4489,-3.1154,-4.7995,6.681
0.700370,-3.7654,-3.3091,-5.3151,7.306
0.704320,-4.0916,-3.5458,-5.4991,7.717
0.709226,-4.4088,-3.8068,-5.4052,7.946
0.714241,-4.7699,-4.0832,-5.1676,8.132
0.719295,-5.0794,-4.3419,-4.7905,8.222
0.727905,-5.3193,-4.5934,-4.3112,8.245
0.729452,-5.5599,-4.7851,-3.7099,8.220
0.736013,-5.7835,-4.9944,-3.2153,8.290
0.739204,-6.1670,-5.2694,-2.8884,8.611
0.744461,-6.7494,-5.5820,-2.5609,9.125
0.749230,-7.5844,-5.8088,-2.1321,9.788
0.754383,-8.3335,-6.0174,-1.7452,10.426
0.759226,-9.1622,-6.2617,-1.6234,11.216
0.764168,-10.2450,-6.5280,-1.7322,12.271
0.769225,-11.8100,-6.8224,-2.0282,13.789
0.774423,-13.5888,-7.2124,-2.3508,15.563
0.779514,-15.0685,-7.7601,-2.7160,17.166
0.784776,-16.1889,-8.1293,-2.9020,18.346
0.789133,-17.0554,-8.6466,-2.9045,19.341
0.793975,-17.6340,-9.6330,-2.9632,20.311
0.798963,-18.0453,-10.9215,-2.9388,21.297
0.804007,-18.1986,-12.2207,-3.0054,22.126
0.808956,-17.9442,-13.6209,-3.2220,22.757
0.814272,-17.3245,-15.1289,-3.5300,23.270
0.821449,-16.4243,-16.7111,-4.0382,23.777
0.823948,-15.3908,-18.1243,-5.0073,24.299
0.831201,-14.0417,-19.1854,-6.3064,24.597
0.834150,-12.0795,-19.9416,-7.8703,24.607
0.838857,-9.4734,-20.2797,-9.5610,24.340
0.843916,-6.5252,-20.1542,-11.4991,24.104
0.848944,-3.4146,-19.6264,-13.5166,24.074
0.854063,0.1101,-18.3944,-15.1585,23.836
0.859222,4.8138,-15.8639,-16.2488,23.213
0.863756,10.4482,-13.4879,-17.6403,24.541
0.868772,16.2136,-10.2564,-19.6011,27.428
0.873895,22.8586,-6.3952,-21.0839,31.748
0.878895,29.6607,-2.5674,-22.0546,37.051
0.884923,35.7104,0.9806,-22.5107,42.225
0.888644,40.6036,3.7815,-22.4631,46.557
0.894191,42.6575,5.9595,-21.3429,48.070
0.898750,42.2880,7.1070,-19.1105,46.947
0.903916,39.7526,7.1045,-16.1558,43.494
0.908830,35.7089,6.2902,-13.1561,38.572
0.913840,31.1171,5.1561,-10.3670,33.201
0.920581,26.8022,3.8798,-7.5783,28.122
0.923753,22.5922,2.7373,-5.1712,23.338
0.928628,18.4174,2.1638,-3.2276,18.823
0.935418,14.9553,1.7906,-1.8597,15.176
0.938513,12.7167,1.3511,-0.9149,12.821
0.943421,11.2225,0.9552,-0.3386,11.268
0.948378,10.1269,0.6790,0.0648,10.150
0.954045,9.4301,0.3017,0.3131,9.440
0.958928,8.7928,-0.1339,0.2712,8.798
0.963399,7.8126,-0.6493,-0.1055,7.840
0.968381,6.3551,-1.2283,-0.9292,6.539
0.973405,4.5069,-1.9620,-2.0546,5.328
0.978515,2.3199,-2.8287,-3.4351,5.018
0.984751,0.1032,-3.8119,-5.1013,6.369
0.988294,-1.7294,-5.0245,-6.5875,8.464
0.993143,-4.1925,-5.7484,-7.5395,10.367
0.998326,-6.7107,-6.1922,-7.7573,11.981
1.003284,-8.1910,-7.3526,-7.3987,13.262
1.008537,-9.8229,-8.1177,-6.2216,14.181
1.014257,-12.1999,-8.1637,-4.9109,15.479
1.018204,-15.3713,-7.9136,-4.0636,17.760
1.023314,-18.5092,-7.9568,-3.9894,20.538
1.029677,-21.1520,-8.1384,-4.3420,23.076
1.040857,-23.2586,-8.3196,-4.2554,25.066
1.041469,-24.7764,-8.5853,-3.5399,26.460
1.043125,-25.8666,-9.2151,-2.4286,27.566
1.053450,-26.8460,-10.4046,-1.3629,28.824
1.059382,-27.4204,-11.7405,-0.6359,29.835
1.060159,-27.2759,-13.2141,-0.6735,30.316
1.063056,-26.4100,-14.9090,-1.6389,30.372
1.068046,-25.1096,-16.6154,-3.4450,30.306
1.074065,-23.4358,-18.1138,-5.6820,30.160
1.078547,-21.3263,-19.2760,-8.0726,29.859
1.084469,-18.8695,-20.1050,-10.6839,29.570
1.088034,-16.0499,-20.6282,-13.1445,29.256
1.096303,-12.9843,-20.6755,-15.3543,28.841
1.098353,-9.6375,-20.3196,-17.0895,28.246
1.103042,-6.0472,-19.6356,-18.1690,27.427
1.110045,-2.3573,-18.4605,-18.4017,26.172
1.112856,0.9674,-16.6239,-18.0782,24.579
1.118557,4.1109,-14.6014,-17.5160,23.171
1.122719,7.0566,-12.3686,-17.2374,22.359
1.128057,9.5067,-9.8246,-16.8514,21.700
1.136245,12.5803,-7.0513,-16.3912,21.832
1.137768,16.7861,-4.3027,-16.0068,23.590
1.145492,21.5735,-1.5839,-15.5728,26.654
1.147696,26.3935,1.0715,-14.9560,30.355
1.152585,30.8598,3.1954,-14.0937,34.076
1.159051,34.1636,4.5689,-12.9058,36.805
1.162652,35.6634,5.4044,-11.0062,37.712
1.170231,35.3789,5.7772,-8.1935,36.772
1.172590,33.6431,5.8866,-4.6924,34.475
1.177867,30.9073,5.7976,-1.4866,31.482
1.182621,27.5011,5.5636,0.9142,28.073
1.187551,23.7852,5.3127,2.6367,24.514
1.194173,20.1602,5.1182,3.7287,21.131
1.197809,16.7828,4.9923,4.3210,18.035
1.202461,13.7063,4.8464,4.5888,15.245
1.207520,11.0314,4.5951,4.3594,12.720
1.212444,8.7686,4.2350,3.6590,10.403
1.217578,6.7517,3.7579,2.8085,8.222
1.222527,4.8530,3.2080,1.9894,6.148
1.227436,3.2385,2.6696,1.2763,4.387
1.232428,1.9503,2.0336,0.6288,2.887
1.237483,0.9349,1.3268,0.0934,1.626
1.244766,0.1135,0.5833,-0.4016,0.717
1.247432,-0.5882,-0.1441,-0.8664,1.057
1.253465,-1.1581,-0.9459,-1.3645,2.024
1.257475,-1.7707,-1.6195,-1.7371,2.962
1.262214,-2.2578,-2.2539,-2.0657,3.801
1.267370,-2.6317,-2.7854,-2.3204,4.480
1.272186,-3.0201,-3.2335,-2.6029,5.133
1.277266,-3.3776,-3.5750,-2.9817,5.751
1.282238,-3.7162,-3.7820,-3.2817,6.236
1.287672,-3.9218,-3.9125,-3.3879,6.494
1.291979,-3.9651,-3.9256,-3.2269,6.446
1.297029,-3.7161,-3.8891,-2.9503,6.135
1.302093,-3.3035,-3.8042,-2.5665,5.654
1.307141,-2.8987,-3.6959,-2.1128,5.150
1.312545,-2.5290,-3.5317,-1.7609,4.687
1.317049,-2.2200,-3.3410,-1.5340,4.295
1.322000,-1.9185,-3.1580,-1.5148,3.994
1.326956,-1.5589,-2.9018,-1.6227,3.672
1.332013,-1.1158,-2.7495,-1.8207,3.481
1.337008,-0.6646,-2.6440,-2.0098,3.387
1.342309,-0.2563,-2.5946,-2.0711,3.330
1.346933,0.0458,-2.5585,-1.9765,3.233
1.351744,0.2416,-2.4351,-1.7503,3.009
1.356817,0.3535,-2.2631,-1.5891,2.788
1.361730,0.3098,-2.1094,-1.5798,2.654
1.367642,0.2970,-1.9311,-1.6900,2.583
1.372249,0.4249,-1.7521,-1.9307,2.642
1.376684,0.7447,-1.7877,-2.2988,3.006
1.381995,0.8822,-1.9128,-2.6224,3.364
1.387153,0.8553,-1.9217,-2.7633,3.473
1.391930,0.7790,-1.8483,-2.6409,3.316
1.396749,0.8116,-1.7357,-2.2743,2.974
1.401689,1.0064,-1.6031,-1.8059,2.616
1.406817,1.1091,-1.4938,-1.3339,2.289
1.411862,1.1235,-1.4212,-0.8574,2.004
1.417083,1.0052,-1.3045,-0.5662,1.741
1.421963,0.8598,-1.2201,-0.4647,1.563
1.426659,0.7301,-1.1058,-0.4664,1.405
1.432032,0.5922,-1.0525,-0.6000,1.349
1.436793,0.4872,-1.0414,-0.8610,1.436
1.442181,0.3612,-1.0569,-1.2213,1.655
1.446773,0.2654,-1.0946,-1.5950,1.953
1.451562,0.2183,-1.1640,-1.8631,2.208
1.456610,0.2200,-1.2744,-2.1267,2.489
1.462067,0.1844,-1.4546,-2.3997,2.812
1.467083,0.0039,-1.6476,-2.7388,3.196
1.471655,-0.3760,-1.8957,-3.0531,3.613
1.476495,-0.7663,-2.1041,-3.1321,3.850
1.481481,-1.2304,-2.3451,-3.0907,4.070
1.486751,-1.7167,-2.6814,-3.0000,4.375
1.496804,-2.2356,-2.9412,-2.9360,4.719
1.497220,-2.7511,-3.1545,-2.7498,5.008
1.501262,-3.1988,-3.3112,-2.4947,5.236
1.506361,-3.5432,-3.4270,-2.2953,5.438
1.511478,-4.0199,-3.5266,-2.1803,5.775
1.517034,-4.6154,-3.5200,-2.2026,6.208
1.521641,-5.2925,-3.4225,-2.4017,6.745
1.526276,-6.0673,-3.4314,-2.9183,7.557
1.531180,-6.6962,-3.5515,-3.5252,8.359
1.536470,-7.2343,-3.7743,-4.1533,9.156
1.541879,-7.9423,-4.0719,-4.7033,10.089
1.546149,-8.8038,-4.5557,-4.9554,11.082
1.551050,-9.8937,-5.1454,-4.9059,12.183
1.556177,-11.1902,-5.8272,-4.6081,13.432
1.561275,-12.3886,-6.6030,-4.1680,14.644
1.567383,-13.4872,-7.3247,-3.6104,15.767
1.571028,-14.8069,-7.9210,-3.0253,17.063
1.576037,-15.8777,-8.8699,-2.8420,18.408
1.581118,-16.6027,-10.3597,-2.7869,19.767
1.586007,-17.1232,-11.9210,-2.8438,21.057
1.591066,-17.4285,-13.3272,-3.0819,22.155
1.596030,-17.4691,-14.7625,-3.2045,23.095
1.603501,-17.2700,-16.1679,-3.4567,23.908
1.606207,-16.8122,-17.5648,-3.8694,24.620
1.612817,-15.9690,-18.8067,-4.7530,25.126
1.615926,-14.6718,-19.7806,-6.2473,25.408
1.620846,-13.1149,-20.4567,-8.2622,25.666
1.625968,-11.3234,-20.7911,-10.4517,25.879
1.630870,-9.0137,-21.0534,-12.3543,26.022
1.635951,-5.9499,-20.9416,-13.7153,25.731
1.640899,-2.2793,-20.3771,-14.6684,25.211
1.645974,1.5963,-19.3112,-15.4251,24.767
1.654061,5.4243,-17.7422,-15.9669,24.478
1.655764,9.1757,-15.7169,-16.5882,24.625
1.660894,12.8551,-13.3914,-17.4210,25.457
1.665848,16.4876,-10.6022,-18.1509,26.715
1.670799,20.2675,-7.4065,-18.5491,28.455
1.676722,24.3727,-4.0705,-18.7925,31.044
1.680853,28.4957,-0.7884,-18.8529,34.177
1.685596,32.3328,2.1334,-18.8067,37.465
1.690530,35.7117,4.3664,-18.4843,40.448
1.695811,38.1981,5.7261,-17.5966,42.444
1.700420,38.9386,6.2062,-15.9596,42.537
1.705607,37.7898,6.1937,-13.6935,40.669
1.710685,35.2687,6.1702,-10.9983,37.455
1.720684,31.8851,5.9851,-8.3366,33.496
1.729341,28.0878,5.6693,-6.0759,29.291
1.734686,24.2162,5.1358,-4.5353,25.167
1.734963,20.4009,4.4883,-3.8105,21.234
1.735479,16.7655,3.7957,-3.6111,17.565
1.740277,13.6724,3.2348,-3.5864,14.500
1.745441,11.1577,2.5940,-3.3535,11.936
1.751580,8.9248,1.7783,-2.9898,9.579
1.755392,6.8512,0.8765,-2.4950,7.344
1.760258,4.9740,-0.0488,-1.9897,5.357
1.765201,3.1212,-0.9383,-1.4854,3.582
1.770527,1.2925,-1.7188,-1.0761,2.405
1.775385,-0.5414,-2.4471,-0.8132,2.635
1.780315,-2.2607,-3.0447,-0.5198,3.828
1.785059,-3.7679,-3.4051,-0.1915,5.082
1.790052,-5.1010,-3.6283,-0.0211,6.260
1.795236,-6.1834,-3.8113,0.0006,7.264
1.800269,-7.0000,-3.9081,-0.1758,8.019
1.805493,-7.3950,-4.0257,-0.5381,8.437
1.810080,-7.5355,-4.1706,-0.9001,8.659
1.815086,-7.5407,-4.2495,-1.2139,8.740
1.820052,-7.4428,-4.3162,-1.5902,8.749
1.825608,-7.3189,-4.3529,-1.9059,8.726
1.830305,-7.0780,-4.3464,-2.1771,8.587
1.835071,-6.6479,-4.3457,-2.4342,8.307
1.840037,-6.1347,-4.3468,-2.6777,7.981
1.845061,-5.5818,-4.3649,-2.7997,7.619
1.851607,-5.1145,-4.3909,-2.8487,7.318
1.854897,-4.8037,-4.3487,-2.8350,7.073
1.859842,-4.5144,-4.2772,-2.7690,6.807
1.865087,-4.1403,-4.1479,-2.7325,6.466
1.870019,-3.7532,-3.9995,-2.7165,6.121
1.875264,-3.4320,-3.8464,-2.7368,5.836
1.879927,-3.2200,-3.7269,-2.7223,5.628
1.884903,-3.0637,-3.5645,-2.6499,5.396
1.889746,-2.9867,-3.3926,-2.5778,5.203
1.895009,-2.8828,-3.1541,-2.5259,4.964
1.900348,-2.6851,-2.8632,-2.5089,4.659
1.905032,-2.4835,-2.6155,-2.4281,4.348
1.909757,-2.3013,-2.4731,-2.3651,4.124
1.914718,-2.1431,-2.2682,-2.2537,3.849
1.919784,-2.0080,-2.0679,-1.9984,3.507
1.925484,-1.8093,-1.8722,-1.6949,3.107
1.929924,-1.4937,-1.6477,-1.3181,2.585
1.934767,-1.1943,-1.4518,-0.8440,2.061
1.940043,-0.9149,-1.3325,-0.3284,1.649
1.945103,-0.7171,-1.1990,0.1822,1.409
1.950377,-0.5670,-1.1137,0.6223,1.396
1.954990,-0.4739,-1.0623,0.9062,1.475
1.959539,-0.4140,-0.9732,1.0252,1.473
1.964764,-0.3012,-0.9035,1.0072,1.386
1.969703,-0.1879,-0.8772,0.8761,1.254
1.975408,-0.1458,-0.8701,0.6551,1.099
1.979555,-0.0887,-0.7815,0.4485,0.905
1.986494,-0.0021,-0.7309,0.2313,0.767
1.989732,0.0995,-0.6895,0.0510,0.698
1.995435,0.2023,-0.6760,-0.0268,0.706
1.999936,0.2636,-0.6570,-0.0450,0.709
2.004681,0.2501,-0.6467,0.0203,0.694
2.009362,0.3009,-0.5928,0.1506,0.682
2.014518,0.3009,-0.5479,0.3847,0.734
2.019294,0.2595,-0.4693,0.5947,0.801
2.025429,0.2153,-0.4431,0.8042,0.943
2.029773,0.1727,-0.4170,1.0051,1.102
2.034943,0.0976,-0.3720,1.1743,1.236
2.039475,-0.0537,-0.3466,1.2981,1.345
2.044372,-0.2242,-0.3794,1.4253,1.492
2.049416,-0.3862,-0.3317,1.5274,1.610
2.054355,-0.5923,-0.2754,1.5516,1.683
2.059134,-0.7144,-0.2489,1.5125,1.691
2.064228,-0.8249,-0.2666,1.4292,1.672
2.069144,-0.8713,-0.3090,1.2388,1.546
2.074208,-0.8869,-0.3186,0.9022,1.305
2.079185,-0.8623,-0.3525,0.6628,1.143
2.086318,-0.8357,-0.3530,0.4669,1.020
2.089152,-0.7208,-0.3155,0.3958,0.881
2.096572,-0.6129,-0.2734,0.4254,0.795
2.099056,-0.4925,-0.2938,0.4506,0.729
2.104025,-0.3113,-0.2809,0.4907,0.645
2.108877,-0.0781,-0.2156,0.4933,0.544
2.114222,0.1021,-0.2271,0.4583,0.522
2.118952,0.2441,-0.2293,0.4098,0.529
2.123912,0.3007,-0.1741,0.3092,0.465
2.129342,0.3628,-0.1716,0.2619,0.479
2.134135,0.3825,-0.1261,0.2243,0.461
2.138942,0.3217,-0.0806,0.1723,0.374
2.144011,0.2084,-0.0590,0.1825,0.283
2.148799,0.0711,-0.0518,0.2117,0.229
2.154390,-0.0476,-0.0829,0.2553,0.273
2.158859,-0.1624,-0.0950,0.2848,0.341
2.163929,-0.2784,-0.1313,0.4153,0.517
2.168750,-0.3529,-0.1535,0.5178,0.645
2.173822,-0.3765,-0.2095,0.5637,0.710
2.178870,-0.3777,-0.2276,0.6155,0.757
2.185156,-0.3470,-0.2509,0.6013,0.738
2.188684,-0.3079,-0.2555,0.5693,0.696
2.195750,-0.2122,-0.2125,0.5623,0.637
2.198660,-0.1073,-0.1363,0.4651,0.496
2.203861,0.0065,-0.0842,0.3779,0.387
2.211820,0.0775,-0.0944,0.2958,0.320
2.214479,0.1443,-0.0615,0.1946,0.250
2.218521,0.2405,0.0002,0.1221,0.270
2.223608,0.2561,0.0429,0.0253,0.261
2.228771,0.2682,0.0332,-0.0479,0.274
2.233828,0.2763,0.0811,-0.1121,0.309
2.238496,0.2472,0.1244,-0.1722,0.326
2.243533,0.2090,0.1249,-0.2186,0.327
2.248495,0.1475,0.1735,-0.1989,0.302
2.253815,0.1871,0.1888,-0.1559,0.308
2.258871,0.4287,0.1083,0.0595,0.446
2.263564,0.5805,0.0325,0.3427,0.675
2.268389,0.5706,0.0951,0.5266,0.782
2.274003,0.4989,0.2432,0.6546,0.858
2.278433,0.3795,0.3236,0.6211,0.797
2.283882,0.3797,0.3174,0.5605,0.748
2.288874,0.4614,0.2391,0.4533,0.690
2.293335,0.3753,0.1845,0.4382,0.606
2.298212,0.3226,0.1919,0.4432,0.581
2.304782,0.1830,0.2517,0.4013,0.508
2.315674,0.0426,0.2538,0.2497,0.359
2.316093,-0.0269,0.1937,0.0648,0.206
2.318379,0.2629,0.0525,-0.0244,0.269
2.323047,0.4531,0.0886,-0.0660,0.466
2.328183,0.4096,0.2301,-0.0312,0.471
2.333770,0.2038,0.3188,-0.0016,0.378
2.338476,0.0315,0.2352,0.0038,0.237
2.343171,-0.0355,0.0946,-0.0822,0.130
2.348048,-0.0596,-0.0074,-0.1593,0.170
2.353380,-0.1511,0.0009,-0.1650,0.224
2.358402,-0.2286,0.0381,-0.1710,0.288
2.363080,-0.3021,0.0560,-0.0526,0.312
2.367966,-0.3001,-0.0029,0.1189,0.323
2.373147,-0.3325,-0.0764,0.3440,0.485
2.378284,-0.3374,-0.1217,0.5658,0.670
2.383717,-0.3580,-0.1438,0.8043,0.892
2.387872,-0.3605,-0.2096,0.8967,0.989
2.393649,-0.3834,-0.2090,0.8716,0.975
2.397893,-0.4265,-0.1707,0.8103,0.931
2.403114,-0.4229,-0.1758,0.6358,0.784
2.408823,-0.3675,-0.1045,0.4330,0.577
2.412892,-0.3368,0.0004,0.1921,0.388
2.417750,-0.2728,0.0001,-0.0781,0.284
2.422874,-0.1608,0.0627,-0.3164,0.360
2.428057,-0.0383,0.0918,-0.5004,0.510
2.436215,0.0654,0.0928,-0.5999,0.611
2.437973,0.1795,0.1706,-0.6679,0.712
2.446975,0.2945,0.1961,-0.6664,0.755
2.447997,0.3537,0.1841,-0.6102,0.729
2.453314,0.4194,0.1917,-0.5610,0.726
2.457589,0.4581,0.1853,-0.4424,0.663
2.462710,0.4460,0.1699,-0.3021,0.565
2.467515,0.4213,0.1690,-0.2113,0.501
2.472599,0.4073,0.1112,-0.1216,0.439
2.477493,0.3185,0.0634,-0.0091,0.325
2.482763,0.2357,0.0112,0.1026,0.257
2.487459,0.1630,-0.0075,0.2524,0.301
2.492514,0.1334,-0.0169,0.3213,0.348
2.497417,0.0799,-0.0169,0.3479,0.357
2.502551,0.0691,-0.0220,0.3326,0.340
2.507424,0.0198,-0.0463,0.2946,0.299
2.513101,-0.0297,-0.0327,0.2863,0.290
2.517408,-0.0222,0.0045,0.1929,0.194
2.522430,0.0612,0.0890,0.0765,0.132
2.527319,0.0918,0.1586,-0.0587,0.192
2.532362,0.1038,0.1187,-0.2079,0.261
2.537459,0.1165,0.0794,-0.2384,0.277
2.542473,0.0917,0.1168,-0.2700,0.308
2.547377,0.0676,0.1116,-0.2504,0.282
2.552367,0.0680,0.0686,-0.2274,0.247
2.557251,0.0737,0.0263,-0.2055,0.220
2.562405,0.0275,-0.0298,-0.1798,0.184
2.567240,0.0106,-0.0995,-0.0785,0.127
2.572814,-0.0347,-0.1259,-0.0113,0.131
2.577092,-0.1416,-0.1569,0.0174,0.212
2.582319,-0.1913,-0.1783,0.1128,0.285
2.587241,-0.2030,-0.1996,0.1561,0.325
2.592119,-0.2201,-0.1450,0.1663,0.312
2.596951,-0.2472,-0.1337,0.1676,0.327
2.602054,-0.2511,-0.1038,0.1507,0.311
2.606932,-0.2939,-0.1028,0.1395,0.341
2.612345,-0.2563,-0.0497,0.1004,0.280
2.617068,-0.2195,-0.0019,0.0668,0.229
2.622068,-0.1977,0.0787,0.0289,0.215
2.627059,-0.1239,0.1112,-0.0231,0.168
2.633616,-0.0553,0.1007,-0.0701,0.135
2.636882,-0.0343,0.1141,-0.0838,0.146
2.641954,0.0109,0.0990,-0.0408,0.108
2.646965,0.0420,0.0556,0.0160,0.072
2.652075,0.0260,-0.0160,0.0675,0.074
2.656771,0.0438,-0.0299,0.1519,0.161
2.661931,0.0191,-0.0580,0.1644,0.175
2.667075,-0.0335,-0.0954,0.1531,0.183
2.672110,-0.0619,-0.0612,0.1513,0.175
2.677032,-0.0760,-0.0701,0.1399,0.174
2.681798,-0.0806,-0.0551,0.0906,0.133
2.686690,-0.0949,-0.0592,0.0940,0.146
2.692326,-0.1188,-0.0870,0.0734,0.165
2.696623,-0.1573,-0.0671,0.0105,0.171
2.701909,-0.1531,-0.0759,-0.0137,0.171
2.706830,-0.1351,-0.1038,-0.0137,0.171
2.711712,-0.1464,-0.0982,-0.0467,0.182
2.719148,-0.0915,-0.0880,-0.0602,0.140
2.721708,-0.0518,-0.1349,-0.0640,0.158
2.726685,-0.0698,-0.1434,-0.1199,0.200
2.731593,-0.0499,-0.1756,-0.1371,0.228
2.736731,-0.0162,-0.1744,-0.0449,0.181
2.741870,-0.0020,-0.1827,-0.0102,0.183
2.746558,0.0643,-0.2005,-0.0421,0.215
2.752189,0.0589,-0.2277,-0.0640,0.244
2.756403,0.0250,-0.2167,-0.0476,0.223
2.761587,0.0008,-0.1820,-0.0219,0.183
2.766773,0.0385,-0.1381,-0.0631,0.157
2.771503,0.0806,-0.1038,-0.1615,0.208
2.776428,0.0942,-0.1267,-0.2268,0.276
2.781757,0.1035,-0.1678,-0.6877,0.715
2.786510,0.1756,-0.1316,-1.4431,1.460
2.791499,0.2238,-0.0093,-1.1357,1.158
2.796342,0.2099,0.0409,-0.4281,0.479
2.801383,0.2439,-0.0187,-0.0775,0.257
2.806284,0.3068,-0.1019,0.1005,0.339
2.811735,0.3367,-0.1469,0.3406,0.501
2.816814,0.2906,-0.1208,0.5428,0.627
2.821334,0.1640,-0.0527,0.5266,0.554
2.826245,0.0383,0.0098,0.3027,0.305
2.832098,-0.0345,0.0147,0.0715,0.081
2.836695,-0.1023,0.0481,-0.1107,0.158
2.841959,-0.1794,0.1339,-0.2975,0.372
2.846185,-0.1659,0.1720,-0.3989,0.465
