0.004084,0.3318,-0.0159,-0.3357,0.472
0.004318,0.2866,-0.0683,-0.2054,0.359
0.007146,0.3087,-0.0919,-0.1666,0.363
0.013467,0.2073,-0.1296,-0.1049,0.266
0.016206,0.1162,-0.1765,-0.0060,0.211
0.021523,-0.0123,-0.1137,0.0730,0.136
0.027003,-0.1355,-0.1321,0.1513,0.242
0.031197,-0.2059,-0.1076,0.1866,0.298
0.036191,-0.2955,-0.0690,0.2172,0.373
0.041059,-0.3231,-0.0591,0.2909,0.439
0.046328,-0.3652,-0.0825,0.3745,0.530
0.052269,-0.4123,-0.1104,0.5444,0.692
0.056290,-0.4311,-0.1236,0.6240,0.768
0.061144,-0.4359,-0.1177,0.5857,0.740
0.066123,-0.3841,-0.1117,0.5683,0.695
0.071229,-0.5428,-0.3099,0.5285,0.818
0.077170,-0.4634,-0.2308,0.4043,0.657
0.081174,-0.2948,-0.0715,0.2911,0.420
0.086073,-0.2279,-0.0989,0.1549,0.293
0.090964,-0.1283,-0.0833,0.0003,0.153
0.096064,-0.0341,-0.0536,-0.1394,0.153
0.101965,-0.0071,-0.0290,-0.2412,0.243
0.106029,0.0529,0.0334,-0.3339,0.340
0.110974,0.0700,0.0761,-0.3607,0.375
0.115977,0.0966,0.1137,-0.3696,0.399
0.123463,0.1186,0.1271,-0.3368,0.379
0.126546,0.1788,0.0928,-0.2577,0.327
0.131111,0.2152,0.1205,-0.2131,0.326
0.135989,0.2044,0.1432,-0.1314,0.282
0.140711,0.1895,0.1514,-0.1075,0.265
0.146419,0.1182,0.1595,-0.0935,0.219
0.150883,0.0382,0.1533,-0.1224,0.200
0.156091,0.0017,0.1709,-0.1512,0.228
0.160768,-0.0727,0.1740,-0.1754,0.258
0.165883,-0.1515,0.1487,-0.1663,0.270
0.170845,-0.1732,0.0761,-0.1481,0.240
0.176181,-0.1287,0.0848,-0.0636,0.167
0.180872,-0.0517,0.1031,-0.0175,0.117
0.186094,0.0529,0.1022,0.0141,0.116
0.190615,0.1377,0.1109,0.0362,0.180
0.196037,0.1982,0.0767,0.0538,0.219
0.200583,0.2110,0.0856,0.1431,0.269
0.205582,0.2191,0.0992,0.1707,0.295
0.215537,0.1701,0.1317,0.1942,0.290
0.216309,0.1361,0.1498,0.1610,0.259
0.220583,0.1071,0.1677,0.0763,0.213
0.227322,0.1021,0.1617,0.0259,0.193
0.230309,0.1256,0.1700,-0.0479,0.217
0.236040,0.1156,0.1498,-0.1307,0.230
0.240382,0.1484,0.1534,-0.1752,0.276
0.245464,0.1906,0.1760,-0.3054,0.401
0.250421,0.2421,0.1509,-0.3975,0.489
0.256091,0.2747,0.1163,-0.4091,0.506
0.261037,0.2935,0.1248,-0.3976,0.510
0.265536,0.3316,0.1284,-0.2678,0.445
0.270307,0.3416,0.0939,-0.1820,0.398
0.275585,0.3333,0.1024,-0.1444,0.377
0.280771,0.3162,0.0727,-0.1360,0.352
0.285952,0.2472,0.0148,-0.1613,0.296
0.290343,0.1363,-0.0094,-0.2012,0.243
0.295348,0.0356,-0.0477,-0.2697,0.276
0.300403,-0.0313,-0.0667,-0.3050,0.314
0.305894,-0.0790,-0.0664,-0.2931,0.311
0.314966,-0.0886,-0.0900,-0.2916,0.318
0.315331,-0.0842,-0.0468,-0.2383,0.257
0.320193,0.0440,-0.0373,-0.2481,0.255
0.325241,0.1859,-0.0468,-0.2822,0.341
0.330684,0.2750,-0.0517,-0.2881,0.402
0.335120,0.3262,-0.0328,-0.2755,0.428
0.340287,0.3305,0.0097,-0.2592,0.420
0.345067,0.2738,0.0422,-0.3244,0.427
0.349965,0.2278,0.0316,-0.4472,0.503
0.355443,0.1684,0.0116,-0.4748,0.504
0.360914,0.0671,-0.0130,-0.5078,0.512
0.364969,-0.0618,-0.0042,-0.5174,0.521
0.369884,-0.1993,-0.0382,-0.4421,0.486
0.374936,-0.3550,-0.0338,-0.3105,0.473
0.380138,-0.3723,-0.0578,-0.1323,0.399
0.384958,-0.2949,-0.0959,0.0308,0.312
0.390077,-0.2232,-0.0908,0.1508,0.284
0.394825,-0.2189,-0.1331,0.2142,0.334
0.399824,-0.2148,-0.1134,0.3495,0.426
0.405444,-0.2538,-0.0889,0.5569,0.618
0.411901,-0.3076,-0.0836,0.7220,0.789
0.414937,-0.3853,-0.1020,0.8166,0.909
0.422662,-0.4539,-0.1344,0.8508,0.974
0.424965,-0.5232,-0.1284,0.8726,1.026
0.430069,-0.6316,-0.0986,0.9055,1.108
0.434746,-0.6456,-0.0500,0.9304,1.133
0.439683,-0.5420,-0.0919,0.9328,1.083
0.444658,-0.4309,-0.0954,0.8891,0.993
0.449587,-0.3214,-0.1321,0.8135,0.885
0.454894,-0.2085,-0.1637,0.6867,0.736
0.459929,-0.1635,-0.2283,0.5946,0.658
0.464580,-0.1621,-0.2923,0.4792,0.584
0.469521,-0.2088,-0.3034,0.3455,0.505
0.474559,-0.3035,-0.3144,0.2552,0.506
0.479799,-0.3697,-0.3965,0.1747,0.570
0.485125,-0.4075,-0.4873,0.1227,0.647
0.489479,-0.4702,-0.5583,0.0324,0.731
0.494511,-0.5101,-0.6143,0.0085,0.799
0.499575,-0.6179,-0.7077,-0.0017,0.939
0.504665,-0.6885,-0.7479,-0.0029,1.017
0.511858,-0.8225,-0.7400,0.0620,1.108
0.514509,-0.9628,-0.7368,0.1265,1.219
0.520953,-1.0578,-0.7569,0.2099,1.318
0.524390,-1.1123,-0.8289,0.3409,1.428
0.529597,-1.0790,-0.9237,0.4581,1.492
0.534608,-0.4779,-1.2313,0.3570,1.368
0.539765,-0.6916,-1.0656,0.1347,1.277
0.544295,-1.5337,-0.7441,0.4777,1.770
0.549132,-2.0754,-0.7381,0.9216,2.388
0.554361,-2.2527,-0.9073,1.1098,2.670
0.559803,-2.3942,-1.0574,1.1474,2.858
0.564320,-2.4417,-1.2253,1.1473,2.963
0.569111,-2.4624,-1.3772,1.1956,3.064
0.574253,-2.5033,-1.4270,1.2347,3.135
0.579894,-2.5424,-1.4844,1.3231,3.228
0.584842,-2.4684,-1.5013,1.5469,3.277
0.589043,-2.4967,-1.4106,1.8493,3.412
0.594099,-2.3346,-1.3222,2.1546,3.441
0.599635,-1.9911,-1.2454,2.3874,3.349
0.604593,-1.6506,-1.2330,2.5760,3.299
0.611875,-1.3913,-1.1597,2.6841,3.238
0.614096,-1.0243,-0.9729,2.6294,2.985
0.620750,-0.4335,-0.8164,2.3101,2.488
0.623969,0.2820,-0.7335,1.7152,1.887
0.629409,0.8173,-0.6383,1.1301,1.534
0.634832,1.2508,-0.5507,0.6282,1.504
0.638852,1.6477,-0.4460,0.2150,1.720
0.643913,2.0432,-0.2485,0.0031,2.058
0.648781,2.4570,0.0027,-0.1571,2.462
0.654007,2.9475,0.2976,-0.3720,2.986
0.659887,3.3765,0.4822,-0.5753,3.459
0.664115,3.7311,0.6370,-0.7830,3.865
0.668975,3.9622,0.9396,-0.9739,4.187
0.673784,4.1761,1.3167,-1.2459,4.553
0.679029,4.4205,1.6337,-1.6818,5.004
0.685192,4.6811,1.7416,-2.1970,5.456
0.688785,4.9004,1.7929,-2.6585,5.856
0.693696,5.1130,1.8776,-2.9288,6.184
0.698692,5.3039,2.0244,-3.1309,6.483
0.704138,5.4642,2.1990,-3.2803,6.742
0.711748,5.5176,2.3434,-3.5114,6.947
0.714078,5.5263,2.3761,-3.7958,7.113
0.720630,5.4327,2.4261,-4.0569,7.201
0.723692,5.3612,2.5365,-4.1564,7.242
0.729034,5.3455,2.5589,-4.1226,7.219
0.733413,5.4624,2.4024,-4.1133,7.248
0.738465,5.3912,2.3450,-4.1907,7.220
0.743820,5.1508,2.2481,-4.1873,7.008
0.748426,4.8944,2.2413,-4.0793,6.754
0.753489,4.8607,2.1482,-3.8418,6.557
0.758432,4.8687,1.9496,-3.6769,6.405
0.763615,4.7742,1.7133,-3.5647,6.200
0.768455,4.6251,1.4783,-3.4425,5.952
0.773455,4.3830,1.2691,-3.2819,5.621
0.778953,4.1194,1.0050,-3.0586,5.228
0.783533,3.8091,0.8071,-2.9096,4.861
0.788242,3.5640,0.5600,-2.7647,4.545
0.793568,3.2347,0.2364,-2.5883,4.150
0.798372,2.8118,-0.1200,-2.4751,3.748
0.803398,2.3716,-0.4268,-2.4046,3.404
0.808218,1.8949,-0.6837,-2.2754,3.039
0.813342,1.3659,-0.9279,-2.1520,2.713
0.822055,0.7573,-1.1884,-2.0739,2.507
0.823111,0.1677,-1.4833,-2.0151,2.508
0.828192,-0.4755,-1.7789,-2.0614,2.764
0.833010,-1.1591,-2.0603,-2.2506,3.264
0.838757,-1.7893,-2.3130,-2.5880,3.905
0.843442,-2.4020,-2.6850,-2.8861,4.616
0.848129,-2.8425,-3.0953,-3.1479,5.251
0.853188,-3.3809,-3.4622,-3.4108,5.920
0.858292,-4.0183,-3.7954,-3.5262,6.556
0.863203,-4.6028,-4.1236,-3.4554,7.080
0.868011,-5.1928,-4.3417,-3.2842,7.523
0.873054,-5.5653,-4.8424,-3.4131,8.128
0.878007,-6.8452,-4.4391,-3.2734,8.791
0.883175,-8.0220,-4.2049,-2.7338,9.461
0.887987,-8.6199,-4.4657,-2.3774,9.995
0.893081,-8.6591,-4.9247,-1.9195,10.145
0.898469,-8.5711,-5.1280,-1.2576,10.067
0.903187,-8.6110,-5.0147,-0.6897,9.989
0.908193,-8.8175,-4.7965,0.2782,10.042
0.917203,-9.0251,-4.5651,0.7089,10.139
0.918279,-9.2736,-4.5650,1.0168,10.386
0.923040,-9.3051,-4.9638,1.1659,10.611
0.927705,-9.8155,-5.2207,1.6466,11.239
0.932636,-10.5283,-5.3021,2.1124,11.976
0.937818,-11.1935,-5.4280,2.4940,12.688
0.942670,-11.7440,-5.6257,2.7748,13.314
0.947779,-12.0505,-6.1234,2.8911,13.823
0.952804,-12.2407,-6.8131,3.0374,14.335
0.958360,-12.3073,-7.6826,3.3229,14.884
0.962685,-12.1298,-8.6424,3.4614,15.291
0.967519,-11.7272,-9.4923,3.4441,15.476
0.972768,-11.2878,-10.3388,3.2946,15.658
0.977487,-10.9294,-10.8956,2.8592,15.695
0.982693,-10.5402,-11.2645,1.9921,15.555
0.987737,-9.7835,-11.4712,0.6494,15.091
0.992688,-8.5414,-11.4151,-1.2143,14.309
0.997555,-6.6131,-10.8455,-3.6662,13.221
1.002505,-3.8587,-9.8637,-6.5476,12.452
1.007611,-0.4113,-8.4385,-9.4529,12.678
1.012675,3.3875,-6.1442,-12.0528,13.946
1.018814,7.9599,-3.6867,-14.0885,16.596
1.022484,13.7294,-1.3637,-16.2069,21.284
1.027598,19.6081,0.9152,-17.8480,26.530
1.032495,25.1295,2.8872,-18.8110,31.523
1.037480,29.7950,4.3615,-18.9321,35.570
1.046039,32.8029,5.3570,-18.5703,38.073
1.047559,33.7555,6.2415,-17.7612,38.650
1.053191,32.6777,7.0380,-16.6666,37.352
1.057224,29.9663,7.5137,-15.2584,34.457
1.062292,26.4874,7.3486,-13.5140,30.630
1.067824,23.2454,6.4574,-11.4303,26.696
1.072359,20.0499,5.2821,-8.0947,22.258
1.077728,16.1035,4.3930,-4.4294,17.270
1.082248,12.9663,3.0721,-3.2730,13.721
1.087566,10.9214,1.6899,-2.1141,11.252
1.095939,9.1247,0.3950,-0.6375,9.155
1.097095,7.1967,-1.0110,-0.1067,7.268
1.102146,5.4144,-2.6171,-0.3439,6.024
1.107357,3.2399,-3.6129,-0.7846,4.916
1.112463,-0.1669,-3.5796,-0.8514,3.683
1.120823,-2.8290,-4.3471,-1.4748,5.392
1.122171,-5.1944,-5.6740,-2.0546,7.962
1.126995,-8.2289,-6.7363,-2.1807,10.856
1.132177,-11.5506,-7.6540,-1.9221,13.989
1.137294,-15.1132,-8.3283,-1.1899,17.297
1.143156,-20.0501,-7.6420,0.8842,21.475
1.146934,-25.1045,-7.3377,2.7082,26.295
1.154498,-29.1107,-7.5866,5.5676,30.594
1.157000,-31.2079,-8.1867,8.7448,33.428
1.167697,-32.3194,-8.7388,11.1228,35.279
1.168615,-33.2167,-9.0329,13.2178,36.873
1.171852,-31.5889,-10.4778,14.0555,36.128
1.177415,-28.1708,-12.5933,13.2475,33.581
1.181976,-24.4412,-14.4866,11.0714,30.493
1.186830,-20.5848,-16.1747,7.9676,27.365
1.192515,-16.8992,-17.4987,4.4678,24.734
1.196709,-13.8626,-18.0244,0.9012,22.757
1.201806,-11.4575,-17.6802,-2.7669,21.249
1.206788,-9.1503,-15.7627,-6.9541,19.508
1.211732,-5.8657,-13.1849,-12.0258,18.785
1.218641,-1.1245,-11.3561,-17.2996,20.724
1.221604,3.6507,-9.4368,-21.2983,23.580
1.227857,8.2726,-7.3339,-22.8715,25.403
1.231629,13.8660,-5.8734,-22.6151,27.170
1.236567,18.2591,-3.6391,-21.6227,28.534
1.241620,21.0752,-0.8870,-19.9028,29.001
1.246560,22.6424,1.8443,-18.0749,29.031
1.251691,23.3442,4.0146,-16.6840,28.973
1.256575,23.6726,5.4676,-15.6215,28.885
1.262447,23.8318,6.0918,-14.7317,28.672
1.266542,23.5762,6.1396,-13.6223,27.912
1.271753,22.6855,5.9749,-12.0841,26.389
1.277817,21.2978,5.8189,-9.9749,24.227
1.281546,19.5600,5.7788,-6.4139,21.381
1.286355,17.4581,6.2530,-2.1879,18.673
1.292467,16.5101,5.9054,-0.7726,17.551
1.296282,16.1199,4.8704,0.6259,16.851
1.301376,15.0057,3.8115,2.4309,15.672
1.306336,13.1297,2.9697,3.0512,13.803
1.311625,11.2182,2.3897,2.9104,11.833
1.316473,9.2940,1.7898,2.5603,9.805
1.322142,7.1436,0.9667,1.9074,7.457
1.326184,5.3758,-0.4293,0.7138,5.440
1.331710,2.7562,-0.7874,-0.0040,2.866
1.336156,0.4443,-1.0734,-0.2876,1.197
1.341226,-0.9453,-1.8706,-0.6578,2.197
1.346183,-1.8790,-2.7525,-0.6725,3.400
1.351163,-2.4461,-3.6088,-0.6164,4.403
1.356235,-2.9995,-4.4216,-0.5572,5.372
1.361276,-3.8737,-4.8030,-0.3150,6.178
1.366078,-4.7083,-5.0266,0.0442,6.887
1.371232,-5.2964,-5.5333,0.0370,7.660
1.376171,-5.9712,-6.0747,-0.1892,8.520
1.381245,-6.7897,-6.1349,-0.2803,9.155
1.386007,-7.4406,-5.8112,-0.2241,9.444
1.391227,-7.6016,-5.4641,-0.3134,9.367
1.396022,-7.7282,-5.0611,-0.5738,9.256
1.401007,-7.8154,-4.6176,-0.9835,9.131
1.405965,-7.4132,-4.4644,-1.4826,8.780
1.411038,-6.9239,-4.5107,-1.8577,8.470
1.416152,-6.6029,-4.4123,-2.0533,8.203
1.421967,-6.2872,-4.0550,-2.1611,7.787
1.425712,-5.8513,-3.6690,-2.0621,7.208
1.430744,-5.2696,-3.4794,-1.8001,6.566
1.435828,-4.4491,-3.3953,-1.4422,5.780
1.440707,-3.5748,-3.3354,-1.1024,5.012
1.445711,-2.9122,-3.2902,-0.7851,4.463
1.450918,-2.4168,-3.1543,-0.5380,4.010
1.455806,-2.0493,-3.0429,-0.3992,3.690
1.460844,-1.8232,-2.9365,-0.3450,3.474
1.465581,-1.7045,-2.8832,-0.3469,3.367
1.470787,-1.7313,-2.7295,-0.4248,3.260
1.475823,-1.7359,-2.6047,-0.6082,3.189
1.480796,-1.6943,-2.4752,-0.8115,3.107
1.485939,-1.5967,-2.3744,-1.0117,3.035
1.490662,-1.5000,-2.3452,-1.1183,3.000
1.495703,-1.4230,-2.2343,-1.1124,2.873
1.500851,-1.4042,-2.1042,-1.0130,2.725
1.505903,-1.4099,-2.0169,-0.8824,2.614
1.510620,-1.4977,-1.9392,-0.6818,2.543
1.515771,-1.7639,-1.8327,-0.5016,2.593
1.520700,-2.1087,-1.6833,-0.2408,2.709
1.530233,-2.4467,-1.5151,0.0867,2.879
1.530675,-2.6878,-1.4336,0.4674,3.082
1.535392,-2.9523,-1.3670,0.7920,3.348
1.540509,-3.2990,-1.2821,0.9750,3.671
1.545409,-3.7000,-1.2843,1.1127,4.072
1.550682,-4.0561,-1.3352,1.1861,4.432
1.555568,-4.4684,-1.4828,1.3157,4.888
1.560315,-5.0480,-1.6122,1.4452,5.493
1.565343,-5.7585,-1.6806,1.6235,6.215
1.570289,-6.3862,-1.8412,1.9281,6.920
1.575665,-7.1343,-2.0700,2.1501,7.733
1.580301,-8.0382,-2.4577,2.1906,8.686
1.585140,-9.1286,-3.0036,2.1617,9.850
1.590168,-10.4358,-3.6832,2.1276,11.269
1.595338,-11.9695,-4.3708,2.1204,12.918
1.600657,-13.4738,-5.1082,2.3392,14.598
1.605426,-14.9367,-6.0368,2.5681,16.314
1.610194,-16.0959,-7.1344,2.7356,17.817
1.615131,-16.6538,-8.5313,2.9336,18.940
1.620322,-16.8588,-10.0654,2.9220,19.851
1.632452,-16.8585,-11.8031,2.7860,20.767
1.632907,-16.7357,-13.4566,2.4327,21.612
1.638336,-16.1945,-14.9532,1.7686,22.113
1.640108,-15.0569,-16.2213,0.6392,22.142
1.644934,-13.7902,-16.9272,-1.2958,21.872
1.650186,-12.3152,-17.1433,-4.0357,21.491
1.655074,-10.3501,-17.1700,-7.0653,21.257
1.660229,-7.8673,-16.6396,-10.0094,20.951
1.664935,-4.4517,-15.2927,-12.8640,20.474
1.670058,-0.3152,-13.0503,-15.7614,20.465
1.675361,4.5753,-10.2575,-18.0711,21.277
1.680240,11.8084,-8.1082,-20.6245,25.111
1.687672,18.9933,-5.0712,-22.9886,30.248
1.689931,25.8835,-1.5012,-24.4676,35.649
1.696855,32.2169,1.6399,-25.3044,40.999
1.703496,37.5495,3.7682,-25.5039,45.548
1.704767,40.6815,4.9100,-25.0193,48.011
1.709817,40.5118,5.3205,-23.5727,47.172
1.714711,37.6721,5.6911,-20.6486,43.335
1.719922,33.3768,6.1961,-16.5960,37.787
1.726632,28.8250,6.2913,-11.9961,31.849
1.730055,24.8113,5.5931,-7.9414,26.645
1.735203,20.8960,4.7825,-4.8938,21.988
1.739784,16.7214,4.2369,-2.8284,17.480
1.744539,12.8317,3.7183,-1.7422,13.473
1.750136,9.4707,3.0303,-1.3425,10.034
1.754769,6.7435,2.1990,-0.9586,7.158
1.759588,5.1587,0.8374,-0.9593,5.314
1.764553,2.9071,0.5117,-0.5172,2.997
1.770153,0.4762,0.5301,-0.1383,0.726
1.775733,-1.2553,-0.0185,-0.4299,1.327
1.779940,-2.3868,-1.1279,-0.6820,2.727
1.784466,-3.3707,-2.1326,-0.9332,4.096
1.789819,-4.2088,-3.0139,-1.2502,5.325
1.794858,-5.0131,-3.6622,-1.4744,6.381
1.800939,-5.8444,-3.9337,-1.4798,7.199
1.805082,-6.4685,-4.1510,-1.3686,7.807
1.809426,-6.6775,-4.7307,-1.4274,8.307
1.814722,-6.7642,-5.3622,-1.4548,8.754
1.819591,-6.8731,-5.6445,-1.2918,8.987
1.824949,-6.7941,-5.8945,-1.3017,9.088
1.829844,-6.5473,-5.9028,-1.6093,8.961
1.834189,-7.2531,-5.0051,-1.2626,8.902
1.839482,-7.4104,-4.6574,-1.3341,8.854
1.844906,-7.0385,-4.6352,-1.5666,8.572
1.849308,-6.4912,-4.6516,-1.6172,8.148
1.854254,-6.0745,-4.4778,-1.6695,7.729
1.859796,-5.6924,-4.0617,-1.7013,7.197
1.864149,-5.1909,-3.6242,-1.7865,6.578
1.869738,-4.6030,-3.2566,-1.9221,5.957
1.874209,-4.0376,-3.0167,-2.0522,5.442
1.879728,-3.4650,-2.6990,-2.0969,4.867
1.884637,-2.8360,-2.2942,-2.1052,4.212
1.889361,-2.1737,-1.9654,-2.1454,3.632
1.894908,-1.6299,-1.7318,-2.1612,3.214
1.899469,-1.1556,-1.5026,-2.0669,2.805
1.904542,-0.7591,-1.3641,-1.9919,2.531
1.910973,-0.4157,-1.1775,-1.8646,2.244
1.914058,-0.1539,-0.9522,-1.6946,1.950
1.919483,0.1416,-0.7172,-1.4719,1.643
1.923905,0.4621,-0.5681,-1.2881,1.482
1.929496,0.7555,-0.5144,-1.1379,1.460
1.933786,0.9265,-0.5081,-1.0503,1.490
1.938988,1.0664,-0.4724,-0.9151,1.483
1.943958,1.0991,-0.4552,-0.7990,1.433
1.949573,1.0722,-0.3845,-0.6870,1.330
1.954137,0.9718,-0.3129,-0.5029,1.138
1.959216,0.9129,-0.3887,-0.3655,1.057
1.963845,0.8282,-0.4967,-0.2209,0.991
1.969373,0.7273,-0.5844,-0.0159,0.933
1.973845,0.5094,-0.6996,0.1548,0.879
1.979780,0.3126,-0.7275,0.3117,0.851
1.984367,0.1565,-0.6489,0.4257,0.792
1.988804,-0.0218,-0.6077,0.3974,0.726
1.993925,-0.1506,-0.6039,0.3519,0.715
1.998768,-0.3025,-0.6375,0.2892,0.763
2.004182,-0.4344,-0.6703,0.2339,0.832
2.011395,-0.5709,-0.6067,0.2444,0.868
2.013597,-0.6542,-0.5617,0.2146,0.889
2.021407,-0.7374,-0.4829,0.1356,0.892
2.023905,-0.7876,-0.4373,0.0886,0.905
2.029209,-0.8045,-0.4199,-0.0899,0.912
2.033439,-0.7863,-0.5166,-0.4926,1.062
2.039121,-0.6985,-0.9560,-1.8607,2.205
2.043579,-0.8299,-1.1578,-2.4287,2.816
2.048604,-1.3913,-0.7643,-1.5367,2.209
2.053477,-1.8940,-0.0828,-0.6535,2.005
2.058592,-1.7816,0.3311,-0.0089,1.812
2.063775,-1.4200,0.2717,0.3733,1.493
2.068462,-1.0515,-0.1851,0.4289,1.151
2.073650,-0.6946,-0.5509,0.5035,1.020
2.078586,-0.4892,-0.6782,0.7417,1.118
2.084185,-0.4404,-0.6439,1.1577,1.396
2.088864,-0.5729,-0.6209,1.6036,1.813
2.093362,-0.7191,-0.6240,1.7975,2.034
2.099365,-0.7981,-0.6917,1.8790,2.155
2.103770,-0.8672,-0.7328,1.8664,2.185
2.111457,-0.9410,-0.7857,1.8218,2.196
2.113179,-1.0483,-0.7737,1.8404,2.255
2.118341,-1.1510,-0.7447,1.8982,2.341
2.123198,-1.1915,-0.6891,1.9040,2.349
2.128485,-1.1794,-0.5687,1.8480,2.265
2.133456,-1.0808,-0.4598,1.6815,2.051
2.138405,-0.9286,-0.3762,1.4421,1.756
2.143168,-0.7456,-0.3081,1.1002,1.364
2.148144,-0.5456,-0.2357,0.7743,0.976
2.153214,-0.3803,-0.2257,0.4780,0.651
2.158982,-0.2872,-0.1628,0.1911,0.381
2.163650,-0.1366,-0.0899,0.0184,0.165
2.168170,-0.0334,-0.0644,-0.0789,0.107
2.173328,0.0706,-0.0621,-0.0819,0.125
2.178499,0.1563,-0.0687,-0.0386,0.175
2.183044,0.2480,-0.0604,0.0607,0.262
2.188313,0.3172,-0.0709,0.2450,0.407
2.193181,0.4022,-0.0333,0.4142,0.578
2.198097,0.3786,-0.0292,0.5878,0.700
2.203860,0.4089,-0.0253,0.7375,0.844
2.208523,0.4261,-0.0121,0.8589,0.959
2.212805,0.4442,-0.0328,1.0001,1.095
2.220413,0.4299,-0.0252,1.1087,1.189
2.222836,0.4161,0.0392,1.1034,1.180
2.231708,0.4266,0.1079,1.0369,1.126
2.232979,0.4523,0.1907,0.9085,1.033
2.237831,0.4115,0.2493,0.7233,0.869
2.242636,0.3667,0.2505,0.5046,0.672
2.247820,0.3848,0.3283,0.3718,0.628
2.253068,0.3795,0.3586,0.2959,0.600
2.258756,0.3939,0.4177,0.2289,0.618
2.262876,0.3991,0.4292,0.2142,0.624
2.268177,0.3568,0.3690,0.2326,0.564
2.272756,0.3099,0.3422,0.2992,0.550
2.284400,0.2964,0.2961,0.3614,0.553
2.289380,0.2637,0.2498,0.4148,0.551
2.289663,0.5906,0.1357,0.5797,0.839
2.292654,1.3933,-0.0847,0.9956,1.715
2.297568,1.8536,-0.0383,1.0837,2.147
2.302831,1.9049,0.1406,1.1025,2.205
2.308743,1.6421,0.4377,1.0903,2.019
2.312798,1.2268,0.6426,0.9174,1.661
2.317662,1.2095,0.5312,0.4629,1.400
2.322516,1.1930,0.3723,0.0085,1.250
2.328472,0.9190,0.3098,-0.2598,1.004
2.336009,0.8278,0.3244,-0.4765,1.009
2.338067,0.5787,0.3399,-0.5416,0.862
2.342062,0.2863,0.2937,-0.4308,0.595
2.347426,0.1897,0.1237,-0.3212,0.393
2.352268,0.0682,0.0499,-0.2458,0.260
2.358288,-0.0639,-0.0429,-0.1656,0.183
2.362152,-0.2357,-0.0878,-0.0469,0.256
2.367316,-0.3423,-0.1569,0.0966,0.389
2.372142,-0.4078,-0.1928,0.1934,0.491
2.378083,-0.5139,-0.2581,0.2822,0.641
2.382300,-0.6078,-0.3719,0.4212,0.828
2.387773,-0.5890,-0.4340,0.5386,0.908
2.392828,-0.5723,-0.4252,0.6442,0.961
2.397582,-0.5671,-0.4318,0.8243,1.090
2.403027,-0.5394,-0.4873,0.9162,1.170
2.407589,-0.4459,-0.5341,0.9003,1.138
2.412224,-0.3868,-0.5528,0.8385,1.076
2.419171,-0.3281,-0.5002,0.7592,0.967
2.421973,-0.2792,-0.3665,0.6234,0.775
2.427143,-0.1825,-0.2711,0.4876,0.587
2.431722,-0.0328,-0.1803,0.3418,0.388
2.436889,0.0121,-0.1082,0.1615,0.195
2.441772,0.0673,-0.0355,0.0707,0.104
2.446840,0.0996,-0.0244,-0.0312,0.107
2.451942,0.1426,0.0448,-0.1110,0.186
2.457028,0.1723,0.1339,-0.2120,0.304
2.461852,0.1839,0.1613,-0.2618,0.358
2.466923,0.1148,0.1892,-0.2797,0.357
2.472771,0.0610,0.2416,-0.3229,0.408
2.477355,0.0174,0.2418,-0.3389,0.417
2.481753,0.0365,0.2234,-0.3371,0.406
2.486782,-0.0111,0.2532,-0.2695,0.370
2.491909,-0.0632,0.2020,-0.2218,0.307
2.497505,-0.1006,0.1845,-0.1939,0.286
2.501681,-0.1523,0.1720,-0.1186,0.259
2.507231,-0.2041,0.1406,-0.0343,0.250
2.511646,-0.1889,0.0997,0.0499,0.219
2.519450,-0.2171,0.0732,0.1052,0.252
2.521704,-0.1546,0.1184,0.1559,0.249
2.530202,-0.1687,0.0727,0.1877,0.263
2.531599,-0.1877,0.0459,0.2485,0.315
2.536456,-0.2357,0.0669,0.3242,0.406
2.541573,-0.2314,0.0255,0.3909,0.455
2.546495,-0.2033,-0.0209,0.3769,0.429
2.551565,-0.1610,0.0091,0.3301,0.367
2.556426,-0.1381,0.0581,0.3124,0.346
2.561396,-0.1726,0.0400,0.2230,0.285
2.566488,-0.1543,0.0412,0.1241,0.202
2.571471,-0.0925,0.0663,0.0681,0.133
2.576416,-0.1214,0.0964,-0.0125,0.155
2.581717,-0.1118,0.1171,-0.0742,0.178
2.587635,-0.0444,0.1141,-0.1224,0.173
2.592994,-0.0005,0.0635,-0.1520,0.165
2.597143,-0.0329,0.0944,-0.2012,0.225
2.601415,-0.0458,0.0680,-0.2222,0.237
2.606896,-0.0396,0.0754,-0.2149,0.231
2.612069,-0.1005,0.0637,-0.1552,0.196
2.620314,-0.1667,0.0663,-0.0714,0.193
2.621309,-0.1809,0.0114,0.0223,0.183
2.628768,-0.1913,0.0140,0.1259,0.229
2.631122,-0.2312,0.0259,0.1393,0.271
2.636176,-0.2480,0.0042,0.1868,0.311
2.641399,-0.2323,-0.0081,0.2543,0.345
2.646193,-0.2177,0.0464,0.2937,0.369
2.651161,-0.0507,0.0002,0.5063,0.509
2.656240,0.0815,0.0683,0.5098,0.521
2.660964,0.1315,0.1122,0.2612,0.313
2.666531,0.0769,0.2050,0.0952,0.239
2.671964,-0.1505,0.3461,-0.0956,0.389
2.676184,-0.0717,0.2578,-0.2302,0.353
2.681270,0.1175,0.1272,-0.3186,0.363
2.686093,0.1972,0.1122,-0.4280,0.484
2.691371,0.1301,0.1510,-1.3309,1.346
2.696608,0.0840,0.2058,-2.1953,2.207
2.700849,0.0816,0.1948,-1.2824,1.300
2.706225,0.0506,0.0932,-0.3383,0.354
2.712335,0.1157,0.0013,0.0115,0.116
2.717942,0.2486,-0.0908,0.0839,0.278
2.724380,0.3443,-0.1545,0.1141,0.394
2.725874,0.3642,-0.1277,0.2364,0.453
2.730788,0.3076,-0.0918,0.4365,0.542
2.735897,0.3612,0.0198,0.6767,0.767
2.741208,0.5106,0.1545,0.7418,0.914
2.745719,0.4304,0.2548,0.5551,0.747
2.750772,0.4659,0.2446,0.3504,0.632
2.755935,0.5548,0.2104,0.1747,0.619
2.760750,0.5058,0.2242,-0.1403,0.571
2.766274,0.4434,0.4059,-0.3273,0.684
2.770596,0.7894,0.5494,-0.2524,0.994
2.775961,0.7395,0.5543,-0.2223,0.951
2.780576,0.6574,0.5119,-0.1940,0.855
2.786430,0.6920,0.4410,-0.1193,0.829
2.791647,0.8107,0.4324,0.1749,0.935
