0.002227,0.0322,0.0636,-0.5681,0.573
0.002460,0.0657,0.1397,-0.5754,0.596
0.006256,0.0660,0.1585,-0.4556,0.487
0.011385,0.1046,0.1488,-0.3092,0.359
0.016206,0.1198,0.1203,-0.1695,0.240
0.021094,0.1353,0.0826,-0.0978,0.186
0.026110,0.1227,0.0500,-0.0555,0.144
0.031257,0.0962,0.0462,-0.0565,0.121
0.036185,0.0369,0.0378,-0.0910,0.105
0.041228,0.0307,0.0438,-0.1305,0.141
0.046032,0.3534,-0.1116,-0.1991,0.421
0.051006,0.3850,0.1051,-0.4060,0.569
0.056168,0.2220,0.2489,-0.4363,0.549
0.066457,0.2031,0.2443,-0.2529,0.406
0.066863,0.2278,0.1543,-0.1189,0.300
0.071029,0.2717,0.0602,-0.0096,0.279
0.076199,0.3015,0.0096,0.1086,0.321
0.081341,0.2744,0.0068,0.2170,0.350
0.086049,0.2382,0.0321,0.2543,0.350
0.090982,0.1929,0.0095,0.2495,0.316
0.095916,0.1196,-0.0178,0.2550,0.282
0.101123,0.1036,-0.0165,0.2039,0.229
0.106076,0.0163,-0.0154,0.1442,0.146
0.111393,-0.0278,-0.0191,0.0712,0.079
0.115994,-0.0909,-0.0085,0.0418,0.100
0.121058,-0.1066,-0.0503,0.0603,0.132
0.125800,-0.1558,-0.0062,0.0929,0.182
0.131015,-0.1862,-0.0052,0.1067,0.215
0.136351,-0.1834,-0.0187,0.1397,0.231
0.140944,-0.1952,-0.0368,0.2013,0.283
0.145723,-0.2075,-0.0264,0.1916,0.284
0.150729,-0.2391,-0.0019,0.1825,0.301
0.155988,-0.2375,-0.0252,0.1929,0.307
0.166546,-0.2270,-0.0484,0.1703,0.288
0.166944,-0.2313,-0.0240,0.1437,0.273
0.170628,-0.2408,-0.0569,0.1556,0.292
0.175793,-0.2271,-0.0516,0.1203,0.262
0.180595,-0.2046,-0.0654,0.0858,0.231
0.186335,-0.1876,-0.0745,0.0853,0.219
0.190647,-0.1665,-0.0884,0.0948,0.211
0.195531,-0.0935,-0.0975,0.0858,0.160
0.200686,-0.0403,-0.1209,0.0533,0.138
0.205615,-0.0162,-0.1251,-0.0071,0.126
0.211306,-0.0064,-0.1389,-0.0051,0.139
0.215553,-0.0155,-0.0907,-0.0651,0.113
0.220404,-0.0149,-0.1426,-0.1153,0.184
0.225397,-0.0236,-0.1086,-0.1606,0.195
0.230486,-0.0890,-0.1080,-0.2249,0.265
0.236346,-0.1252,-0.0930,-0.2559,0.300
0.240602,-0.1231,-0.1112,-0.2967,0.340
0.245317,-0.1493,-0.0721,-0.3236,0.364
0.250268,-0.1469,-0.0712,-0.3221,0.361
0.255498,-0.1967,-0.0607,-0.2973,0.362
0.265905,-0.2082,-0.0265,-0.2681,0.341
0.266291,-0.2055,-0.0115,-0.2584,0.330
0.270273,-0.2078,0.0129,-0.2299,0.310
0.275269,-0.1911,0.0324,-0.2065,0.283
0.280251,-0.1842,0.0517,-0.2261,0.296
0.285639,-0.1678,0.0852,-0.1933,0.270
0.290237,-0.1613,0.0139,-0.1801,0.242
0.295127,-0.1262,-0.0424,-0.1672,0.214
0.300071,-0.1580,-0.0080,-0.1736,0.235
0.305089,-0.1418,-0.0356,-0.1420,0.204
0.311275,-0.1448,-0.0439,-0.1251,0.196
0.315164,-0.1238,-0.0473,-0.0897,0.160
0.320015,-0.1312,-0.0602,-0.0689,0.160
0.325080,-0.1430,-0.0539,-0.1006,0.183
0.330020,-0.1640,-0.0192,-0.1320,0.211
0.336210,-0.2036,-0.0228,-0.1159,0.235
0.340370,-0.1999,-0.0073,-0.1188,0.233
0.345035,-0.2152,0.0033,-0.1315,0.252
0.349937,-0.2303,-0.0051,-0.1157,0.258
0.354932,-0.2309,0.0008,-0.1001,0.252
0.359879,-0.2553,0.0115,-0.0800,0.268
0.365235,-0.2319,0.0031,-0.0554,0.238
0.369785,-0.2373,0.0185,-0.0216,0.239
0.374851,-0.2573,0.0196,0.0503,0.263
0.379710,-0.2442,0.0110,0.0694,0.254
0.385312,-0.2221,-0.0022,0.0743,0.234
0.389926,-0.2195,-0.0201,0.0841,0.236
0.394818,-0.2126,-0.0189,0.1178,0.244
0.399733,-0.1824,-0.0606,0.1181,0.226
0.404837,-0.1766,-0.0353,0.1518,0.236
0.409671,-0.1521,-0.0341,0.1523,0.218
0.414805,-0.1280,-0.0426,0.1532,0.204
0.419661,-0.0947,-0.0463,0.1687,0.199
0.424892,-0.1000,-0.0500,0.0939,0.146
0.429776,-0.0578,-0.0252,0.0769,0.099
0.434699,-0.0682,-0.0148,0.0363,0.079
0.439866,-0.0881,-0.0093,-0.0422,0.098
0.444743,-0.0700,0.0010,-0.0820,0.108
0.449657,-0.0900,0.0350,-0.0790,0.125
0.454649,-0.0768,0.0688,-0.0715,0.125
0.459510,-0.0588,0.0597,-0.0596,0.103
0.464956,-0.0220,0.1029,-0.0527,0.118
0.472954,-0.0093,0.0793,-0.0223,0.083
0.474643,-0.0159,0.0702,0.0507,0.088
0.479402,-0.0273,0.0564,0.0852,0.106
0.484725,-0.0005,0.0996,0.0864,0.132
0.489574,-0.0121,0.0995,0.0929,0.137
0.494465,-0.0143,0.0994,0.0996,0.141
0.499231,-0.0024,0.0991,0.0638,0.118
0.504410,-0.0051,0.0847,0.0045,0.085
0.509365,0.0109,0.0941,0.0122,0.096
0.514373,-0.0116,0.0892,-0.0038,0.090
0.519269,-0.0056,0.1130,-0.0151,0.114
0.524330,0.0618,0.1175,0.0306,0.136
0.529260,0.0621,0.1458,0.0425,0.164
0.534210,0.1099,0.1359,0.0734,0.190
0.539316,0.1812,0.1592,0.0994,0.261
0.544196,0.2427,0.1396,0.1395,0.313
0.549069,0.2516,0.1581,0.1842,0.350
0.554232,0.2797,0.2096,0.2049,0.405
0.559057,0.2649,0.2606,0.2971,0.476
0.564195,0.2692,0.2968,0.3414,0.526
0.570079,0.2592,0.2946,0.3668,0.537
0.574121,0.2540,0.2922,0.4114,0.565
0.579029,0.2296,0.2946,0.4559,0.589
0.584186,0.2242,0.3586,0.5051,0.659
0.589400,0.2472,0.4030,0.6349,0.792
0.594011,0.2838,0.5230,0.8354,1.026
0.598700,0.3056,0.5799,1.0827,1.266
0.603895,0.3649,0.6027,1.2722,1.454
0.608967,0.4045,0.6343,1.4998,1.678
0.613955,0.4959,0.6603,1.7085,1.898
0.619106,0.5725,0.6854,1.8845,2.085
0.623918,0.6154,0.7238,2.0282,2.240
0.628890,0.6252,0.7754,2.1778,2.395
0.633894,0.6302,0.8495,2.3195,2.549
0.639042,0.6683,0.9602,2.4485,2.714
0.644263,0.6775,1.0454,2.5789,2.864
0.649049,0.6332,1.0689,2.6791,2.953
0.653797,0.7998,1.0819,2.7342,3.047
0.658738,1.0054,1.1514,2.8111,3.200
0.663874,1.1018,1.1911,2.8912,3.315
0.672789,1.0985,1.2490,2.8639,3.312
0.673861,1.0388,1.3254,2.8059,3.272
0.678653,1.0616,1.3722,2.7792,3.276
0.683729,1.1525,1.4040,2.7744,3.316
0.688820,1.2589,1.4591,2.8628,3.451
0.694326,1.2565,1.4701,2.8927,3.480
0.699063,1.3321,1.5187,2.8640,3.505
0.703624,1.4667,1.5043,2.8150,3.513
0.708700,1.5744,1.4511,2.6930,3.440
0.713566,1.6990,1.3976,2.4690,3.307
0.719224,1.8360,1.3347,2.2516,3.197
0.723769,1.9715,1.3625,2.0131,3.130
0.728379,2.1344,1.3999,1.7327,3.085
0.733519,2.3587,1.4473,1.3474,3.078
0.738646,2.6785,1.4139,0.9091,3.162
0.744053,3.1518,1.3145,0.4405,3.443
0.748682,3.6737,1.2500,-0.1463,3.883
0.753560,4.2037,1.2058,-0.7506,4.437
0.758583,4.6463,1.1728,-1.2834,4.961
0.764005,5.0409,1.1080,-1.7838,5.461
0.771115,5.2641,1.0022,-2.1950,5.791
0.773595,5.3975,0.9129,-2.6270,6.072
0.778155,5.5304,0.7496,-2.8218,6.254
0.783840,5.4935,0.5746,-3.0321,6.301
0.788454,5.3573,0.3356,-3.2137,6.256
0.793708,5.1166,0.0376,-3.2941,6.085
0.798566,4.8426,-0.2663,-3.3299,5.883
0.803153,4.6018,-0.6143,-3.4348,5.775
0.808372,4.2529,-0.8006,-3.5936,5.625
0.813251,3.6551,-1.1405,-4.0068,5.542
0.819267,3.0543,-1.6719,-4.2911,5.526
0.823216,2.4488,-2.1170,-4.4563,5.508
0.828136,1.8612,-2.3900,-4.6169,5.522
0.833173,1.3138,-2.6539,-4.8439,5.677
0.838156,0.6024,-3.0053,-4.9260,5.802
0.844254,-0.1172,-3.3954,-4.9542,6.007
0.848089,-0.8484,-3.7106,-4.9759,6.265
0.853189,-1.7508,-3.9706,-5.0054,6.625
0.858036,-2.6441,-4.1475,-5.0429,7.044
0.863506,-3.5592,-4.3763,-5.0794,7.591
0.868602,-4.5041,-4.7011,-5.2307,8.352
0.872973,-5.5349,-5.0406,-5.2488,9.143
0.877753,-6.6642,-5.4106,-5.0346,9.952
0.882950,-7.8803,-5.6595,-4.5893,10.733
0.887904,-9.2198,-5.8181,-3.9087,11.582
0.892884,-10.6427,-5.9843,-3.2226,12.628
0.898698,-12.1047,-6.2078,-2.7510,13.879
0.903401,-13.5226,-6.7004,-2.3639,15.276
0.907898,-14.8615,-7.4344,-1.8550,16.720
0.912915,-16.1640,-8.0668,-1.2706,18.110
0.917731,-17.4346,-8.5321,-0.5983,19.420
0.922845,-18.4128,-9.1226,0.1085,20.549
0.930615,-19.0264,-9.9843,0.5831,21.495
0.932957,-19.4197,-11.0876,0.6739,22.372
0.938802,-19.5419,-12.2937,0.7023,23.098
0.942637,-19.3627,-13.5504,0.5878,23.640
0.947630,-18.8793,-14.6706,0.0822,23.909
0.952933,-18.2501,-15.6580,-0.7531,24.058
0.957794,-17.4357,-16.6249,-1.8326,24.161
0.964795,-16.3152,-17.3182,-3.1039,23.995
0.967696,-14.7759,-17.8128,-4.4022,23.558
0.972704,-12.9488,-18.0512,-5.6052,22.912
0.978927,-11.0462,-17.8534,-6.8165,22.073
0.982624,-8.6919,-17.5043,-8.0224,21.126
0.987479,-5.6590,-16.8330,-9.2833,20.039
0.992421,-1.6071,-15.6486,-10.6355,18.989
0.997785,3.5995,-14.0876,-12.1389,18.941
1.002348,9.5684,-11.9589,-13.6401,20.509
1.007616,15.9770,-9.2609,-14.8175,23.677
1.013153,22.1327,-6.3375,-15.6300,27.827
1.017347,27.3381,-2.9025,-16.1901,31.905
1.023181,30.6416,0.8837,-16.7315,34.923
1.033392,31.7610,4.4660,-16.9215,36.264
1.034691,36.1891,5.8850,-16.9867,40.408
1.041323,39.0173,6.7684,-17.1826,43.167
1.042874,39.2380,7.9060,-15.8974,43.068
1.047796,37.6205,8.4235,-13.3359,40.793
1.052191,34.7638,8.3289,-10.4279,37.237
1.057172,31.4664,7.9869,-7.6788,33.360
1.062018,27.6097,7.4308,-5.6351,29.142
1.067131,23.7147,6.6066,-4.1364,24.963
1.072789,20.4968,5.5733,-2.9257,21.442
1.078261,17.8499,4.4620,-1.9894,18.506
1.082666,15.1725,3.4686,-1.4219,15.629
1.086999,12.4743,2.3928,-1.1592,12.755
1.092002,9.9868,1.1848,-1.1371,10.121
1.097513,7.7449,-0.1955,-1.3109,7.857
1.102109,5.4674,-1.7884,-1.8332,6.038
1.106990,2.8593,-3.4182,-2.6093,5.164
1.111932,-0.0330,-4.9034,-3.5628,6.061
1.116878,-2.8073,-6.2849,-4.1862,8.056
1.121883,-5.7194,-7.7249,-4.4755,10.603
1.126705,-8.9452,-8.8464,-4.3203,13.302
1.132035,-12.4000,-9.2458,-3.6963,15.903
1.136883,-16.5083,-9.0619,-3.1383,19.092
1.142443,-21.0768,-8.7407,-2.7964,22.988
1.147422,-24.6376,-8.7701,-2.4431,26.266
1.153873,-27.0043,-8.9776,-1.7891,28.514
1.156978,-29.2132,-9.1615,-0.6868,30.624
1.161808,-31.0822,-9.5398,0.4534,32.516
1.166912,-32.1137,-10.5669,1.3419,33.834
1.171898,-31.8104,-12.2929,1.9181,34.157
1.178662,-30.7963,-13.9616,1.8297,33.863
1.181781,-29.3295,-15.5054,0.7470,33.184
1.186660,-27.0052,-17.3238,-0.8841,32.096
1.191742,-24.1790,-18.9310,-3.0947,30.864
1.197007,-21.2555,-19.9059,-5.5981,29.654
1.202428,-18.3240,-20.3976,-8.1330,28.600
1.206629,-15.4912,-20.4142,-10.5604,27.717
1.213581,-12.6451,-19.9037,-12.6574,26.763
1.216875,-9.3399,-19.0650,-14.1185,25.496
1.225641,-5.7339,-17.9309,-14.8899,24.002
1.231453,-2.0165,-16.2550,-15.0529,22.246
1.231985,1.7612,-14.1747,-14.9372,20.667
1.236568,6.0496,-11.9578,-14.8001,19.966
1.241600,10.4379,-9.5080,-14.9585,20.570
1.246517,14.7246,-6.7869,-15.1126,22.165
1.255157,18.9798,-4.0666,-15.1052,24.596
1.256678,22.6673,-1.3992,-14.7689,27.090
1.265941,25.4350,1.2272,-14.0303,29.074
1.266406,27.2987,3.4692,-12.9271,30.403
1.271999,28.4161,4.9828,-11.7102,31.136
1.278478,28.1303,5.9578,-10.3541,30.562
1.281448,29.3707,5.9900,-8.6027,31.185
1.288397,29.6639,5.8384,-7.1656,31.071
1.291327,27.7473,6.0045,-5.5057,28.918
1.296276,24.5401,6.4376,-3.4458,25.603
1.301267,22.2069,6.5736,-1.5965,23.214
1.306727,20.1790,6.3448,-0.3523,21.156
1.311296,17.9023,6.0707,0.5616,18.912
1.316189,15.6254,5.7938,1.4209,16.725
1.322046,13.4596,5.4807,2.0299,14.674
1.326144,11.3699,5.0532,2.2750,12.648
1.331332,9.3499,4.5468,2.2742,10.643
1.336086,7.5753,3.9916,2.1537,8.829
1.341349,5.9961,3.3409,1.8808,7.117
1.346172,4.5799,2.5346,1.5630,5.463
1.351084,3.3378,1.7201,1.1832,3.937
1.356249,2.2804,0.9421,0.8773,2.619
1.362940,1.4585,0.1725,0.6549,1.608
1.366087,0.8605,-0.6697,0.4302,1.172
1.371020,0.2258,-1.4068,0.1170,1.430
1.375800,-0.4546,-2.1050,-0.3176,2.177
1.381338,-1.0253,-2.7130,-0.8668,3.027
1.385962,-1.4956,-3.2444,-1.3921,3.834
1.390921,-1.8105,-3.7617,-1.8806,4.579
1.396060,-2.1491,-4.2363,-2.2617,5.261
1.400849,-2.6138,-4.5681,-2.5412,5.844
1.406080,-3.0307,-4.7482,-2.6710,6.234
1.410754,-3.2538,-4.7922,-2.6146,6.355
1.415815,-3.4390,-4.7679,-2.4575,6.372
1.420971,-3.5866,-4.6808,-2.2089,6.297
1.425778,-3.6344,-4.4840,-1.9447,6.091
1.430931,-3.5918,-4.2694,-1.7025,5.833
1.435683,-3.4409,-4.1619,-1.4385,5.588
1.441131,-3.3220,-3.9946,-1.1578,5.323
1.445587,-3.2217,-3.7729,-1.0086,5.063
1.450549,-3.1160,-3.4733,-0.9100,4.754
1.455777,-2.9664,-3.2590,-0.8914,4.496
1.463759,-2.7241,-3.1779,-0.9917,4.302
1.465792,-2.5571,-3.0483,-1.1783,4.150
1.472875,-2.4580,-2.8893,-1.4284,4.053
1.475608,-2.3795,-2.7300,-1.6383,3.975
1.480638,-2.2685,-2.5848,-1.7993,3.881
1.485379,-2.0720,-2.4680,-1.8646,3.723
1.490592,-1.7657,-2.4036,-1.8686,3.520
1.495698,-1.4409,-2.3678,-1.8405,3.327
1.500570,-1.2582,-2.3985,-1.8477,3.279
1.505540,-1.2226,-2.3381,-1.8709,3.234
1.510475,-1.1996,-2.2680,-1.7955,3.132
1.515372,-1.0792,-2.2074,-1.6167,2.941
1.520586,-0.9136,-2.1084,-1.3824,2.682
1.525282,-0.8227,-2.0047,-1.1735,2.464
1.530500,-0.7475,-1.8819,-1.0134,2.264
1.535381,-0.7553,-1.8356,-0.8734,2.169
1.540606,-0.7216,-1.7893,-0.6624,2.040
1.545311,-0.6748,-1.7764,-0.4616,1.956
1.550307,-0.5860,-1.6917,-0.2656,1.810
1.555495,-0.5175,-1.6356,-0.1071,1.719
1.562963,-0.5113,-1.5412,0.0237,1.624
1.565457,-0.6302,-1.4660,0.0308,1.596
1.570283,-0.7160,-1.4098,0.0291,1.582
1.575115,-0.7258,-1.4397,0.0757,1.614
1.580240,-0.6928,-1.4455,0.0655,1.604
1.585478,-0.7658,-1.3985,0.0513,1.595
1.590207,-0.7906,-1.3513,0.1050,1.569
1.595090,-0.7770,-1.3279,0.1547,1.546
1.600227,-0.7059,-1.3137,0.1142,1.496
1.605410,-0.6490,-1.2610,0.0361,1.419
1.610560,-0.6397,-1.2893,-0.1418,1.446
1.615143,-0.7071,-1.3030,-0.3049,1.513
1.620119,-0.8216,-1.3496,-0.4676,1.648
1.624973,-0.9697,-1.3864,-0.7166,1.837
1.630180,-1.0750,-1.4468,-0.9372,2.032
1.635486,-1.2049,-1.5501,-1.1392,2.270
1.640144,-1.3549,-1.6579,-1.3708,2.542
1.644967,-1.5355,-1.7132,-1.5889,2.796
1.650282,-1.6982,-1.8068,-1.7362,3.027
1.655118,-1.8484,-1.9342,-1.8847,3.273
1.662783,-2.0438,-2.0808,-1.9817,3.526
1.665206,-2.2945,-2.2327,-2.1471,3.855
1.675391,-2.6780,-2.4284,-2.3524,4.313
1.682591,-3.0751,-2.6632,-2.4688,4.759
1.683163,-3.4434,-2.8418,-2.5494,5.141
1.685149,-3.8890,-3.0363,-2.6901,5.620
1.689917,-4.5521,-3.2184,-2.8427,6.258
1.694684,-5.4731,-3.3749,-3.0697,7.125
1.699691,-6.6401,-3.5973,-3.4966,8.322
1.705525,-7.8644,-3.9823,-4.1201,9.731
1.710324,-9.1871,-4.5875,-4.6877,11.288
1.714607,-10.8467,-5.2892,-5.2006,13.141
1.719784,-12.6325,-6.0358,-5.3007,14.970
1.724744,-14.7141,-6.7516,-5.1796,16.998
1.729718,-17.2123,-7.6476,-5.0606,19.503
1.735458,-19.5920,-8.7336,-4.7465,21.969
1.739737,-21.1679,-9.8874,-3.9868,23.701
1.744607,-22.0255,-11.2063,-2.5647,24.845
1.749556,-22.1755,-12.7862,-0.4563,25.602
1.755250,-21.4381,-14.6690,1.6656,26.030
1.762304,-21.7927,-15.5276,4.2749,27.098
1.764670,-21.0897,-16.8208,5.6380,27.559
1.770585,-18.7632,-19.3182,5.2421,27.436
1.774471,-15.7326,-21.7174,3.1625,27.003
1.779801,-13.0640,-22.5479,-0.2920,26.061
1.787242,-10.8366,-22.0469,-4.2447,24.930
1.789337,-7.7689,-20.6911,-8.0189,23.511
1.795505,-2.5134,-18.8807,-11.3621,22.179
1.799504,4.3835,-16.4805,-14.4807,22.372
1.804210,11.7070,-13.5643,-17.1387,24.795
1.809350,18.5410,-10.2458,-18.7885,28.315
1.814323,24.7614,-6.2598,-19.2985,32.012
1.819255,30.8006,-2.1509,-18.9660,36.236
1.824165,35.8852,1.3928,-18.1204,40.225
1.829265,39.2347,4.2524,-16.9345,42.944
1.834145,40.1486,6.1113,-15.7487,43.558
1.839209,39.3537,6.7729,-14.4751,42.475
1.844040,38.6724,6.4575,-13.4347,41.446
1.849192,36.5281,6.2873,-12.1378,39.002
1.854127,33.0279,6.3596,-10.5593,35.253
1.859181,28.2014,6.1720,-8.9565,30.226
1.864183,23.6332,5.6330,-7.5487,25.441
1.871955,19.9976,4.9506,-6.4255,21.580
1.874021,16.7612,4.3500,-5.4697,18.160
1.879615,13.9103,3.7308,-4.6990,15.149
1.883865,11.4203,2.9399,-4.1541,12.503
1.889258,9.0043,2.2014,-3.7458,9.998
1.893913,6.7265,1.6224,-3.4448,7.729
1.898816,4.6699,1.0464,-3.1738,5.742
1.903971,2.8223,0.3502,-2.8700,4.040
1.908975,1.1599,-0.3347,-2.6225,2.887
1.914201,-0.3304,-1.0340,-2.3379,2.578
1.918941,-1.6819,-1.7028,-2.0236,3.134
1.923811,-2.8305,-2.2691,-1.6839,4.000
1.929014,-3.7981,-2.7331,-1.3659,4.875
1.933683,-4.5823,-3.1430,-1.1651,5.677
1.939032,-5.0298,-3.5896,-1.1097,6.278
1.943721,-5.3450,-4.0317,-1.1932,6.801
1.949105,-5.6800,-4.3735,-1.3679,7.298
1.953854,-5.9257,-4.5396,-1.4825,7.610
1.958721,-6.0066,-4.6410,-1.5521,7.748
1.963698,-5.9422,-4.7361,-1.5676,7.759
1.971420,-5.8104,-4.7395,-1.5671,7.660
1.973832,-5.6369,-4.7816,-1.4993,7.542
1.979218,-5.4707,-4.7338,-1.3872,7.366
1.983825,-5.3688,-4.5968,-1.2163,7.172
1.988735,-5.3839,-4.3329,-1.0633,6.992
1.993706,-5.3338,-4.0720,-0.9332,6.775
1.998588,-5.1235,-3.8573,-0.7974,6.463
2.003503,-4.8993,-3.6894,-0.8244,6.188
2.008660,-4.6137,-3.5493,-0.9715,5.901
2.013392,-4.3517,-3.4467,-1.0525,5.650
2.018602,-4.0936,-3.3291,-1.1064,5.391
2.023484,-3.8818,-3.1872,-1.1480,5.152
2.028748,-3.7303,-2.9445,-1.1733,4.895
2.033402,-3.5474,-2.6634,-1.2308,4.604
2.038661,-3.2990,-2.3966,-1.2493,4.265
2.043529,-3.0181,-2.1730,-1.2820,3.934
2.048621,-2.7614,-1.9398,-1.3151,3.622
2.053363,-2.4567,-1.7018,-1.3253,3.269
2.058329,-2.0743,-1.4783,-1.3178,2.868
2.063317,-1.6709,-1.3122,-1.3315,2.507
2.070600,-1.2024,-1.1988,-1.2468,2.107
2.073258,-0.7974,-1.0902,-1.1693,1.787
2.081578,-0.5078,-1.0486,-1.0607,1.576
2.083339,-0.2657,-0.9447,-0.9548,1.369
2.088586,-0.0082,-0.8217,-0.8465,1.180
2.094509,0.1931,-0.7515,-0.7941,1.110
2.105571,0.3389,-0.7004,-0.7590,1.087
2.111516,0.4961,-0.6158,-0.6742,1.039
2.112143,0.6028,-0.5838,-0.5971,1.030
2.113151,0.7119,-0.4944,-0.5085,1.005
2.118438,0.8616,-0.4001,-0.4177,1.038
2.122998,0.8989,-0.2341,-0.4253,1.022
2.128072,0.9244,-0.1112,-0.4212,1.022
2.132949,0.9863,-0.0121,-0.3918,1.061
2.138084,1.0656,0.0010,-0.3368,1.118
2.143332,1.1099,0.0144,-0.3133,1.153
2.147998,1.1002,0.0234,-0.2489,1.128
2.153085,1.0557,0.0135,-0.1719,1.070
2.157972,0.8848,0.0278,-0.0816,0.889
2.163458,0.7454,0.0235,-0.0553,0.748
2.170887,0.5699,-0.0042,-0.0639,0.573
2.173111,0.3913,-0.0265,-0.0593,0.397
2.180059,0.2812,-0.0482,-0.0893,0.299
2.182831,0.2201,-0.0883,-0.0918,0.254
2.187949,0.1594,-0.2377,-0.1285,0.314
2.193680,0.0419,-0.3095,-0.0663,0.319
2.198245,-0.1476,-0.3517,0.0765,0.389
2.202693,-0.2708,-0.4028,0.2381,0.541
2.207907,-0.4002,-0.4485,0.4145,0.730
2.212953,-0.4784,-0.4268,0.6542,0.916
2.218541,-0.4628,-0.4433,0.9108,1.114
2.223218,-0.3818,-0.4549,1.1554,1.299
2.228176,-0.2977,-0.4191,1.3941,1.486
2.233261,-0.2533,-0.3695,1.5415,1.605
2.238468,-0.2822,-0.3398,1.6362,1.695
2.243530,-0.3509,-0.3158,1.6542,1.720
2.247764,-0.4937,-0.2736,1.6057,1.702
2.252613,-0.6674,-0.2274,1.5374,1.691
2.257753,-0.8152,-0.2108,1.4686,1.693
2.263038,-0.9996,-0.1759,1.3366,1.678
2.267739,-1.1011,-0.1560,1.1602,1.607
2.272741,-1.1583,-0.1799,0.9675,1.520
2.281282,-1.1760,-0.2041,0.8155,1.446
2.283161,-1.2306,-0.2191,0.7176,1.441
2.287514,-1.1928,-0.2726,0.5397,1.337
2.292345,-1.1101,-0.3549,0.4061,1.234
2.297921,-0.9823,-0.4422,0.4270,1.159
2.302377,-0.8667,-0.5104,0.4200,1.090
2.307519,-0.7863,-0.4878,0.3374,0.985
2.312388,-0.6547,-0.4748,0.3033,0.864
2.317379,-0.4812,-0.4812,0.2986,0.743
2.322297,-0.2842,-0.4923,0.3230,0.654
2.327222,-0.1016,-0.5084,0.3768,0.641
2.332159,-0.0000,-0.4673,0.4553,0.652
2.337243,0.0784,-0.3930,0.5110,0.649
2.343489,0.1526,-0.3143,0.4815,0.595
2.347185,0.2182,-0.2980,0.4145,0.555
2.352040,0.2321,-0.2867,0.3051,0.479
2.357105,0.2758,-0.2612,0.1960,0.427
2.362039,0.3064,-0.2787,0.0725,0.420
2.367055,0.3094,-0.2339,-0.0607,0.393
2.372003,0.3040,-0.1985,-0.1561,0.395
2.377970,0.3188,-0.1633,-0.1605,0.393
2.382005,0.8003,-0.2481,0.2384,0.871
2.387236,1.4618,-0.3050,0.8885,1.738
2.391907,1.4071,-0.0661,1.1482,1.817
2.397601,0.6777,0.3828,0.7963,1.114
2.402220,0.4511,0.4719,0.5034,0.824
2.406899,0.8575,0.3165,0.4896,1.037
2.412070,1.1455,0.2233,0.3616,1.222
2.416930,1.2052,0.3553,0.0991,1.260
2.421840,1.1465,0.4971,-0.1121,1.255
2.426990,1.1948,0.5578,-0.2627,1.345
2.431821,1.4180,0.5470,-0.2664,1.543
2.436874,1.7016,0.5652,-0.1855,1.803
2.441744,1.8207,0.5741,-0.1201,1.913
2.446757,1.4009,0.6741,-0.0990,1.558
2.451963,1.1504,0.5972,-0.0119,1.296
2.456880,0.8863,0.4585,-0.0550,0.999
2.462115,0.5652,0.3729,-0.2091,0.709
2.466696,0.2248,0.2447,-0.2923,0.443
2.471622,-0.0352,0.1265,-0.3282,0.353
2.478324,-0.2199,-0.0201,-0.3499,0.414
2.481624,-0.4111,-0.0853,-0.2611,0.494
2.486612,-0.5230,-0.1171,-0.1140,0.548
2.491550,-0.5699,-0.1587,0.0199,0.592
2.497118,-0.5229,-0.1864,0.1650,0.579
2.501624,-0.3962,-0.2481,0.2399,0.525
2.506510,-0.3571,-0.2957,0.2925,0.548
2.511524,-0.2857,-0.3055,0.3324,0.534
2.516539,-0.2249,-0.2820,0.3445,0.499
2.522383,-0.1695,-0.1966,0.2666,0.372
2.526508,-0.2013,-0.1544,0.1793,0.311
2.531439,-0.1187,-0.1264,0.1109,0.206
2.536532,0.1651,-0.0936,0.1040,0.216
2.541340,0.0995,-0.0700,0.0388,0.128
2.546534,0.1731,-0.0989,0.0443,0.204
2.552117,0.4344,-0.0988,0.1400,0.467
2.556629,0.3421,0.0163,0.2017,0.397
2.561403,0.3222,0.0403,0.2916,0.436
2.566417,0.3990,0.0644,0.3096,0.509
2.571502,0.2609,0.0740,0.2750,0.386
2.579126,0.1469,0.1171,0.2312,0.298
2.581953,0.0476,0.0882,0.2453,0.265
2.586333,-0.1146,0.0305,0.2312,0.260
2.591105,-0.1862,-0.0034,0.1652,0.249
2.596723,-0.0905,-0.0230,0.1142,0.147
2.601661,-0.2010,0.0864,0.0159,0.219
2.606247,-0.2789,0.0760,0.0138,0.289
2.611369,-0.2330,0.0415,0.0267,0.238
2.616225,-0.2358,0.0787,0.0306,0.250
2.621369,-0.2778,0.0868,0.0831,0.303
2.626778,-0.2966,0.0565,0.1173,0.324
2.631146,-0.2634,0.0308,0.1427,0.301
2.636092,-0.2308,0.0242,0.1349,0.268
2.641451,-0.1794,0.0174,0.1133,0.213
2.646176,-0.1617,0.0249,0.0875,0.186
2.652199,-0.1585,0.0419,0.0667,0.177
2.656204,-0.1553,0.0733,0.0121,0.172
2.661061,-0.1040,0.0664,-0.0090,0.124
2.666048,-0.0284,0.0405,-0.0304,0.058
2.670928,-0.0241,-0.0236,-0.0378,0.051
2.680864,-0.0576,-0.0349,-0.0168,0.069
2.681216,-0.0955,-0.0079,0.0521,0.109
2.685896,-0.1284,0.0192,0.0727,0.149
2.690867,-0.1565,0.0415,0.0884,0.184
2.696143,-0.2228,0.0399,0.0561,0.233
2.701801,-0.2366,0.0096,0.1004,0.257
2.705826,-0.2697,0.0223,0.1449,0.307
2.710777,-0.3130,0.0301,0.2279,0.388
2.715817,-0.3616,0.0186,0.3212,0.484
2.721000,-0.3244,0.0308,0.3625,0.487
2.726714,-0.2685,0.0667,0.4383,0.518
2.730819,-0.1845,0.1119,0.4336,0.484
2.735691,-0.2111,0.1138,0.4058,0.471
2.740795,-0.0558,0.1492,0.3208,0.358
2.745813,0.0086,0.1797,0.1735,0.250
2.751835,-0.0035,0.2104,0.0403,0.214
2.755986,-0.0347,0.1646,-0.0648,0.180
2.760945,-0.0703,0.1336,-0.1135,0.189
2.765778,0.1668,0.0643,-0.1960,0.265
2.772669,0.1558,0.0862,-0.3031,0.352
2.775737,0.1556,0.0561,-0.2539,0.303
2.782799,0.1183,0.0453,-0.1347,0.185
2.785549,0.0963,-0.0222,0.0401,0.107
2.790394,0.0988,-0.0749,0.1992,0.235
2.795679,0.0448,-0.1036,0.2767,0.299
2.800522,0.0199,-0.1512,0.3210,0.355
2.805576,-0.0904,-0.1653,0.2993,0.354
2.810432,-0.3243,-0.2080,0.3310,0.508
2.815753,-0.2960,-0.2601,0.2966,0.493
2.820418,-0.1972,-0.2405,0.1202,0.333
2.825594,-0.4137,-0.1690,0.0554,0.450
2.830474,-0.3396,-0.1885,-0.0040,0.388
2.835441,0.0189,-0.1838,-0.2962,0.349
2.840487,-0.1629,-0.0603,-0.4726,0.503
2.845482,-0.1010,-0.1040,-0.3391,0.369
2.850920,0.2224,-0.1138,-0.4785,0.540
2.855580,0.1970,0.0050,-0.5656,0.599
2.860416,0.2105,0.0233,-0.5199,0.561
2.865566,0.1674,-0.0107,-0.4704,0.499
2.870968,0.1394,-0.0633,-0.3745,0.405
2.875684,0.1406,-0.1058,-0.2658,0.319
2.882590,0.0661,-0.0861,-0.1346,0.173
2.886962,-0.0504,-0.1378,-0.0422,0.153
2.890050,-0.1425,-0.2177,0.0402,0.263
2.895178,-0.2057,-0.2306,0.1225,0.332
2.900004,-0.2879,-0.2672,0.2047,0.443
2.905207,-0.3084,-0.2610,0.2156,0.458
2.910063,-0.3292,-0.2454,0.1558,0.439
2.915250,-0.2838,-0.2016,0.1208,0.368
2.920128,-0.2392,-0.1915,0.1389,0.336
2.925186,-0.2003,-0.1864,0.1286,0.302
2.930151,-0.2669,-0.1956,0.0997,0.346
2.935002,-0.1575,-0.1667,0.0378,0.232
2.939994,-0.0585,-0.0905,-0.0190,0.109
2.945095,0.0065,-0.0291,-0.1090,0.113
2.949930,-0.0002,0.0272,-0.1132,0.116
2.955035,-0.1594,0.0356,-0.0657,0.176
2.959980,-0.0607,-0.0937,-0.0763,0.135
2.965235,-0.0054,-0.0221,-0.2446,0.246
2.970306,-0.0504,0.0680,-0.2410,0.255
2.974918,-0.0188,0.0767,-0.1952,0.211
2.979897,-0.0159,0.0236,-0.1312,0.134
2.987486,-0.0462,0.0043,0.0034,0.047
2.989695,-0.0906,0.0089,0.1228,0.153
2.994964,-0.0682,0.0038,0.2180,0.228
2.999625,-0.0414,0.0366,0.2419,0.248
3.005147,-0.0102,0.0452,0.3138,0.317
3.009620,-0.0222,0.0583,0.3384,0.344
3.015409,0.0277,0.0189,0.2827,0.285
3.021958,0.1205,0.0369,-0.1723,0.213
3.024949,0.1897,0.0411,-1.0961,1.113
3.029738,0.2255,0.0790,-0.9738,1.003
3.034957,0.1900,0.1167,-0.2263,0.318
3.039534,0.1642,0.1492,0.3304,0.398
3.044619,0.1336,0.1480,0.4606,0.502
3.049587,0.1459,0.1039,0.3197,0.366
3.054548,0.0772,0.0457,0.2089,0.227
3.059887,-0.0531,0.0354,0.1568,0.169
3.064640,-0.1830,0.0916,0.2006,0.287
3.069360,-0.2463,0.1330,0.1924,0.340
3.074534,-0.2956,0.0741,0.1656,0.347
3.079634,-0.2213,-0.0127,0.1103,0.248
3.090111,-0.1669,-0.0322,0.0839,0.190
3.090362,-0.1608,-0.0469,0.1195,0.206
3.094408,-0.1596,-0.0138,0.0594,0.171
3.099144,-0.1871,0.0334,-0.0530,0.197
3.104323,-0.1907,0.0804,-0.2701,0.340
3.111008,-0.1230,0.0608,-0.3918,0.415
3.114387,-0.0126,0.0228,-0.5143,0.515
