0.001134,0.0017,0.0007,-0.4980,0.498
0.001429,0.0610,0.0537,-0.4744,0.481
0.006605,0.1061,0.1209,-0.5190,0.543
0.010842,0.1801,0.1117,-0.4651,0.511
0.015620,0.2449,0.1124,-0.3843,0.469
0.020793,0.3055,0.0941,-0.2431,0.402
0.025752,0.2759,0.0618,-0.1274,0.310
0.030757,0.2328,0.0156,-0.0986,0.253
0.035686,0.2713,-0.0018,-0.0033,0.271
0.040692,0.2819,-0.0001,0.0579,0.288
0.046285,0.2932,-0.0127,0.1189,0.317
0.050671,0.2956,-0.0302,0.2275,0.374
0.055717,0.2843,-0.0334,0.3027,0.417
0.060968,0.2687,-0.0130,0.3162,0.415
0.065651,0.2584,0.0165,0.3209,0.412
0.070756,0.2298,0.0076,0.3309,0.403
0.075591,0.1971,0.0224,0.3414,0.395
0.080731,0.1507,0.0417,0.3334,0.368
0.085551,0.1286,0.0274,0.3307,0.356
0.090682,0.0925,0.0750,0.3048,0.327
0.097650,0.0420,0.0698,0.2606,0.273
0.100448,-0.0030,0.0646,0.2265,0.236
0.105572,-0.0384,0.0452,0.2215,0.229
0.110554,-0.0595,0.0306,0.1977,0.209
0.115394,-0.0567,0.0542,0.1648,0.183
0.120938,-0.0353,0.0205,0.1798,0.184
0.125370,-0.0238,-0.0366,0.1615,0.167
0.130365,0.0162,-0.0314,0.1099,0.115
0.135285,-0.0011,-0.0452,0.1253,0.133
0.140210,-0.0136,-0.0495,0.1265,0.137
0.145394,-0.0642,-0.0585,0.1327,0.159
0.150792,-0.0718,-0.0817,0.1720,0.204
0.155411,-0.0991,-0.0667,0.1592,0.199
0.160167,-0.1406,-0.0899,0.1276,0.210
0.165404,-0.1632,-0.1225,0.1586,0.258
0.170580,-0.1433,-0.1692,0.2042,0.301
0.175504,-0.1430,-0.1586,0.2074,0.298
0.180692,-0.1431,-0.1055,0.2066,0.273
0.185064,-0.1390,-0.0720,0.1921,0.248
0.190039,-0.1351,-0.0816,0.1309,0.205
0.197617,-0.1410,-0.0818,0.0992,0.191
0.200094,-0.1472,-0.0774,0.0445,0.172
0.205222,-0.1584,-0.0777,0.0000,0.176
0.210135,-0.1650,-0.0401,-0.0487,0.177
0.215211,-0.1578,-0.0170,-0.0734,0.175
0.220623,-0.1461,0.0202,-0.1073,0.182
0.225179,-0.1253,-0.0046,-0.1176,0.172
0.229943,-0.1094,-0.0339,-0.1566,0.194
0.234956,-0.1128,-0.0391,-0.1860,0.221
0.240432,-0.1020,-0.0774,-0.1586,0.204
0.244948,-0.1105,-0.0583,-0.1177,0.172
0.250148,-0.1048,-0.0725,-0.1152,0.172
0.254889,-0.0896,-0.1293,-0.0891,0.181
0.259785,-0.1079,-0.1476,-0.0872,0.203
0.264783,-0.0975,-0.1325,-0.0759,0.181
0.270019,-0.0871,-0.1745,-0.0839,0.212
0.275311,-0.1149,-0.1923,-0.0967,0.244
0.279851,-0.1137,-0.1720,-0.1522,0.256
0.284675,-0.1361,-0.2087,-0.1267,0.280
0.289722,-0.1394,-0.1882,-0.0778,0.247
0.295841,-0.1140,-0.1725,-0.0910,0.226
0.300249,-0.1124,-0.2045,-0.1138,0.260
0.304624,-0.1153,-0.1981,-0.1604,0.280
0.309916,-0.1037,-0.2060,-0.1784,0.292
0.314852,-0.1348,-0.1900,-0.1441,0.274
0.319610,-0.1561,-0.1836,-0.0866,0.256
0.324958,-0.1774,-0.2153,-0.0437,0.282
0.329658,-0.1656,-0.2325,0.0038,0.285
0.334694,-0.1777,-0.2829,0.0561,0.339
0.339509,-0.2087,-0.3139,0.0941,0.389
0.344572,-0.2112,-0.3116,0.0801,0.385
0.350426,-0.2424,-0.3142,0.0715,0.403
0.354714,-0.2832,-0.2931,0.0160,0.408
0.360113,-0.2859,-0.2960,0.0040,0.412
0.364485,-0.3174,-0.3226,-0.0602,0.457
0.369649,-0.3395,-0.3301,-0.0904,0.482
0.375418,-0.3904,-0.3279,-0.1253,0.525
0.379621,-0.4174,-0.3209,-0.1601,0.550
0.384424,-0.4638,-0.2760,-0.1900,0.572
0.389486,-0.4913,-0.2978,-0.2533,0.628
0.395000,-0.4857,-0.3098,-0.2645,0.634
0.402139,-0.4758,-0.2931,-0.2857,0.628
0.404493,-0.5093,-0.3048,-0.2265,0.635
0.409327,-0.5143,-0.2927,-0.2393,0.638
0.414674,-0.5769,-0.2901,-0.2048,0.677
0.419834,-0.5828,-0.3017,-0.1184,0.667
0.425144,-0.5655,-0.3371,-0.0944,0.665
0.429123,-0.6064,-0.3911,-0.1036,0.729
0.434167,-0.6580,-0.3784,-0.0363,0.760
0.439191,-0.7298,-0.3801,0.0264,0.823
0.444256,-0.7793,-0.3630,-0.0009,0.860
0.449615,-0.7354,-0.3700,-0.0511,0.825
0.459364,-0.6984,-0.3248,-0.0525,0.772
0.465260,-0.6304,-0.3229,-0.0388,0.709
0.465480,-0.5458,-0.3450,-0.0241,0.646
0.469538,-0.4015,-0.3150,0.0487,0.513
0.474035,-0.3262,-0.2380,0.0795,0.412
0.479593,-0.2287,-0.2046,0.1307,0.334
0.484012,-0.1654,-0.1434,0.1020,0.242
0.488992,-0.1131,-0.1256,-0.0012,0.169
0.495288,-0.1137,-0.0652,-0.1173,0.176
0.499356,-0.1100,0.0041,-0.2322,0.257
0.503847,-0.1067,0.1348,-0.3417,0.383
0.508695,-0.0514,0.1934,-0.4226,0.468
0.513853,-0.0010,0.2281,-0.4469,0.502
0.518860,0.0248,0.3149,-0.4243,0.529
0.523845,0.1406,0.3775,-0.3311,0.521
0.528835,0.1794,0.4682,-0.2154,0.546
0.533762,0.2747,0.5440,-0.0768,0.614
0.539093,0.3789,0.5479,0.0560,0.668
0.543836,0.4495,0.6182,0.1503,0.779
0.548695,0.4863,0.6592,0.2306,0.851
0.553719,0.4991,0.6571,0.3110,0.882
0.558688,0.5070,0.6928,0.3584,0.930
0.563704,0.5338,0.7567,0.4109,1.013
0.568685,0.5935,0.7915,0.4116,1.071
0.573704,0.7055,0.8401,0.4795,1.197
0.578752,0.8069,0.8595,0.5768,1.313
0.584190,0.9506,0.9214,0.6603,1.479
0.588874,1.0986,0.9874,0.7396,1.652
0.593553,1.2509,1.0240,0.8052,1.806
0.598748,1.3698,1.0697,0.8478,1.934
0.604021,1.5894,1.1290,0.8621,2.132
0.612374,1.7425,1.1448,0.8728,2.260
0.613475,1.8029,1.1910,0.9854,2.375
0.618555,1.8655,1.2511,1.0847,2.494
0.623560,1.9398,1.3108,1.1134,2.592
0.628670,1.9779,1.3365,1.2248,2.683
0.633536,1.9226,1.3523,1.2412,2.658
0.638453,1.9268,1.2960,1.1685,2.600
0.643475,1.8994,1.2682,1.1594,2.561
0.648419,1.7876,1.2356,1.1369,2.452
0.653460,1.6675,1.1838,1.1582,2.350
0.658875,1.7302,1.0986,1.1900,2.370
0.663425,1.6548,1.1043,1.2080,2.327
0.668360,1.5850,1.0429,1.3331,2.319
0.673382,1.5400,0.9815,1.4116,2.308
0.678279,1.5145,0.9631,1.5537,2.374
0.683704,1.5514,0.9446,1.6980,2.486
0.688357,1.6180,0.9307,1.8302,2.614
0.693337,1.7346,0.8735,1.9115,2.725
0.698235,1.8774,0.9211,1.9204,2.839
0.703760,1.9506,1.0161,1.8365,2.865
0.712821,2.1030,1.0056,1.7313,2.904
0.713261,2.2205,0.9854,1.5467,2.880
0.718245,2.3420,0.9891,1.2535,2.835
0.722933,2.4718,1.0218,0.9791,2.848
0.728195,2.5154,1.0879,0.7292,2.836
0.733472,2.4962,1.1065,0.5066,2.777
0.738029,2.5340,1.1542,0.3011,2.801
0.743147,2.7202,1.1257,0.1362,2.947
0.748116,2.8973,1.0928,0.0593,3.097
0.753103,3.0692,1.0989,0.0314,3.260
0.758504,3.0756,1.0624,-0.0084,3.254
0.763036,3.1599,0.9691,-0.1329,3.308
0.768001,3.2402,1.1015,-0.0601,3.423
0.773185,3.2160,1.2679,-0.3406,3.474
0.777986,3.4997,0.9042,-0.5438,3.655
0.784141,3.7453,0.5041,-0.6654,3.837
0.787935,3.7025,0.4120,-0.7527,3.801
0.792955,3.6376,0.3885,-0.7527,3.735
0.797977,3.7470,0.2327,-0.8468,3.848
0.803919,3.8346,-0.0358,-0.9621,3.954
0.815365,3.8389,-0.3543,-0.9304,3.966
0.816909,3.8100,-0.6509,-0.8083,3.949
0.817905,3.6088,-0.8247,-0.8963,3.809
0.822867,3.2847,-0.9621,-1.1355,3.606
0.827808,2.8893,-1.1777,-1.5352,3.477
0.833357,2.5273,-1.4808,-1.9326,3.509
0.837704,2.1882,-1.7849,-2.3660,3.684
0.842720,1.7531,-2.0811,-2.9209,3.992
0.847740,1.0973,-2.3543,-3.3480,4.237
0.852746,0.2834,-2.5382,-3.7963,4.575
0.858725,-0.4412,-2.6622,-4.3286,5.101
0.862817,-1.0638,-2.8415,-4.8309,5.705
0.867501,-1.6335,-3.0621,-5.3421,6.370
0.872530,-2.2303,-3.3107,-5.7770,7.022
0.877514,-2.8402,-3.4765,-6.1310,7.599
0.882930,-3.4668,-3.6660,-6.5053,8.233
0.887831,-4.0151,-3.8990,-6.8434,8.841
0.894615,-4.5621,-4.1279,-7.0603,9.365
0.897397,-5.0026,-4.3388,-7.2475,9.817
0.903349,-5.3526,-4.5615,-7.3482,10.171
0.907296,-5.7336,-4.8762,-7.3152,10.496
0.912383,-6.1896,-5.2883,-7.2392,10.894
0.917261,-7.0273,-5.7169,-6.9812,11.437
0.922566,-8.3103,-6.0149,-6.6232,12.211
0.927355,-10.0795,-6.2560,-6.0995,13.339
0.932362,-11.9177,-6.5905,-5.7702,14.791
0.937194,-13.7091,-6.8241,-5.6610,16.326
0.942657,-15.7561,-7.1219,-5.6910,18.203
0.947177,-17.6143,-7.5956,-5.8228,20.047
0.953843,-19.0022,-8.2652,-5.9316,21.554
0.957313,-20.0591,-9.0395,-5.9957,22.804
0.962333,-20.7423,-9.9594,-5.9616,23.769
0.967166,-21.1967,-10.9295,-5.8021,24.544
0.972115,-20.9520,-12.2753,-5.4650,24.890
0.977093,-19.9652,-13.9244,-4.8883,24.827
0.982286,-18.5880,-15.5553,-4.0808,24.579
0.987236,-16.9726,-17.0756,-3.2666,24.296
0.994473,-15.1135,-18.2152,-2.5090,23.801
0.996880,-13.1380,-19.0038,-2.0903,23.197
1.002037,-11.4024,-19.5163,-2.2088,22.711
1.007024,-9.8967,-19.6904,-3.0627,22.249
1.012098,-8.2293,-19.5558,-4.5204,21.693
1.017783,-5.9899,-19.2156,-6.2186,21.066
1.022180,-3.0458,-18.4754,-7.6322,20.220
1.026769,0.6245,-17.3149,-8.5465,19.319
1.031960,5.3244,-15.6781,-9.2893,18.985
1.036958,10.6126,-13.7449,-10.1413,20.110
1.041906,16.0843,-11.3435,-11.2639,22.677
1.047016,21.4706,-8.4625,-12.6130,26.300
1.052761,26.3212,-5.3385,-14.0955,30.331
1.057125,31.0221,-2.1032,-15.3658,34.683
1.064014,35.4133,0.8500,-16.4996,39.078
1.066857,38.0027,3.8999,-16.9186,41.781
1.071783,40.6336,5.6098,-16.5332,44.226
1.076615,41.8838,6.7147,-16.0532,45.355
1.082003,41.2252,7.6852,-14.8087,44.473
1.087332,39.0603,8.4638,-13.2231,42.097
1.094799,36.1801,8.5510,-11.4370,38.896
1.096412,32.6150,7.9702,-9.9053,35.005
1.104700,28.7712,7.0513,-8.5581,30.834
1.106667,25.5225,5.9738,-7.3758,27.230
1.111628,22.7213,4.7696,-6.2797,24.051
1.119315,20.2170,3.4814,-5.0582,21.129
1.121632,17.8829,2.3121,-3.7856,18.425
1.132564,15.6607,1.2367,-2.6823,15.937
1.132942,13.5733,0.0960,-1.9213,13.709
1.136345,11.4756,-1.1311,-1.7199,11.659
1.141406,9.3558,-2.4246,-1.8717,9.844
1.146469,7.1811,-3.6527,-2.2720,8.371
1.151502,5.1635,-4.8821,-2.8062,7.640
1.156422,3.3125,-6.1825,-3.6221,7.894
1.161482,1.4559,-7.4661,-4.5522,8.865
1.166974,-0.4442,-8.6938,-5.3278,10.206
1.171617,-2.4363,-9.4914,-5.8442,11.410
1.176294,-4.2943,-10.0199,-6.1188,12.501
1.181499,-5.5634,-10.7101,-6.3668,13.645
1.186875,-7.3917,-10.5735,-6.0589,14.253
1.194452,-8.6007,-10.5418,-5.8908,14.826
1.196320,-9.7162,-10.7416,-5.9939,15.675
1.203053,-12.1230,-10.6837,-6.4908,17.414
1.206084,-15.2258,-10.5098,-7.2687,19.878
1.211151,-18.2407,-9.9947,-8.3770,22.423
1.220172,-21.5336,-9.3101,-9.3154,25.242
1.221272,-24.4946,-9.1300,-9.6263,27.857
1.227955,-26.9817,-9.2132,-9.0411,29.910
1.231094,-28.9558,-9.5043,-8.1061,31.535
1.235983,-30.5354,-9.8753,-6.8341,32.812
1.241973,-31.3501,-10.7089,-5.3959,33.565
1.246183,-31.3389,-12.1462,-4.1272,33.863
1.251049,-30.5762,-13.9294,-3.2607,33.757
1.255990,-29.2479,-15.7611,-2.8895,33.350
1.261466,-27.5465,-17.6200,-3.0669,32.843
1.267570,-25.4291,-19.2754,-3.7449,32.128
1.271068,-23.2186,-20.3514,-4.9895,31.276
1.279244,-20.7843,-20.8326,-6.6935,30.179
1.281409,-17.8905,-21.0205,-8.7544,28.958
1.289410,-14.4034,-20.8116,-10.6750,27.469
1.294996,-10.5293,-20.1545,-12.1656,25.789
1.296404,-6.2647,-19.0625,-13.1330,23.981
1.301118,-1.4110,-17.6655,-13.5646,22.317
1.305832,3.8970,-15.8455,-13.7822,21.359
1.310996,9.4702,-13.4963,-13.7921,21.496
1.315964,15.3097,-10.7148,-13.7206,23.183
1.321405,21.1075,-7.7073,-13.9267,26.436
1.326056,25.8690,-4.4177,-14.1258,29.804
1.330907,29.7064,-1.1840,-13.6239,32.703
1.336330,33.2035,1.0533,-13.5196,35.866
1.340648,34.9878,2.7457,-12.8532,37.375
1.345991,35.6603,3.8735,-11.5149,37.673
1.351335,35.5458,4.7303,-9.7698,37.166
1.355531,33.8785,5.8323,-7.5401,35.194
1.360653,32.1496,5.6635,-5.1170,33.043
1.365638,29.7187,5.3543,-4.0773,30.471
1.370838,26.4855,5.1252,-2.8096,27.123
1.375503,23.5877,4.8763,-1.7150,24.147
1.381073,20.8303,4.5566,-0.6184,21.332
1.385458,18.2330,4.0515,0.2732,18.680
1.390754,15.8547,3.4381,0.8415,16.245
1.396293,13.5786,2.9103,1.1843,13.937
1.404082,11.5314,2.3411,1.2788,11.836
1.405593,9.6103,1.7898,1.2891,9.860
1.410440,7.8629,1.2025,1.2519,8.052
1.415404,6.2932,0.5865,1.1873,6.431
1.420499,4.8674,-0.1125,1.0657,4.984
1.425402,3.5549,-0.7689,0.9550,3.760
1.430445,2.4015,-1.3487,0.8519,2.883
1.435179,1.3333,-1.8945,0.6664,2.411
1.441854,0.4594,-2.4813,0.4868,2.570
1.445273,-0.2773,-2.9869,0.3010,3.015
1.450261,-1.0218,-3.4530,0.0098,3.601
1.455559,-1.6472,-3.8702,-0.3489,4.221
1.460292,-2.1702,-4.1289,-0.8289,4.738
1.465135,-2.6265,-4.2535,-1.1774,5.136
1.470310,-2.9118,-4.3401,-1.5822,5.461
1.475019,-3.2216,-4.4381,-2.0604,5.858
1.480196,-3.5513,-4.4329,-2.3979,6.165
1.485293,-3.7921,-4.3542,-2.6344,6.347
1.490546,-3.9975,-4.2890,-2.7666,6.483
1.495590,-4.2017,-4.1809,-2.7996,6.555
1.502596,-4.3686,-4.0070,-2.6286,6.485
1.505028,-4.3980,-3.8110,-2.3638,6.281
1.510049,-4.3830,-3.5698,-2.2016,6.066
1.514975,-4.2321,-3.3703,-1.9604,5.754
1.520065,-4.0113,-3.2511,-1.7217,5.443
1.525145,-3.7148,-3.1454,-1.5095,5.096
1.530053,-3.3471,-3.1111,-1.2471,4.737
1.534937,-2.9522,-3.0761,-1.0443,4.390
1.540290,-2.6358,-2.9832,-0.8864,4.078
1.544878,-2.3873,-2.9044,-0.7688,3.837
1.550085,-2.2778,-2.7632,-0.7494,3.659
1.554814,-2.2446,-2.5979,-0.8239,3.531
1.560403,-2.2219,-2.4665,-0.9695,3.458
1.564848,-2.1308,-2.3493,-1.0332,3.336
1.569828,-2.0296,-2.2323,-1.0780,3.204
1.575155,-2.0239,-2.1109,-1.1999,3.161
1.579766,-2.0466,-2.0568,-1.3468,3.199
1.584755,-2.0881,-1.9459,-1.4381,3.196
1.589854,-2.0536,-1.8742,-1.4937,3.156
1.595309,-2.0037,-1.7838,-1.5329,3.090
1.601679,-1.9200,-1.7039,-1.5894,3.019
1.604656,-1.8305,-1.6486,-1.5911,2.933
1.609645,-1.7400,-1.5702,-1.5093,2.788
1.614673,-1.5954,-1.4877,-1.3823,2.583
1.620264,-1.4543,-1.4060,-1.1479,2.326
1.625026,-1.3296,-1.3487,-0.8630,2.081
1.629600,-1.1925,-1.2966,-0.6227,1.868
1.634537,-1.0667,-1.2783,-0.4644,1.728
1.639503,-0.9807,-1.3464,-0.3159,1.695
1.644629,-0.8047,-1.3809,-0.1146,1.602
1.649533,-0.6104,-1.3389,0.1065,1.475
1.654596,-0.5404,-1.1962,0.2189,1.331
1.659546,-0.5805,-1.0680,0.2514,1.241
1.664419,-0.6061,-1.0163,0.2904,1.218
1.669496,-0.5405,-0.9453,0.2443,1.116
1.675141,-0.5080,-0.8741,0.1133,1.017
1.680118,-0.5234,-0.8363,-0.0503,0.988
1.684317,-0.5376,-0.7693,-0.2371,0.968
1.689537,-0.5417,-0.7355,-0.3565,0.981
1.695791,-0.5357,-0.6584,-0.4661,0.968
1.699879,-0.5912,-0.6431,-0.6331,1.079
1.704169,-0.6557,-0.6179,-0.7667,1.183
1.713286,-0.6962,-0.6116,-0.8814,1.279
1.714252,-0.7070,-0.6479,-0.9342,1.339
1.719217,-0.7700,-0.6742,-0.9588,1.402
1.724139,-0.8664,-0.6045,-1.0125,1.463
1.729261,-0.9247,-0.6066,-1.0283,1.510
1.734087,-0.9786,-0.6757,-0.9918,1.549
1.739859,-1.0719,-0.7114,-0.9363,1.591
1.744075,-1.0937,-0.7518,-0.8666,1.585
1.750019,-1.1019,-0.8162,-0.7873,1.581
1.754177,-1.1114,-0.8282,-0.6886,1.548
1.759212,-1.1505,-0.8691,-0.6519,1.582
1.764159,-1.1669,-0.9103,-0.6335,1.610
1.769194,-1.2567,-0.9711,-0.6287,1.708
1.775982,-1.2994,-0.9843,-0.6423,1.752
1.784491,-1.3723,-1.0506,-0.7608,1.888
1.790637,-1.5084,-1.1458,-0.8979,2.096
1.791256,-1.5739,-1.2271,-1.0444,2.252
1.793846,-1.6407,-1.3135,-1.2103,2.425
1.804141,-1.7090,-1.3717,-1.4386,2.621
1.804719,-1.8650,-1.4354,-1.6815,2.892
1.815568,-2.0515,-1.5476,-1.9444,3.223
1.816190,-2.3496,-1.6893,-2.2231,3.649
1.818979,-2.5251,-1.7839,-2.4658,3.955
1.823910,-2.7219,-1.9321,-2.7687,4.337
1.829178,-3.0071,-2.0909,-3.0601,4.773
1.833709,-3.4769,-2.3611,-3.3979,5.405
1.838944,-4.1028,-2.6614,-3.7734,6.177
1.843732,-4.9909,-3.0259,-4.0686,7.115
1.848776,-6.1287,-3.3118,-4.2467,8.159
1.854268,-7.4521,-3.7027,-4.3429,9.386
1.859567,-8.9261,-4.2287,-4.3921,10.810
1.863788,-10.4777,-4.9580,-4.3477,12.380
1.868992,-12.0437,-5.7529,-4.1799,13.986
1.873855,-13.9075,-6.5292,-3.9717,15.869
1.878944,-15.7288,-7.3739,-3.4630,17.713
1.883601,-17.2460,-8.0583,-2.5027,19.200
1.889005,-18.6422,-8.7934,-1.1435,20.644
1.896185,-19.6681,-10.0227,0.2522,22.076
1.898713,-20.1654,-11.7086,1.6356,23.375
1.906235,-20.2825,-13.6149,2.8031,24.589
1.909444,-21.1187,-14.7171,4.4573,26.124
1.913629,-20.6191,-16.5463,5.4046,26.984
1.919041,-19.2962,-18.9600,5.4900,27.604
1.923606,-18.3632,-21.0064,5.0783,28.360
1.928787,-17.3398,-22.5328,3.6905,28.671
1.937129,-15.8976,-23.8569,1.1363,28.691
1.938833,-14.3438,-24.7823,-2.6066,28.752
1.945444,-12.4081,-25.1735,-7.1108,28.952
1.948591,-9.5275,-25.1140,-11.3585,29.163
1.953449,-5.4983,-24.6391,-14.9549,29.342
1.960263,-0.7689,-23.5100,-18.1943,29.738
1.963518,4.3653,-21.4067,-20.6661,30.073
1.968490,10.7436,-18.6869,-21.9394,30.756
1.973678,18.0131,-15.3828,-22.6980,32.807
1.978646,24.1843,-10.9824,-22.7585,34.978
1.984491,31.3578,-7.6125,-23.1637,39.722
1.988523,37.2375,-4.6757,-23.8600,44.472
1.993256,41.1489,-1.7146,-23.5777,47.456
1.998536,43.2823,0.8980,-22.5429,48.809
2.004028,43.4292,2.7500,-20.9218,48.284
2.020379,41.9415,3.4972,-19.1666,46.246
2.021247,39.2509,3.3354,-17.2084,42.987
2.021735,36.0587,2.9040,-14.8152,39.092
2.023083,32.6716,2.4647,-12.1830,34.956
2.028181,29.1422,2.1484,-9.6438,30.772
2.033573,25.2805,1.9543,-7.6971,26.498
2.038432,21.4100,1.7413,-6.4449,22.427
2.043031,17.8673,1.6633,-5.5620,18.787
2.048113,14.9101,1.6977,-4.8468,15.770
2.054264,12.5819,1.6175,-4.1414,13.344
2.063740,10.6874,1.2833,-3.5759,11.343
2.064205,8.9231,0.8166,-3.0831,9.476
2.068071,7.1720,0.3054,-2.6005,7.635
2.072902,5.4651,-0.2964,-2.2581,5.921
2.078007,3.8106,-1.0952,-2.1311,4.501
2.083603,2.0098,-2.0114,-2.0150,3.485
2.088060,0.2521,-2.8595,-1.8846,3.434
2.092833,-1.4285,-3.5667,-1.6831,4.195
2.098180,-2.8926,-4.2183,-1.4630,5.320
2.102999,-4.1492,-4.8525,-1.3096,6.518
2.110235,-5.3249,-5.4019,-1.2493,7.687
2.112797,-6.2681,-5.9361,-1.2761,8.727
2.117706,-6.6052,-6.6421,-1.5744,9.499
2.122699,-7.4723,-6.3778,-1.3236,9.913
2.127977,-8.4410,-5.6768,-0.4587,10.183
2.132783,-8.3155,-5.5754,0.0176,10.012
2.137980,-7.9552,-5.6824,0.4773,9.788
2.142751,-7.6568,-5.6695,0.9191,9.572
2.147719,-7.3980,-5.5095,1.1914,9.301
2.152560,-7.1734,-5.1898,1.3232,8.952
2.157678,-6.8438,-4.7880,1.3952,8.468
2.162736,-6.5042,-4.5108,1.2093,8.007
2.167574,-6.2173,-4.2196,0.9366,7.572
2.172526,-5.8840,-3.9337,0.5354,7.098
2.177690,-5.4952,-3.6150,0.0323,6.578
2.182727,-5.1217,-3.2873,-0.4985,6.106
2.187864,-4.8013,-3.0748,-0.9252,5.776
2.195131,-4.5044,-2.8961,-1.3075,5.512
2.197476,-4.2502,-2.7988,-1.6858,5.361
2.207775,-4.0416,-2.7251,-1.9706,5.258
2.208277,-3.8213,-2.6512,-2.0622,5.088
2.212566,-3.5553,-2.5004,-2.0327,4.798
2.217387,-3.2910,-2.3353,-1.8008,4.419
2.222494,-2.9656,-2.1798,-1.5862,4.008
2.227485,-2.6555,-1.9910,-1.3500,3.583
2.232464,-2.4218,-1.8549,-1.0923,3.240
2.237507,-2.1635,-1.7190,-0.8700,2.897
2.242230,-1.9138,-1.6358,-0.6395,2.598
2.247312,-1.7053,-1.5337,-0.3811,2.325
2.252229,-1.4369,-1.3409,-0.1037,1.968
2.257332,-1.1604,-1.2108,0.1407,1.683
2.262270,-0.8463,-1.1479,0.3283,1.463
2.267381,-0.5895,-1.0566,0.4838,1.303
2.272168,-0.4518,-0.9800,0.5736,1.222
2.277292,-0.3948,-0.8940,0.5785,1.136
2.282179,-0.3659,-0.8274,0.5702,1.069
2.287296,-0.3844,-0.7802,0.4626,0.985
2.294934,-0.3782,-0.6804,0.2978,0.833
2.297083,-0.3332,-0.6332,0.1089,0.724
2.304169,-0.2204,-0.6479,-0.1238,0.696
2.307132,-0.1356,-0.6048,-0.2816,0.681
2.311996,-0.0643,-0.5707,-0.4319,0.719
2.317016,-0.0782,-0.5696,-0.5076,0.767
2.322020,-0.1007,-0.5535,-0.4947,0.749
2.327098,-0.1223,-0.5273,-0.4503,0.704
2.331923,-0.2104,-0.4719,-0.3407,0.619
2.337169,-0.2408,-0.4545,-0.1896,0.548
2.342045,-0.2615,-0.4463,-0.0733,0.522
2.346924,-0.2680,-0.4092,0.0186,0.489
2.351823,-0.2504,-0.3766,0.1290,0.470
2.357007,-0.2519,-0.3345,0.2587,0.492
2.361893,-0.1531,-0.2877,0.3794,0.500
2.367073,-0.1405,-0.2650,0.4817,0.567
2.371776,-0.1855,-0.2378,0.5949,0.667
2.376770,-0.2695,-0.2301,0.6954,0.780
2.381754,-0.3112,-0.1989,0.7732,0.857
2.386996,-0.3923,-0.2017,0.8721,0.977
2.394647,-0.3936,-0.2002,0.9346,1.034
2.396730,-0.4204,-0.2042,0.9513,1.060
2.403282,-0.4299,-0.1515,0.9892,1.089
2.406709,-0.3884,-0.0994,1.0244,1.100
2.411704,-0.2814,-0.0910,0.9368,0.982
2.416863,-0.1753,-0.0495,0.8029,0.823
2.421636,-0.0701,-0.0324,0.6273,0.632
2.426747,0.0059,-0.0154,0.5193,0.520
2.431622,0.0768,0.0351,0.4880,0.495
2.436969,0.1235,0.0425,0.4232,0.443
2.442033,0.2180,0.0594,0.3874,0.448
2.446801,0.2795,0.0954,0.4044,0.501
2.451524,0.3607,0.1123,0.4216,0.566
2.456536,0.4136,0.1003,0.4393,0.612
2.461544,0.4194,0.0931,0.4910,0.652
2.466873,0.4256,0.0618,0.5291,0.682
2.471502,0.3988,0.0495,0.4865,0.631
2.476419,0.2862,0.0754,0.4781,0.562
2.481620,0.2264,0.0915,0.4560,0.517
2.487105,0.1473,0.0835,0.4008,0.435
2.491574,0.1399,0.0994,0.3508,0.391
2.496520,0.1801,0.1104,0.2963,0.364
2.503030,0.2823,0.1214,0.3136,0.439
2.506559,0.3127,0.1515,0.3167,0.470
2.512659,0.3721,0.1241,0.3438,0.522
2.516594,0.4316,0.0871,0.3663,0.573
2.521440,0.4243,0.0643,0.4327,0.609
2.526341,0.4126,0.0270,0.5048,0.653
2.531159,0.3627,0.0182,0.4771,0.600
2.536445,0.3321,-0.0387,0.4263,0.542
2.542327,0.3013,-0.1053,0.3621,0.483
2.546715,0.2703,-0.1051,0.3225,0.434
2.551241,0.2392,-0.1051,0.2501,0.362
2.556188,0.2462,-0.1339,0.1735,0.330
2.561312,0.2387,-0.1532,0.1452,0.319
2.566791,0.2502,-0.1056,0.0979,0.289
2.571085,0.2329,-0.0677,0.0557,0.249
2.576366,0.2639,-0.0058,-0.0008,0.264
2.581348,0.3048,0.0561,-0.0432,0.313
2.586311,0.3559,0.1085,-0.0956,0.384
2.591006,0.4362,0.1037,-0.1677,0.479
2.596378,0.4601,0.1470,-0.2262,0.533
2.603286,0.4464,0.1571,-0.2519,0.536
2.605989,0.4189,0.1530,-0.2352,0.504
2.615201,0.3582,0.1780,-0.2194,0.456
2.615902,0.3167,0.1695,-0.1133,0.377
2.620915,0.2800,0.1755,0.0262,0.331
2.625863,0.3008,0.1381,0.1949,0.384
2.630936,0.3024,0.1243,0.3984,0.515
2.635985,0.2512,0.1052,0.6083,0.666
2.642155,0.2620,0.0472,0.7388,0.785
2.646170,0.2006,0.0459,0.7805,0.807
2.650805,0.1147,0.0154,0.7237,0.733
2.655877,-0.0006,-0.0108,0.5773,0.577
2.660851,-0.0975,0.0202,0.3841,0.397
2.665776,-0.1714,0.0413,0.1581,0.237
2.670816,-0.1742,0.0386,-0.0441,0.184
2.675867,-0.1438,0.0792,-0.2132,0.269
2.680592,-0.0945,0.0673,-0.3689,0.387
2.685793,-0.0353,0.0703,-0.4923,0.499
2.690581,-0.0140,0.1167,-0.5403,0.553
2.696822,0.0602,0.1300,-0.5272,0.546
2.703615,0.1878,0.1340,-0.4914,0.543
2.705666,0.2683,0.0809,-0.3511,0.449
2.712110,0.3257,0.1094,-0.2688,0.436
2.715486,0.2883,0.0613,-0.1388,0.326
2.720418,0.2943,0.0469,-0.0471,0.302
2.725471,0.2049,0.0706,-0.0558,0.224
2.730549,0.1685,0.0417,-0.0595,0.184
2.735580,0.0884,-0.0159,-0.0909,0.128
2.740305,-0.0104,-0.0494,-0.1074,0.119
2.745635,-0.1139,-0.0732,-0.0997,0.168
2.750345,-0.1604,-0.0828,-0.0630,0.191
2.755421,-0.1313,-0.1068,-0.0262,0.171
2.761024,-0.1366,-0.1830,-0.0226,0.229
2.765412,-0.1376,-0.2540,0.0005,0.289
2.770360,-0.1200,-0.2438,-0.0094,0.272
2.775333,-0.0888,-0.2671,0.0098,0.282
2.780194,0.0086,-0.2807,-0.0185,0.281
2.785294,0.1006,-0.3038,-0.0844,0.331
2.790412,0.1687,-0.2458,-0.1928,0.355
2.795880,0.2085,-0.2498,-0.2914,0.437
2.803213,0.1967,-0.3247,-0.4329,0.576
2.805380,0.2145,-0.3558,-0.4556,0.617
2.812383,0.1951,-0.3103,-0.4697,0.596
2.815304,0.1765,-0.2790,-0.4468,0.556
2.820556,0.2015,-0.2952,-0.4205,0.552
2.825362,0.1462,-0.3015,-0.3760,0.504
2.830210,0.0252,-0.3552,-0.2799,0.453
2.835261,-0.1425,-0.3514,-0.0990,0.392
2.840119,-0.2809,-0.3764,0.0856,0.477
2.845557,-0.3857,-0.4679,0.2077,0.641
2.850539,-0.4717,-0.5164,0.3826,0.797
2.855232,-0.6440,-0.4939,0.5246,0.966
2.860019,-0.7691,-0.5055,0.6200,1.110
2.865037,-0.8521,-0.5509,0.5979,1.178
2.869954,-0.9268,-0.5539,0.5922,1.231
2.875453,-0.9933,-0.5528,0.5597,1.267
2.880519,-1.0657,-0.5094,0.4815,1.276
2.884905,-1.0869,-0.4762,0.3431,1.235
2.889940,-1.0952,-0.4103,0.1778,1.183
2.895513,-1.0620,-0.3211,-0.0481,1.111
2.903913,-1.0112,-0.2326,-0.2301,1.063
2.905609,-0.8902,-0.1919,-0.3694,0.983
2.912930,-0.7895,-0.1512,-0.4188,0.906
2.915152,-0.6801,-0.0818,-0.4125,0.800
2.919857,-0.5383,-0.0458,-0.3744,0.657
2.924911,-0.3783,0.0473,-0.2096,0.435
2.929715,-0.2145,0.0733,-0.0373,0.230
2.935063,-0.0420,0.1609,0.1571,0.229
2.940268,0.0727,0.2193,0.3361,0.408
2.944725,0.1349,0.3009,0.4761,0.579
2.950513,0.2259,0.3721,0.5208,0.679
2.954660,0.2930,0.4284,0.5136,0.730
2.959597,0.3414,0.4603,0.4216,0.711
2.964626,0.3519,0.4586,0.3927,0.699
2.969603,0.3201,0.5472,0.2882,0.696
2.975662,0.3080,0.5923,0.1797,0.691
2.979433,0.3391,0.6134,0.0721,0.705
2.984539,0.3655,0.6345,-0.0398,0.733
2.989382,0.3921,0.5890,-0.1132,0.717
2.995153,0.4380,0.5678,-0.1533,0.733
2.999970,0.4317,0.5421,-0.1503,0.709
3.004792,0.4021,0.4929,-0.1760,0.660
3.012288,0.3918,0.4440,-0.1629,0.614
3.014695,0.3435,0.3717,-0.1351,0.524
3.019311,0.2907,0.3474,-0.1784,0.487
3.025517,0.2903,0.3041,-0.2114,0.471
3.029462,0.3134,0.2374,-0.2723,0.478
3.034485,0.3076,0.2282,-0.3040,0.489
3.039298,0.3399,0.1859,-0.3925,0.551
3.044301,0.3626,0.1392,-0.4234,0.575
3.049248,0.3616,0.0883,-0.4544,0.587
3.054646,0.3229,0.0665,-0.4712,0.575
3.059851,0.2802,0.0307,-0.4932,0.568
3.064265,0.2335,-0.0046,-0.4633,0.519
3.069092,0.1683,-0.0252,-0.4152,0.449
3.074245,0.1134,-0.0407,-0.3730,0.392
3.079386,0.0877,-0.0559,-0.3556,0.371
3.084172,0.0483,-0.1136,-0.2962,0.321
3.089158,0.0424,-0.1136,-0.1998,0.234
3.094591,0.0604,-0.0707,-0.1668,0.191
3.099021,0.0880,-0.0518,-0.1727,0.201
3.104199,0.0919,-0.0328,-0.1556,0.184
3.111830,0.1390,-0.0518,-0.0873,0.172
3.114076,0.1481,-0.0562,0.0321,0.162
3.119780,0.1148,-0.0747,0.1550,0.207
3.123921,0.1106,-0.0361,0.2961,0.318
3.129285,0.1160,-0.0216,0.3602,0.379
3.134182,0.0834,-0.0740,0.3912,0.407
3.139099,0.0703,-0.0404,0.3939,0.402
3.144034,0.0763,0.0260,0.3494,0.359
3.148980,0.0775,0.0395,0.3246,0.336
3.154311,0.0742,0.0434,0.2337,0.249
3.158908,0.0518,0.0472,0.2055,0.217
3.163964,0.0724,0.0700,0.2013,0.225
3.168765,0.0502,0.0593,0.2212,0.234
3.173903,0.0805,0.0819,0.2409,0.267
3.179418,0.1585,0.1139,0.1748,0.262
3.183946,0.2411,0.1599,0.0852,0.302
3.188904,0.2715,0.1344,0.0244,0.304
3.193802,0.2643,0.0950,0.0112,0.281
3.198655,0.2243,0.0892,0.0026,0.241
3.203915,0.1705,0.0456,-0.0206,0.178
3.211212,0.0981,0.0023,-0.0341,0.104
3.213878,0.0118,-0.0358,-0.0429,0.057
3.218649,-0.0408,-0.1354,-0.0657,0.156
3.223737,-0.0744,-0.1820,-0.0928,0.217
3.228686,-0.0845,-0.1808,-0.1003,0.223
3.233945,-0.0998,-0.2319,-0.1026,0.273
3.238998,-0.0773,-0.2542,-0.1189,0.291
3.243609,-0.0885,-0.2717,-0.1062,0.305
3.248488,-0.1189,-0.2891,-0.0931,0.326
3.253732,-0.1161,-0.2921,-0.1178,0.336
3.258750,-0.0995,-0.2429,-0.2041,0.333
3.263708,-0.0779,-0.2555,-0.8902,0.929
3.268407,0.0104,-0.2007,-1.3122,1.328
3.273781,0.0028,-0.1506,-0.9349,0.947
3.278710,0.0381,-0.1530,-0.4760,0.501
3.283662,0.1112,-0.1839,-0.2160,0.305
3.288561,0.1271,-0.1812,-0.1387,0.261
3.293614,0.1479,-0.2069,-0.1528,0.297
3.298269,0.1213,-0.2039,-0.0625,0.245
3.303584,0.1044,-0.1723,0.0033,0.202
3.312994,0.0970,-0.0888,0.0878,0.158
3.313327,0.1038,-0.0631,0.1720,0.211
3.318152,0.1533,-0.0378,0.2610,0.305
3.323085,0.1976,0.0060,0.4501,0.492
3.328188,0.2368,0.1252,0.5962,0.654
3.333536,0.2424,0.2289,0.5572,0.649
3.338063,0.2049,0.2126,0.4766,0.561
3.343238,0.1056,0.1965,0.2640,0.346
3.348083,0.0639,0.2614,-0.1139,0.292
3.353130,0.1272,0.3309,-0.4237,0.552
3.359051,0.1520,0.4003,-0.5761,0.718
