0.002068,0.0911,-0.0152,0.3838,0.395
0.002387,-0.0138,0.0560,0.3056,0.311
0.006968,-0.0373,0.0933,0.2423,0.262
0.011748,-0.0612,0.1113,0.1653,0.208
0.016788,-0.0807,0.1197,0.1362,0.198
0.022034,-0.1005,0.1091,0.1022,0.180
0.028142,-0.0873,0.1415,0.0252,0.168
0.031805,-0.0791,0.1597,-0.0379,0.182
0.036785,-0.1046,0.1827,-0.1302,0.248
0.041711,-0.0920,0.2439,-0.2708,0.376
0.046639,-0.0320,0.2669,-0.4548,0.528
0.052484,0.0137,0.2428,-0.6063,0.653
0.056715,0.0401,0.2575,-0.6687,0.718
0.061502,0.1093,0.2488,-0.6854,0.737
0.066628,0.1737,0.2501,-0.6041,0.677
0.071606,0.2334,0.1948,-0.4109,0.511
0.077605,0.6605,0.0497,-0.1724,0.684
0.081553,1.3343,-0.0754,0.1364,1.343
0.086666,1.0119,0.1472,0.2865,1.062
0.091517,0.7646,0.2014,0.5598,0.969
0.096543,0.4673,0.2360,0.8698,1.015
0.101533,0.4909,0.2225,0.9689,1.109
0.107109,0.4238,0.2232,0.8214,0.951
0.111562,0.2764,0.1522,0.7388,0.803
0.116459,0.1394,0.0671,0.7108,0.727
0.123939,0.0691,0.0679,0.6801,0.687
0.126270,-0.0407,0.0683,0.6272,0.632
0.131592,-0.1419,0.0876,0.5378,0.563
0.139452,-0.0862,0.0256,0.4502,0.459
0.141451,-0.0402,-0.0836,0.3882,0.399
0.146439,-0.0227,-0.1256,0.3038,0.330
0.151240,-0.0386,-0.1485,0.2065,0.257
0.156430,-0.0263,-0.1380,0.1866,0.234
0.161272,0.0091,-0.1276,0.2240,0.258
0.166390,0.0629,-0.1554,0.1663,0.236
0.171243,0.0356,-0.1877,0.0663,0.202
0.176271,0.0419,-0.1912,0.0051,0.196
0.181151,0.0769,-0.2469,-0.0034,0.259
0.186169,0.0835,-0.2355,-0.0312,0.252
0.191320,0.0617,-0.2241,-0.0451,0.237
0.196173,0.0449,-0.2270,-0.0592,0.239
0.201114,0.0140,-0.2298,-0.0831,0.245
0.206320,0.0121,-0.2609,-0.0502,0.266
0.215320,-0.0232,-0.2346,-0.0132,0.236
0.216038,-0.0964,-0.2466,0.0139,0.265
0.221177,-0.1644,-0.2822,0.0122,0.327
0.226210,-0.1657,-0.2652,-0.0180,0.313
0.231133,-0.2389,-0.2388,-0.0528,0.342
0.236074,-0.3262,-0.2363,-0.1116,0.418
0.241085,-0.3326,-0.2099,-0.1370,0.416
0.245958,-0.3397,-0.2121,-0.1104,0.415
0.250876,-0.4094,-0.2189,-0.0749,0.470
0.256487,-0.4270,-0.1877,-0.0684,0.471
0.260889,-0.4309,-0.1804,-0.0667,0.472
0.271658,-0.4500,-0.2064,-0.0557,0.498
0.277955,-0.4743,-0.1988,-0.0354,0.515
0.278919,-0.4561,-0.2294,-0.0675,0.515
0.281463,-0.4527,-0.1979,-0.0659,0.498
0.288802,-0.4734,-0.2142,-0.0928,0.528
0.290822,-0.5228,-0.1971,-0.1101,0.569
0.295762,-0.4818,-0.2181,-0.1703,0.556
0.300753,-0.4702,-0.1817,-0.1831,0.536
0.306065,-0.4260,-0.1598,-0.1819,0.490
0.311391,-0.3586,-0.1473,-0.1813,0.428
0.316184,-0.3682,-0.1348,-0.1528,0.421
0.320801,-0.3639,-0.1414,-0.1011,0.403
0.326115,-0.3506,-0.1003,-0.0119,0.365
0.330721,-0.3669,-0.0880,0.0003,0.377
0.336189,-0.3795,-0.0947,0.0883,0.401
0.340718,-0.3792,-0.0587,0.1285,0.405
0.345694,-0.3850,-0.0562,0.2542,0.465
0.350371,-0.3496,-0.0350,0.3987,0.531
0.356703,-0.2678,-0.0143,0.4436,0.518
0.360830,-0.2309,0.0440,0.5894,0.635
0.365411,-0.2430,0.0729,0.6690,0.715
0.370378,-0.1995,0.1154,0.7354,0.771
0.375362,-0.1581,0.1619,0.8649,0.894
0.380965,-0.1282,0.2075,0.9147,0.947
0.385899,-0.0851,0.1953,0.9566,0.980
0.390376,-0.0730,0.2016,0.9674,0.991
0.395404,0.0137,0.2266,0.9562,0.983
0.400176,0.0649,0.2272,0.9279,0.958
0.405838,0.1191,0.1705,0.9730,0.995
0.410843,0.1665,0.1946,0.9722,1.005
0.415297,0.1556,0.2278,1.0064,1.044
0.420193,0.1232,0.2508,1.1194,1.154
0.425159,0.1032,0.3681,1.2294,1.287
0.430250,-0.1571,0.5221,1.2987,1.409
0.436167,-0.8088,0.5319,1.2472,1.579
0.440242,-0.2044,0.4083,1.2943,1.372
0.445171,0.3849,0.1906,1.3622,1.428
0.450237,0.5822,0.3257,1.4959,1.638
0.455469,0.6770,0.7108,1.7330,1.992
0.460940,0.7747,0.9825,2.0599,2.410
0.465555,0.9184,1.1766,2.3463,2.781
0.470075,1.1764,1.1972,2.4766,2.992
0.475109,1.4597,1.0689,2.4923,3.080
0.480599,1.6284,0.9303,2.4211,3.062
0.488833,1.7706,0.9347,2.3038,3.052
0.489879,1.9154,0.9387,2.1638,3.038
0.494983,1.9531,0.9950,1.9806,2.954
0.499801,1.9606,1.0417,1.7678,2.838
0.505139,1.9673,1.0649,1.5748,2.736
0.509818,1.9144,1.0692,1.3716,2.586
0.514971,1.8124,0.9976,1.2511,2.418
0.519950,1.7233,1.0128,1.2036,2.333
0.526182,1.7280,1.1098,1.1569,2.357
0.530114,1.8124,1.1643,1.0575,2.400
0.535086,1.9626,1.1240,0.8165,2.405
0.540230,2.1016,1.0842,0.5529,2.429
0.544779,2.2398,1.0880,0.2924,2.507
0.549665,2.4068,1.0397,0.2023,2.630
0.554869,2.7034,0.9391,0.1198,2.864
0.559711,2.9149,0.8817,0.0783,3.046
0.564785,3.0848,0.8721,-0.0198,3.206
0.569656,3.1424,0.8527,-0.2184,3.263
0.574726,3.0687,0.7709,-0.4003,3.189
0.580351,2.9640,0.7369,-0.6572,3.124
0.587651,2.8761,0.6789,-0.9465,3.103
0.589678,2.7329,0.5826,-1.2783,3.073
0.596592,2.4997,0.5821,-1.5016,2.974
0.599538,2.2597,0.5671,-1.6667,2.865
0.604495,2.0544,0.4708,-1.8237,2.787
0.609399,1.7875,0.3796,-1.9873,2.700
0.614429,1.5205,0.3078,-2.1199,2.627
0.619493,1.3150,0.1886,-2.1837,2.556
0.624514,1.2307,0.0748,-2.0979,2.433
0.629343,1.1851,-0.0769,-1.9040,2.244
0.634528,1.2291,-0.3378,-1.6926,2.119
0.639462,1.2527,-0.5546,-1.4433,1.990
0.645173,1.2131,-0.7990,-1.2271,1.901
0.649211,1.0577,-0.9801,-1.0523,1.785
0.654261,0.8514,-1.1358,-0.8799,1.670
0.659359,0.6989,-1.2379,-0.7570,1.611
0.664293,0.5112,-1.3959,-0.7165,1.650
0.669216,0.3885,-1.6002,-0.7966,1.829
0.674408,0.2732,-1.7932,-0.9876,2.065
0.679603,0.0783,-1.9605,-1.3089,2.359
0.684160,-0.2279,-2.1118,-1.7129,2.729
0.689164,-0.4780,-2.3187,-2.1529,3.200
0.694217,-0.6320,-2.6576,-2.3757,3.620
0.699246,-0.7618,-2.9083,-2.6594,4.014
0.704809,-0.8527,-3.1141,-3.0186,4.420
0.709058,-1.0335,-3.3226,-3.3144,4.806
0.714167,-1.2107,-3.5867,-3.4845,5.145
0.719622,-1.4554,-3.8579,-3.6691,5.519
0.724233,-1.7513,-4.0981,-3.8385,5.882
0.728980,-2.2323,-4.3550,-4.0305,6.340
0.734018,-2.8131,-4.6144,-4.2837,6.896
0.739101,-3.4805,-4.9146,-4.5648,7.557
0.745459,-4.3535,-5.1464,-4.8584,8.309
0.748990,-5.2088,-5.4816,-5.1866,9.170
0.754062,-5.9789,-5.8682,-5.3137,9.921
0.758966,-6.7811,-6.2541,-5.2919,10.635
0.764535,-7.6030,-6.5636,-5.0918,11.261
0.769034,-8.3518,-6.7883,-4.7979,11.784
0.773873,-8.9784,-7.0061,-4.2010,12.139
0.779232,-9.4736,-7.1841,-3.4275,12.374
0.783786,-9.9128,-7.2184,-2.7128,12.559
0.788683,-10.4420,-7.2347,-2.1504,12.884
0.794190,-10.9534,-7.3628,-1.8587,13.328
0.798846,-11.4306,-7.6080,-1.7267,13.839
0.803892,-11.9940,-7.9266,-1.6906,14.476
0.808593,-12.7027,-8.2239,-1.6779,15.225
0.813801,-13.2940,-8.6901,-1.5133,15.954
0.819280,-13.5347,-9.3615,-1.2758,16.506
0.824467,-13.3537,-10.3453,-1.0382,16.924
0.828572,-13.4779,-11.3037,-0.5995,17.601
0.833744,-13.7383,-12.1947,-0.0988,18.370
0.838963,-14.1158,-13.1210,0.3475,19.275
0.844349,-14.4192,-14.0959,0.7681,20.179
0.848830,-14.4369,-15.0708,1.2927,20.910
0.853734,-13.8095,-15.9486,1.6978,21.165
0.858604,-12.6022,-16.6273,1.7778,20.939
0.864676,-10.5708,-17.5047,2.0434,20.551
0.877984,-8.1179,-17.1153,0.4881,18.949
0.878376,-4.0288,-15.9680,-2.0223,16.592
0.878934,1.4380,-14.5650,-5.4099,15.604
0.885725,7.4698,-12.3133,-9.6480,17.335
0.888449,13.4795,-9.0115,-13.2635,20.948
0.895500,19.5063,-5.3642,-15.8896,25.725
0.898372,25.5755,-1.5893,-18.1602,31.407
0.903514,31.3392,2.4557,-19.8695,37.188
0.908295,36.2790,5.9299,-21.0069,42.339
0.913386,39.7473,8.5136,-21.2223,45.855
0.918836,41.8235,10.6663,-20.6105,47.831
0.923399,41.2984,12.6420,-18.9936,47.182
0.930161,40.7044,12.0969,-17.0117,45.745
0.933307,38.4700,11.0628,-15.7324,43.010
0.938606,34.5988,10.4097,-13.5698,38.595
0.945010,29.6127,9.8047,-10.7708,33.001
0.948037,24.7660,8.3937,-8.1001,27.376
0.953371,20.4110,6.7502,-5.6892,22.238
0.958163,16.7749,5.3482,-3.3512,17.923
0.963297,13.8956,4.1722,-1.2790,14.565
0.968191,11.5736,2.9098,0.1268,11.934
0.973265,9.5858,1.5966,0.7886,9.750
0.978013,7.8859,0.3246,0.7988,7.933
0.983148,6.3805,-0.9504,0.2810,6.457
0.988267,4.9427,-2.1334,-0.6166,5.419
0.994135,3.6052,-3.3360,-1.7571,5.217
0.998079,2.3185,-4.6480,-3.0029,6.000
1.003499,0.9951,-5.9631,-4.0576,7.281
1.008026,-0.6108,-7.2561,-5.0070,8.837
1.013219,-2.5942,-8.3619,-5.8991,10.557
1.018002,-4.8186,-9.2685,-6.8226,12.477
1.023968,-7.0414,-9.9408,-7.5569,14.336
1.027930,-9.0675,-10.6425,-8.0288,16.123
1.032924,-10.9077,-11.2599,-8.0298,17.614
1.037927,-12.8938,-11.5848,-7.4698,18.875
1.042944,-15.2577,-11.6641,-6.4616,20.263
1.047947,-17.8599,-11.4443,-4.9316,21.778
1.057333,-20.3116,-11.0355,-3.2002,23.336
1.057885,-22.3433,-10.7435,-1.4525,24.835
1.065349,-23.5403,-10.8299,0.1313,25.912
1.067713,-24.1745,-11.1865,1.5200,26.681
1.072901,-24.7930,-11.6848,2.5631,27.528
1.079513,-26.4612,-11.8705,3.3568,29.195
1.082937,-26.8088,-12.8272,3.5180,29.927
1.088407,-25.7216,-14.7066,2.8160,29.763
1.092642,-24.6138,-16.2771,1.6651,29.556
1.097566,-23.4715,-17.6236,0.2245,29.352
1.102750,-21.9049,-18.9217,-1.5984,28.990
1.107588,-20.0653,-19.7442,-3.9239,28.423
1.112562,-18.0561,-20.0346,-6.2952,27.696
1.117494,-15.7251,-19.9294,-8.4001,26.740
1.122773,-12.9497,-19.4567,-9.9596,25.406
1.127467,-9.5504,-18.4317,-11.2650,23.619
1.132613,-5.4101,-16.8385,-12.6010,21.716
1.138989,-0.9581,-14.7591,-14.0032,20.368
1.142615,3.7325,-12.3209,-15.3043,19.999
1.148830,9.3649,-9.8845,-16.6261,21.490
1.155707,15.2010,-7.1654,-17.3799,24.176
1.157365,20.7225,-4.0180,-17.4681,27.399
1.162326,25.2697,-0.8622,-17.1611,30.558
1.167306,28.3817,1.9615,-16.5794,32.928
1.172341,30.1323,4.2935,-15.7881,34.288
1.177156,30.5156,6.2107,-14.6806,34.428
1.182276,31.1359,6.7535,-12.9095,34.376
1.187175,31.4407,6.5859,-11.3366,34.065
1.192293,30.2088,6.4798,-9.2545,32.252
1.197223,27.5518,6.7078,-6.7095,29.140
1.205375,24.1607,6.8531,-4.2316,25.468
1.207189,21.0558,6.5877,-2.2564,22.177
1.213971,18.3851,6.0656,-0.7283,19.374
1.217016,15.8986,5.5781,0.5980,16.859
1.222158,13.5159,5.1933,1.6592,14.574
1.227265,11.2721,4.7649,2.4175,12.474
1.232129,9.3552,4.3305,2.7882,10.679
1.237001,7.7347,3.6713,2.8162,9.013
1.242042,6.1555,2.9081,2.7039,7.325
1.247249,4.6878,2.1661,2.5432,5.756
1.255017,3.3986,1.4098,2.2713,4.324
1.257244,2.2114,0.6641,1.9493,3.022
1.262081,1.1546,-0.0778,1.5858,1.963
1.266925,0.2500,-0.7724,1.2579,1.497
1.272109,-0.5334,-1.3764,0.8889,1.723
1.277203,-1.1596,-1.9902,0.4210,2.341
1.281862,-1.6436,-2.5265,0.0044,3.014
1.286928,-2.0661,-3.0311,-0.4178,3.692
1.291878,-2.4759,-3.4025,-0.8149,4.286
1.296904,-2.9325,-3.6266,-1.0768,4.787
1.302150,-3.3945,-3.8046,-1.2665,5.254
1.306696,-3.7731,-3.8604,-1.4323,5.585
1.311712,-4.0438,-3.8040,-1.5357,5.760
1.316601,-4.2503,-3.7471,-1.5456,5.873
1.321930,-4.3912,-3.6517,-1.5428,5.916
1.327393,-4.3903,-3.5521,-1.5180,5.848
1.331755,-4.1804,-3.4154,-1.4430,5.588
1.337037,-3.8136,-3.3095,-1.3709,5.232
1.341894,-3.3914,-3.1581,-1.2830,4.808
1.347040,-3.0095,-3.0577,-1.3236,4.490
1.354404,-2.6832,-2.9749,-1.3448,4.226
1.356588,-2.3876,-2.8000,-1.4148,3.942
1.362159,-2.1122,-2.5860,-1.4484,3.640
1.366440,-1.7940,-2.3953,-1.4611,3.330
1.371582,-1.4957,-2.3236,-1.4966,3.143
1.377060,-1.0654,-2.2608,-1.5557,2.944
1.381481,-0.6853,-2.2595,-1.5241,2.810
1.386398,-0.3261,-2.2909,-1.4928,2.754
1.391541,-0.0968,-2.2594,-1.3616,2.640
1.396482,0.0221,-2.2272,-1.2599,2.559
1.401977,-0.0182,-2.1179,-1.1925,2.431
1.406325,-0.0720,-1.9506,-1.1455,2.263
1.411349,-0.0973,-1.8642,-1.1284,2.181
1.416242,-0.1805,-1.8443,-1.0936,2.152
1.421416,-0.2162,-1.8189,-1.0224,2.098
1.426958,-0.2285,-1.8263,-0.9717,2.081
1.431300,-0.3959,-1.7519,-0.8890,2.004
1.436283,-0.5394,-1.6388,-0.8079,1.905
1.441268,-0.5981,-1.6019,-0.7279,1.858
1.446177,-0.6678,-1.6172,-0.5675,1.839
1.452512,-0.7243,-1.6654,-0.4027,1.860
1.456166,-0.7055,-1.6032,-0.1755,1.760
1.461370,-0.5694,-1.5264,0.0001,1.629
1.466155,-0.3614,-1.5448,0.1675,1.595
1.471687,-0.1251,-1.6726,0.2797,1.700
1.476102,0.0586,-1.7948,0.3038,1.821
1.480909,0.0321,-1.8157,0.2879,1.839
1.486070,0.0396,-1.7689,0.2175,1.783
1.492471,0.0508,-1.7219,0.0779,1.724
1.500758,0.0438,-1.7172,-0.1118,1.721
1.507922,-0.0066,-1.7790,-0.4142,1.827
1.508242,-0.1284,-1.8113,-0.7529,1.966
1.511077,-0.3412,-1.8669,-1.2006,2.246
1.515879,-0.5636,-1.9076,-1.5765,2.538
1.521065,-0.8107,-1.9670,-1.9484,2.885
1.525842,-1.0651,-2.0694,-2.4029,3.345
1.531154,-1.4406,-2.1812,-2.8545,3.871
1.535834,-1.8625,-2.3556,-3.3805,4.522
1.540944,-2.3033,-2.5976,-3.8139,5.157
1.545819,-2.7449,-2.7977,-4.1269,5.691
1.551032,-3.1408,-2.9610,-4.3341,6.117
1.556102,-3.6262,-3.1170,-4.4928,6.561
1.560941,-4.0618,-3.3229,-4.6229,6.994
1.565906,-4.4194,-3.5168,-4.5853,7.275
1.571096,-4.9009,-3.6989,-4.5133,7.620
1.575769,-5.7710,-3.9751,-4.3348,8.240
1.580848,-7.0074,-4.3125,-4.1984,9.237
1.585796,-8.3628,-4.5824,-3.9079,10.306
1.591183,-9.7596,-4.9007,-3.5983,11.498
1.595732,-11.4943,-5.3068,-3.3065,13.085
1.600870,-14.0475,-5.8405,-3.0949,15.525
1.606081,-16.7739,-6.5645,-3.1450,18.285
1.613260,-19.0195,-7.7846,-3.2967,20.814
1.615515,-20.6042,-9.2394,-3.3961,22.835
1.620700,-21.6828,-10.7845,-3.0842,24.412
1.625598,-22.5660,-12.3339,-2.4044,25.829
1.630674,-22.2619,-14.2889,-1.7683,26.512
1.635883,-23.2091,-15.0552,-0.7163,27.674
1.640652,-23.0580,-16.1727,-0.1934,28.165
1.645531,-20.6753,-18.6990,-0.4698,27.881
1.650611,-17.7704,-20.7110,-1.6404,27.339
1.655656,-15.6032,-21.3078,-3.5303,26.645
1.660632,-13.6667,-21.4766,-6.0258,26.160
1.665698,-11.2116,-21.6404,-8.6354,25.857
1.670533,-7.9742,-21.4212,-11.0669,25.395
1.675342,-3.2902,-20.5873,-13.0044,24.572
1.680546,3.0715,-19.1125,-14.5896,24.240
1.691982,10.6391,-16.6603,-16.2495,25.589
1.692465,18.6864,-13.4082,-18.1363,29.290
1.699496,26.3108,-10.0404,-19.3774,34.184
1.702004,33.2833,-6.4263,-19.2687,38.992
1.705922,39.9047,-2.5999,-18.9669,44.259
1.710202,44.3317,1.2506,-18.4818,48.046
1.715038,46.2605,4.2227,-17.1152,49.505
1.720301,45.9071,6.1230,-15.1169,48.718
1.725459,43.9705,6.8288,-13.0812,46.381
1.730205,40.8573,7.0522,-11.1886,42.945
1.739169,36.9581,7.0578,-9.3100,38.761
1.740128,32.4241,6.9149,-7.5815,34.009
1.745353,27.2701,6.5781,-6.3033,28.752
1.750174,22.2211,5.9847,-5.3993,23.638
1.755052,18.0287,5.4671,-4.6297,19.400
1.760607,14.6394,4.9964,-3.8297,15.936
1.765052,11.8018,4.3828,-2.9328,12.926
1.772085,9.3733,3.6236,-2.1219,10.271
1.775643,7.3247,2.8480,-1.3109,7.967
1.780368,5.4995,2.0002,-0.7248,5.897
1.785285,3.8326,1.1052,-0.4506,4.014
1.789890,2.3790,0.2022,-0.3743,2.417
1.794846,0.7975,-0.4861,-0.2351,0.963
1.799939,-0.4576,-1.2457,-0.2395,1.349
1.804897,-1.4972,-2.0741,-0.4231,2.593
1.810623,-2.4335,-2.8323,-0.5845,3.780
1.814991,-3.2540,-3.4775,-0.7425,4.820
1.820060,-4.0808,-4.0194,-0.9155,5.801
1.824857,-4.6995,-4.4862,-0.9815,6.571
1.830032,-5.1966,-4.9044,-1.0395,7.221
1.835525,-5.7497,-5.1781,-1.0482,7.808
1.839953,-6.1786,-5.3178,-0.9107,8.203
1.845274,-6.5473,-5.4012,-0.8130,8.526
1.849708,-6.7135,-5.3099,-0.8024,8.597
1.854706,-6.7187,-5.1692,-0.7874,8.514
1.864311,-6.6785,-5.0002,-0.9614,8.398
1.864892,-6.5810,-4.8415,-1.1039,8.244
1.869741,-6.4210,-4.7276,-1.2590,8.072
1.874557,-6.2893,-4.5442,-1.4894,7.901
1.880231,-6.1184,-4.2920,-1.7153,7.668
1.884484,-5.9236,-4.0240,-1.9378,7.419
1.889723,-5.6921,-3.7600,-2.1584,7.155
1.894588,-5.4912,-3.5718,-2.4021,6.977
1.899574,-5.2390,-3.3975,-2.6369,6.778
1.905139,-4.9204,-3.2610,-2.8400,6.551
1.909527,-4.6399,-3.0620,-2.9696,6.303
1.914559,-4.3828,-2.8246,-3.1368,6.085
1.919573,-3.9800,-2.6110,-3.2851,5.784
1.924359,-3.5413,-2.4310,-3.3874,5.470
1.929419,-3.1185,-2.3274,-3.4491,5.200
1.934387,-2.6531,-2.2190,-3.4520,4.887
1.939848,-2.3119,-2.0770,-3.3534,4.572
1.945265,-2.0416,-1.8537,-3.1681,4.200
1.949463,-1.7939,-1.5876,-2.9489,3.799
1.954280,-1.6211,-1.3743,-2.6337,3.384
1.959778,-1.3935,-1.1707,-2.2751,2.914
1.964852,-1.1445,-0.9865,-1.9351,2.455
1.969375,-0.8351,-0.8358,-1.5170,1.923
1.974361,-0.5365,-0.7379,-1.0151,1.365
1.980000,-0.2913,-0.6401,-0.5005,0.863
1.984196,-0.0795,-0.5567,-0.0677,0.566
1.989265,0.1282,-0.4927,0.3083,0.595
1.996425,0.3420,-0.3953,0.5229,0.739
1.999488,0.5433,-0.3748,0.6530,0.928
2.007070,0.6750,-0.3496,0.6459,0.997
2.009311,0.7705,-0.3437,0.5248,0.994
2.014168,0.9163,-0.3810,0.3707,1.059
2.019306,0.9783,-0.4230,0.1874,1.082
2.024722,0.9565,-0.4124,-0.0018,1.042
2.028976,0.9273,-0.4161,-0.2121,1.038
2.034015,0.8955,-0.3767,-0.3769,1.042
2.039384,0.9236,-0.3228,-0.5307,1.113
2.043988,0.9781,-0.3502,-0.7026,1.254
2.049006,1.0015,-0.3773,-0.7971,1.334
2.053932,1.0564,-0.4137,-0.7998,1.388
2.058987,0.9846,-0.3588,-0.8157,1.328
2.063854,0.7856,-0.3324,-0.7630,1.144
2.068939,0.6319,-0.2865,-0.5847,0.907
2.073835,0.4128,-0.2498,-0.3847,0.617
2.079386,0.1562,-0.2990,-0.2534,0.422
2.084310,-0.0284,-0.2664,-0.1275,0.297
2.088823,-0.1511,-0.2383,0.0222,0.283
2.093821,-0.1934,-0.2771,0.1730,0.380
2.098977,-0.2556,-0.3395,0.2475,0.492
2.103749,-0.3144,-0.3968,0.2368,0.559
2.108765,-0.3797,-0.4061,0.2751,0.620
2.113598,-0.4181,-0.4010,0.2954,0.650
2.119570,-0.3913,-0.3909,0.3313,0.645
2.123674,-0.2758,-0.3858,0.3739,0.604
2.129040,-0.2385,-0.4140,0.3696,0.604
2.133885,-0.1931,-0.4231,0.3763,0.598
2.138739,-0.1203,-0.4179,0.3415,0.553
2.149095,-0.0823,-0.4367,0.3415,0.560
2.149459,-0.0836,-0.4220,0.2804,0.514
2.153547,-0.0860,-0.4266,0.2112,0.484
2.158653,-0.0799,-0.3976,0.1614,0.436
2.163871,-0.0410,-0.3351,0.1986,0.392
2.168684,0.0306,-0.2297,0.2649,0.352
2.173862,0.0731,-0.1148,0.2358,0.272
2.178601,0.1298,-0.0910,0.2311,0.280
2.183370,0.1527,-0.1007,0.2559,0.315
2.188362,0.1563,-0.0961,0.3767,0.419
2.193754,0.1066,-0.0915,0.4933,0.513
2.198603,0.0659,-0.0345,0.6254,0.630
2.203983,0.1300,-0.0112,0.7160,0.728
2.208303,0.1983,-0.0218,0.8082,0.832
2.213371,0.2472,-0.0566,0.8740,0.910
2.218964,0.2529,-0.0486,0.8555,0.893
2.223310,0.2728,-0.0171,0.8297,0.874
2.228255,0.2879,-0.0052,0.7630,0.816
2.233170,0.2740,0.0304,0.6934,0.746
2.238433,0.2743,0.0848,0.5629,0.632
2.244025,0.2986,0.1582,0.4478,0.561
2.248434,0.3757,0.1644,0.2947,0.505
2.253255,0.4294,0.1468,0.1273,0.471
2.258819,0.4791,0.1006,-0.0310,0.491
2.263567,0.4627,0.0739,-0.1088,0.481
2.269783,0.4422,0.0762,-0.1161,0.463
2.273064,0.4079,0.1122,-0.1003,0.435
2.278537,0.3934,0.1053,-0.0187,0.408
2.283062,0.3746,0.1082,0.0957,0.401
2.288206,0.3419,0.0680,0.1617,0.384
2.293752,0.3287,0.0233,0.2467,0.412
2.298137,0.3111,-0.0215,0.3657,0.481
2.303158,0.4283,-0.0427,0.7830,0.893
2.308063,0.6469,-0.1026,1.2404,1.403
2.313045,0.9824,-0.1486,1.5232,1.819
2.318928,1.3591,-0.1904,1.8142,2.275
2.323167,1.1492,0.0639,1.6774,2.034
2.327985,0.5715,0.3892,1.1166,1.313
2.332819,0.3007,0.3121,0.7487,0.865
2.337946,0.4765,0.0820,0.5395,0.724
2.343945,0.6008,0.0485,0.4214,0.735
2.347890,0.4721,0.1444,0.4083,0.641
2.352758,0.2960,0.1877,0.3656,0.506
2.357803,0.1779,0.1643,0.2073,0.319
2.362739,0.0263,0.1219,0.0147,0.126
2.368702,-0.1975,0.0991,-0.0495,0.226
2.372749,-0.5423,0.1291,-0.1914,0.589
2.377788,-0.9227,0.0731,-0.3822,1.001
2.382954,-1.0514,-0.0210,-0.4301,1.136
2.387743,-1.0050,-0.1101,-0.4831,1.120
2.392622,-0.9032,-0.0843,-0.5173,1.044
2.397846,-0.8512,-0.0776,-0.4800,0.980
2.404724,-0.8297,-0.1381,-0.4713,0.964
2.407919,-0.7472,-0.2369,-0.3998,0.880
2.412558,-0.7572,-0.3406,-0.4476,0.943
2.417576,-0.7829,-0.3390,-0.4277,0.954
2.423479,-0.7958,-0.3425,-0.3591,0.938
2.427715,-0.7478,-0.3559,-0.3374,0.894
2.432571,-0.6580,-0.4125,-0.3005,0.833
2.437661,-0.5598,-0.4023,-0.2628,0.738
2.442633,-0.4433,-0.4163,-0.1717,0.632
2.447641,-0.2604,-0.3731,-0.0271,0.456
2.452587,-0.1018,-0.3301,0.0991,0.359
2.457497,0.0088,-0.3878,0.1159,0.405
2.462512,0.0522,-0.3833,0.0085,0.387
2.467589,0.0191,-0.3118,-0.1325,0.339
2.472395,0.0148,-0.2595,-0.2877,0.388
2.477505,0.0441,-0.2932,-0.3524,0.461
2.482231,-0.0126,-0.2933,-0.4082,0.503
2.487842,-0.0407,-0.2741,-0.4549,0.533
2.492307,-0.0353,-0.2069,-0.4111,0.462
2.497400,-0.0347,-0.2068,-0.3197,0.382
2.502207,0.0377,-0.2212,-0.2233,0.317
2.507751,0.0672,-0.1974,-0.1357,0.249
2.512646,0.1738,-0.1929,-0.0233,0.261
2.517644,0.2616,-0.1791,0.0371,0.319
2.522311,0.2158,-0.1414,-0.0073,0.258
2.527535,0.1848,-0.0895,-0.0942,0.226
2.532244,0.2023,-0.0855,-0.1330,0.257
2.537229,0.1820,-0.0576,-0.2007,0.277
2.542250,0.1478,-0.0295,-0.2592,0.300
2.547307,0.1189,-0.0444,-0.2848,0.312
2.555233,0.0950,-0.0208,-0.2346,0.254
2.557145,0.0716,-0.0019,-0.1611,0.176
2.561976,0.0679,-0.0164,-0.0834,0.109
2.567109,0.1117,-0.0449,0.0319,0.125
2.572122,0.0940,-0.0398,0.1892,0.215
2.576995,0.0768,-0.0966,0.3551,0.376
2.582031,0.0936,-0.1008,0.4823,0.501
2.587140,0.0157,-0.0908,0.5138,0.522
2.591994,-0.0471,-0.0619,0.5029,0.509
2.596950,-0.1427,-0.0001,0.4497,0.472
2.602086,-0.2091,0.0564,0.3589,0.419
2.607159,-0.2277,0.1125,0.2542,0.359
2.611851,-0.2798,0.1540,0.1021,0.335
2.616906,-0.3555,0.1764,0.0358,0.399
2.621916,-0.3173,0.1703,0.0308,0.361
2.626932,-0.2752,0.1405,0.0680,0.316
2.631727,-0.2767,0.1729,0.1089,0.344
2.637055,-0.2359,0.1529,0.1206,0.306
2.641930,-0.2341,0.1377,0.1319,0.302
2.646849,-0.1807,0.0467,0.1430,0.235
2.652015,-0.1853,0.0229,0.1114,0.217
2.656740,-0.1669,-0.0294,0.0614,0.180
2.661592,-0.1445,-0.1146,0.0789,0.201
2.666784,-0.1372,-0.1803,0.0876,0.243
2.672023,-0.1306,-0.1791,0.0924,0.240
2.684095,-0.1152,-0.1402,0.0789,0.198
2.684471,-0.0244,-0.1493,-0.0333,0.155
2.686656,0.0179,-0.1631,-0.1538,0.225
2.691385,0.0931,-0.1199,-0.2256,0.272
2.696571,0.1342,-0.1673,-0.2493,0.329
2.701849,0.1465,-0.1382,-0.2681,0.335
2.706620,0.1920,-0.1284,-0.2535,0.343
2.711391,0.2467,-0.1139,-0.2201,0.350
2.716554,0.2585,-0.0900,-0.2061,0.343
2.721380,0.2754,-0.0709,-0.1973,0.346
2.727106,0.2448,-0.0377,-0.1839,0.308
2.731309,0.2337,-0.0142,-0.2089,0.314
2.736416,0.1896,0.0187,-0.2389,0.306
2.741310,0.1840,-0.0009,-0.2929,0.346
2.746363,0.1501,0.0226,-0.3089,0.344
2.752075,0.1976,0.0603,-0.3064,0.370
2.756465,0.2259,0.0456,-0.3235,0.397
2.761189,0.2452,0.0074,-0.3126,0.397
2.766749,0.2554,0.0171,-0.2265,0.342
2.771618,0.2139,-0.0015,-0.1274,0.249
2.777166,0.1922,0.0371,-0.0913,0.216
2.781156,0.1234,0.0944,-0.0274,0.158
2.786204,0.0887,0.0659,0.0261,0.114
2.791289,0.0593,0.0851,0.0552,0.118
2.797330,0.0255,0.0614,0.1319,0.148
2.801229,-0.0031,0.0378,0.1940,0.198
2.806242,-0.0504,0.0856,0.2610,0.279
2.813001,-0.1068,0.0901,0.2853,0.318
2.816314,-0.1773,0.0516,0.2673,0.325
2.824608,-0.2139,0.0893,0.2596,0.348
2.826976,-0.2458,0.1076,0.2999,0.402
2.831064,-0.2349,0.0781,0.2501,0.352
2.836137,-0.2338,0.1058,0.2106,0.332
2.841039,-0.2139,0.0905,0.1907,0.300
2.846065,-0.1513,0.0800,0.1236,0.211
2.850936,-0.0892,0.0839,0.0901,0.152
2.856303,-0.1035,0.0688,0.0234,0.126
2.860833,-0.0938,0.0586,-0.0477,0.120
2.865905,-0.0556,0.0724,-0.0713,0.116
2.871064,-0.0461,0.0767,-0.0717,0.115
2.875853,-0.0320,0.0669,-0.0726,0.104
2.880997,0.0156,0.0810,0.0116,0.083
2.885907,0.0630,0.0569,0.0713,0.111
2.890967,0.1007,0.0616,0.1402,0.183
2.895822,0.0717,0.0424,0.2328,0.247
2.900620,0.0714,0.0327,0.3204,0.330
2.905921,0.0473,0.0514,0.3225,0.330
2.910819,0.0233,0.0461,0.2778,0.283
2.915821,0.0042,0.0216,0.2532,0.254
2.920885,-0.0148,-0.0455,0.2007,0.206
2.926078,-0.0004,-0.0978,0.1159,0.152
2.930760,-0.0385,-0.1023,0.0938,0.144
2.938591,-0.0431,-0.1543,-0.0087,0.160
2.940740,-0.0238,-0.1488,-0.0820,0.172
2.948410,-0.0379,-0.1529,-0.1502,0.218
2.950421,-0.0757,-0.1900,-0.2516,0.324
2.955565,-0.1275,-0.1745,-0.2576,0.336
2.960483,-0.1078,-0.1400,-0.2592,0.314
2.965594,-0.0741,-0.1579,-0.2898,0.338
2.970478,-0.0359,-0.1614,-0.2302,0.283
2.975473,0.0114,-0.1696,-0.1901,0.255
2.980778,0.0346,-0.1873,-0.1027,0.216
2.985751,0.0242,-0.1906,-0.1111,0.222
2.990346,-0.0052,-0.2033,-0.1192,0.236
2.995525,0.0131,-0.1971,-0.1034,0.223
3.000462,-0.0450,-0.1861,-0.1730,0.258
3.005500,-0.0651,-0.1990,-0.1614,0.264
3.010355,-0.1089,-0.2165,-0.1594,0.290
3.015368,-0.1098,-0.1959,-0.1101,0.250
3.020301,-0.0919,-0.1944,-0.0614,0.224
3.025316,-0.0742,-0.2024,-0.0654,0.225
3.030335,-0.0569,-0.2388,-0.0456,0.250
3.035699,-0.0634,-0.1800,-0.0118,0.191
3.040495,-0.1174,-0.1500,-0.0308,0.193
3.045598,-0.0664,-0.1346,-0.0259,0.152
3.050237,-0.0681,-0.0812,-0.0973,0.144
3.055624,-0.0747,-0.0805,-0.1685,0.201
3.060816,-0.0717,-0.0274,-0.2062,0.220
3.065383,-0.0308,-0.0079,-0.1776,0.180
3.070073,-0.0095,-0.0076,-0.1255,0.126
3.075329,0.0021,0.0070,-0.1024,0.103
3.080894,0.0564,0.0119,0.0062,0.058
3.088608,0.0196,0.0310,0.0571,0.068
3.090014,0.0019,0.0450,0.0796,0.091
3.095061,0.0317,0.0351,0.1120,0.122
3.100032,0.0041,-0.0082,0.1306,0.131
3.105880,-0.0140,0.0010,0.1640,0.165
3.110657,-0.0275,0.0099,0.2218,0.224
3.114999,-0.0128,0.0566,0.2086,0.217
3.119941,0.0350,0.0030,0.1960,0.199
3.124977,0.1206,0.0116,0.1888,0.224
3.129968,0.1917,-0.0322,-0.0040,0.194
3.135531,0.2248,-0.0467,-0.6099,0.652
3.139905,0.2394,0.0392,-0.8757,0.909
3.144748,0.2449,0.0629,-0.5280,0.585
3.149938,0.2364,0.0343,-0.1458,0.280
3.155036,0.1903,-0.0321,0.0524,0.200
3.160382,0.1687,-0.0883,0.0876,0.210
3.165552,0.1093,-0.1109,0.0274,0.158
3.169671,0.0266,-0.1047,0.0580,0.123
3.174760,-0.0176,-0.0511,0.0978,0.112
3.180065,-0.0331,-0.0597,0.0518,0.086
3.185524,0.0513,-0.0255,0.0918,0.108
3.189839,0.1780,0.0226,0.2743,0.328
3.194570,0.2373,0.0701,0.4847,0.544
3.199583,0.2966,0.1028,0.5185,0.606
3.204721,0.2604,0.1113,0.4909,0.567
3.213125,0.1485,0.1387,0.3596,0.413
3.215047,-0.0055,0.1182,0.2059,0.237
3.224005,-0.1826,0.0648,0.0102,0.194
3.225052,-0.2875,0.0737,-0.3461,0.456
3.229335,-0.2777,0.1351,-0.6392,0.710
3.235141,-0.1541,0.1584,-0.7847,0.815
3.239552,-0.0220,0.1819,-0.7410,0.763
