0.002638,-0.0282,0.1150,-0.3956,0.413
0.007453,0.3007,-0.0988,-0.5855,0.666
0.009163,0.0857,0.1220,-0.4949,0.517
0.015610,0.0009,0.2223,-0.2869,0.363
0.020000,0.0259,0.1176,-0.1520,0.194
0.024145,0.0604,-0.0528,-0.0040,0.080
0.029042,0.0421,-0.1697,0.0531,0.183
0.034136,0.0189,-0.1716,-0.0089,0.173
0.039720,-0.0375,-0.1781,-0.1705,0.249
0.044450,-0.1412,-0.1182,-0.1117,0.215
0.049829,-0.1160,-0.1017,-0.0008,0.154
0.054124,-0.0626,-0.1377,0.1382,0.205
0.059108,0.1760,-0.1403,0.2765,0.357
0.064312,0.3088,-0.0149,0.3241,0.448
0.069702,0.2747,0.1804,0.3102,0.452
0.074165,0.1080,0.2456,0.3447,0.437
0.082615,0.0662,0.1486,0.3461,0.382
0.084175,0.1674,0.0667,0.2713,0.326
0.089152,0.1682,0.0757,0.2304,0.295
0.095607,0.0550,0.1133,0.2133,0.248
0.098825,0.0044,0.1220,0.2583,0.286
0.103857,-0.0130,0.1021,0.2649,0.284
0.109278,-0.0116,0.0870,0.2481,0.263
0.113884,-0.0249,0.0577,0.2509,0.259
0.119416,-0.0100,0.0713,0.2587,0.269
0.123832,-0.0287,0.0847,0.2052,0.224
0.128709,-0.0189,0.0645,0.1715,0.184
0.133762,0.0002,0.0445,0.1336,0.141
0.139147,0.0239,0.0388,0.0961,0.106
0.144624,0.0189,0.0522,0.0589,0.081
0.148659,0.0235,0.0655,0.0268,0.075
0.153627,0.0232,0.0596,-0.0098,0.065
0.158883,0.0134,0.0396,-0.0367,0.056
0.163674,0.0087,0.0246,-0.0399,0.048
0.169272,0.0325,0.0002,-0.0858,0.092
0.173630,0.0137,-0.0334,-0.1363,0.141
0.178535,0.0047,-0.0001,-0.1487,0.149
0.183807,-0.0327,-0.0240,-0.1377,0.144
0.188644,-0.0553,-0.0381,-0.1367,0.152
0.194377,-0.0730,-0.0329,-0.1265,0.150
0.198741,-0.0808,-0.0562,-0.1119,0.149
0.203500,-0.1025,-0.0745,-0.0929,0.157
0.208502,-0.1285,-0.0736,-0.0790,0.168
0.215773,-0.1303,-0.0727,-0.0797,0.169
0.219396,-0.1413,-0.0337,-0.0472,0.153
0.223830,-0.1472,-0.0474,-0.0150,0.155
0.228506,-0.1481,-0.0515,0.0218,0.158
0.233496,-0.1821,-0.0461,0.0206,0.189
0.238205,-0.1871,-0.0646,0.0195,0.199
0.244231,-0.2349,-0.0449,0.0233,0.240
0.248334,-0.2776,-0.0445,0.0082,0.281
0.253281,-0.2585,-0.0631,0.0409,0.269
0.258212,-0.2730,-0.0199,0.0593,0.280
0.263464,-0.2876,-0.0531,0.0683,0.300
0.268184,-0.2596,-0.0718,0.0679,0.278
0.273242,-0.2416,-0.0905,0.0679,0.267
0.278060,-0.2237,-0.0901,0.1204,0.270
0.283214,-0.2346,-0.1183,0.0967,0.280
0.288122,-0.2124,-0.1606,0.1306,0.297
0.293189,-0.1952,-0.1599,0.1597,0.299
0.298387,-0.1733,-0.1924,0.1316,0.290
0.303105,-0.1563,-0.2295,0.0754,0.288
0.308058,-0.1630,-0.2616,0.0766,0.318
0.313061,-0.1886,-0.2364,0.0637,0.309
0.318039,-0.1997,-0.2304,0.0793,0.315
0.323149,-0.1822,-0.2291,0.0519,0.297
0.327988,-0.1789,-0.2516,0.0483,0.312
0.333047,-0.1850,-0.2549,0.0925,0.328
0.340387,-0.2004,-0.2869,0.1271,0.372
0.342942,-0.2059,-0.3234,0.1617,0.416
0.347965,-0.2397,-0.3455,0.1393,0.443
0.352840,-0.2640,-0.3295,0.0889,0.431
0.357719,-0.3313,-0.3089,0.0773,0.460
0.362784,-0.3558,-0.3361,0.0471,0.492
0.367845,-0.4139,-0.3347,0.0508,0.535
0.372910,-0.4535,-0.3524,0.0311,0.575
0.377728,-0.4891,-0.3082,0.0450,0.580
0.382939,-0.5591,-0.3309,0.0687,0.653
0.387702,-0.6157,-0.3202,0.0973,0.701
0.392677,-0.6501,-0.3193,0.1360,0.737
0.397694,-0.6627,-0.3185,0.2084,0.764
0.402804,-0.7011,-0.3465,0.3050,0.839
0.407868,-0.7037,-0.3461,0.4308,0.895
0.412628,-0.6522,-0.3176,0.5525,0.912
0.417559,-0.6369,-0.3088,0.6655,0.972
0.422723,-0.5820,-0.2484,0.7374,0.972
0.427514,-0.5683,-0.2366,0.8445,1.045
0.432633,-0.5815,-0.2211,1.0303,1.204
0.437549,-0.5552,-0.1686,1.2374,1.367
0.442594,-0.5276,-0.0890,1.3803,1.480
0.447668,-0.5412,-0.0536,1.5115,1.606
0.452531,-0.5307,-0.0669,1.5703,1.659
0.457413,-0.4479,-0.0286,1.7089,1.767
0.463283,-0.4695,0.0135,1.9219,1.979
0.467569,-0.4330,0.0593,2.1714,2.215
0.472315,-0.2771,0.1039,2.4576,2.475
0.477236,-0.0540,0.1950,2.7087,2.716
0.482379,0.2007,0.3079,2.8900,2.913
0.487533,0.5741,0.4331,2.9871,3.072
0.492460,0.8807,0.5518,3.0054,3.180
0.497606,1.2426,0.6916,2.9035,3.233
0.502424,1.5800,0.8309,2.7317,3.263
0.507325,1.9098,1.0226,2.4634,3.280
0.512312,2.0875,1.2282,2.1202,3.219
0.517212,2.3069,1.3001,1.7755,3.188
0.522338,2.5404,1.3773,1.3753,3.200
0.527274,2.6641,1.6272,0.8743,3.242
0.532300,2.7216,1.9016,0.4237,3.347
0.537175,2.8432,2.0190,0.0098,3.487
0.542247,2.9706,2.0656,-0.3848,3.639
0.547241,3.0470,2.0605,-0.5763,3.723
0.552394,3.1347,2.0323,-0.5939,3.783
0.557067,3.1093,1.9855,-0.4802,3.720
0.562375,3.0711,1.9009,-0.2919,3.624
0.567102,2.9963,1.7926,-0.1249,3.494
0.572115,2.9515,1.6078,0.0144,3.361
0.579794,2.8933,1.4662,0.1210,3.246
0.582160,2.8408,1.2959,0.0950,3.124
0.588013,2.7317,1.0922,0.0660,2.943
0.592159,2.6329,0.9269,0.0295,2.791
0.597069,2.6104,0.8192,-0.0053,2.736
0.602129,2.5553,0.6681,-0.0753,2.642
0.607157,2.4577,0.5123,-0.1950,2.518
0.611931,2.2842,0.3661,-0.3788,2.344
0.617074,2.1201,0.2966,-0.5601,2.213
0.621990,2.0034,0.1747,-0.7682,2.153
0.627425,1.9422,0.0153,-0.9758,2.174
0.631929,1.8957,-0.1198,-1.2877,2.295
0.636819,1.8823,-0.2735,-1.4985,2.421
0.642048,1.8158,-0.4408,-1.6180,2.472
0.647395,1.8256,-0.5310,-1.6892,2.543
0.652528,1.8302,-0.5967,-1.6974,2.566
0.656719,1.9480,-0.6664,-1.6852,2.661
0.661749,2.0337,-0.8027,-1.6759,2.755
0.666891,2.0432,-1.0145,-1.7402,2.869
0.671858,1.9430,-1.3160,-1.7958,2.955
0.677399,1.7282,-1.4918,-1.8279,2.925
0.681622,1.3740,-1.5132,-1.9220,2.806
0.686680,0.9782,-1.6673,-2.1301,2.876
0.691786,0.6923,-1.9010,-2.2473,3.024
0.696639,0.5419,-2.1090,-2.3835,3.228
0.704334,0.3399,-2.2291,-2.5238,3.384
0.706630,0.0902,-2.3714,-2.7061,3.599
0.711586,-0.1214,-2.5408,-2.8201,3.798
0.716429,-0.4026,-2.6513,-2.7459,3.838
0.721745,-0.6925,-2.6886,-2.6991,3.872
0.727501,-0.8930,-2.7344,-2.8464,4.047
0.731461,-1.1100,-2.9320,-3.0104,4.346
0.736366,-1.4874,-3.0805,-3.2917,4.747
0.741555,-1.9395,-3.2470,-3.6427,5.251
0.746397,-2.4115,-3.3265,-3.9880,5.726
0.752542,-2.8297,-3.3432,-4.2950,6.134
0.756542,-3.2542,-3.3884,-4.6363,6.600
0.761581,-3.6765,-3.3905,-4.9744,7.054
0.766358,-4.0690,-3.4502,-5.3006,7.520
0.771351,-4.5137,-3.5008,-5.5959,7.997
0.776343,-4.8019,-3.6766,-5.7361,8.335
0.781282,-5.2202,-3.9247,-5.6497,8.636
0.786733,-6.0283,-4.1691,-5.3494,9.074
0.791261,-7.0610,-4.3149,-4.7865,9.560
0.796070,-8.1780,-4.2674,-4.0885,10.090
0.801195,-9.3542,-4.2190,-3.5839,10.869
0.806137,-10.6304,-4.3037,-3.2888,11.931
0.812782,-11.8496,-4.6459,-3.0434,13.087
0.816143,-12.8264,-5.2444,-2.7397,14.125
0.821079,-13.5920,-5.8492,-2.3457,14.982
0.825983,-14.0384,-6.5401,-1.9476,15.609
0.831334,-14.2327,-7.3577,-1.5594,16.098
0.835833,-14.1209,-8.3035,-1.3975,16.441
0.841027,-13.8344,-9.1447,-1.0702,16.618
0.845881,-13.1532,-10.2594,-1.1597,16.721
0.851128,-12.2246,-11.2699,-1.8551,16.730
0.856034,-11.1432,-11.7849,-2.7028,16.443
0.861522,-9.7825,-11.9885,-3.7446,15.920
0.865908,-8.1776,-12.0381,-4.9146,15.360
0.871085,-6.4148,-11.8250,-6.1033,14.773
0.875951,-4.4577,-11.3656,-7.2412,14.194
0.880962,-2.2339,-10.7530,-8.1626,13.684
0.885868,0.2465,-9.7896,-8.7400,13.126
0.891154,3.2167,-8.3852,-9.0662,12.761
0.895809,6.6289,-6.7648,-9.3778,13.328
0.900875,10.4046,-4.8491,-9.6787,15.015
0.905910,14.6399,-2.5747,-10.1086,17.976
0.914593,19.3103,-0.1731,-10.8174,22.134
0.916456,23.8521,2.0290,-11.6786,26.635
0.924736,27.8607,4.1740,-12.2588,30.723
0.925802,31.4141,6.2605,-12.6167,34.427
0.932420,33.8632,7.8119,-12.5932,36.964
0.935614,34.7070,8.5784,-11.6152,37.591
0.940628,33.9169,8.8529,-9.7627,36.387
0.945632,31.7673,8.8451,-7.5850,33.837
0.951230,28.8227,8.5079,-5.4220,30.537
0.955674,25.8503,7.8581,-3.4618,27.239
0.961070,23.0213,7.1144,-2.0306,24.181
0.965602,20.3460,6.2524,-1.1336,21.315
0.972134,17.7232,5.2443,-0.7059,18.496
0.975579,15.0794,4.1185,-0.8709,15.656
0.985446,12.5030,3.0129,-1.2999,12.926
0.986533,10.1596,1.8614,-1.8388,10.491
0.990390,7.9370,0.6761,-2.3469,8.304
0.995286,5.8281,-0.5089,-2.7273,6.455
1.001024,3.8058,-1.5766,-3.0313,5.115
1.005367,2.0821,-2.6311,-3.1464,4.600
1.011384,0.5770,-3.7813,-3.2850,5.042
1.015310,-1.0330,-4.7957,-3.4647,6.006
1.020383,-2.5942,-5.7011,-3.7518,7.301
1.025370,-4.1728,-6.5538,-4.0913,8.781
1.030202,-5.7208,-7.3835,-4.4517,10.347
1.035616,-7.7281,-8.0572,-4.8059,12.155
1.040209,-9.9701,-8.6103,-5.4059,14.240
1.045153,-13.8807,-8.5955,-6.5088,17.576
1.050211,-18.8038,-8.4764,-7.1387,21.826
1.055120,-21.9784,-9.0549,-7.4662,24.916
1.062208,-24.9192,-9.1525,-6.9003,27.429
1.065208,-27.1540,-9.3376,-5.5549,29.247
1.070639,-28.2788,-10.1282,-3.8902,30.289
1.075130,-28.6857,-11.4319,-2.3456,30.969
1.086049,-28.4382,-12.9635,-1.2847,31.280
1.086856,-27.3555,-14.7513,-1.0316,31.096
1.091743,-25.7245,-16.3582,-1.8396,30.541
1.101872,-23.1739,-17.9640,-3.7138,29.555
1.102490,-19.8477,-19.5477,-6.3596,28.574
1.105384,-16.6662,-20.2410,-9.3818,27.847
1.110285,-13.6477,-20.0705,-12.2681,27.195
1.114925,-10.4912,-19.4319,-14.6929,26.524
1.119982,-7.1802,-18.5210,-16.4442,25.787
1.125061,-3.7761,-17.2530,-17.3110,24.730
1.130472,-0.5711,-15.6489,-17.3951,23.405
1.135123,2.4084,-13.9530,-16.8421,22.003
1.139887,5.1004,-12.1416,-15.5916,20.409
1.144714,7.4963,-9.9788,-14.1873,18.896
1.149826,9.8347,-7.6040,-12.8830,17.903
1.155001,12.4476,-5.2144,-11.9064,17.997
1.160226,15.6650,-2.9115,-11.2430,19.501
1.164803,19.2382,-0.9228,-10.7375,22.051
1.169992,22.6715,0.8133,-10.1138,24.838
1.174990,25.5019,2.3837,-9.1243,27.190
1.179772,27.7548,3.7732,-7.8010,29.076
1.187101,29.5239,4.7912,-6.2894,30.564
1.190436,30.4896,5.4398,-4.7616,31.335
1.195250,30.3889,5.9333,-3.1504,31.123
1.199758,29.2997,6.3363,-1.6064,30.020
1.204506,27.2915,6.6449,-0.3679,28.091
1.211369,24.6477,6.8642,0.6076,25.593
1.214554,21.7217,6.9938,1.2856,22.856
1.220132,18.7501,6.9041,1.6448,20.048
1.225011,15.9474,6.7394,1.7855,17.405
1.230186,13.4682,6.3213,1.7382,14.979
1.235795,11.1277,5.7074,1.5426,12.601
1.239459,8.9766,4.9481,1.1193,10.311
1.244293,7.0222,4.1362,0.6898,8.179
1.250482,5.3006,3.3068,0.2361,6.252
1.254689,3.8112,2.4250,-0.1472,4.520
1.259680,2.6343,1.5454,-0.6326,3.119
1.264424,1.6742,0.6660,-1.0296,2.075
1.269465,0.8617,-0.1933,-1.3998,1.655
1.274499,0.2617,-1.0844,-1.7711,2.093
1.279422,-0.2818,-1.9255,-2.0954,2.860
1.284680,-0.8807,-2.7531,-2.3963,3.755
1.289358,-1.5064,-3.5361,-2.7409,4.721
1.294319,-2.1324,-4.1727,-3.0185,5.574
1.299531,-2.8813,-4.6107,-3.1870,6.302
1.304233,-3.3156,-4.9656,-3.2181,6.783
1.312906,-3.6531,-5.1618,-3.1834,7.080
1.314129,-3.9608,-5.2957,-3.0815,7.296
1.320845,-4.0800,-5.4076,-2.9243,7.378
1.324252,-4.0337,-5.4885,-2.7392,7.341
1.329569,-3.9943,-5.3817,-2.4688,7.142
1.334139,-3.8949,-5.2273,-2.1991,6.880
1.339261,-3.8456,-5.1169,-2.0447,6.720
1.344056,-3.7430,-4.9844,-1.9340,6.526
1.349297,-3.5104,-4.7586,-1.8498,6.196
1.354024,-3.2690,-4.5742,-1.8741,5.926
1.359083,-2.9605,-4.3980,-2.0558,5.686
1.364015,-2.6898,-4.2589,-2.3006,5.538
1.369688,-2.5134,-4.1286,-2.4617,5.424
1.373863,-2.3368,-3.9547,-2.4828,5.222
1.379227,-2.1562,-3.7755,-2.4372,4.984
1.383810,-1.9634,-3.6152,-2.4646,4.796
1.388865,-1.7726,-3.4309,-2.4988,4.600
1.393797,-1.5689,-3.3662,-2.5165,4.486
1.399028,-1.3138,-3.3157,-2.4943,4.352
1.403907,-1.1464,-3.2415,-2.4322,4.212
1.408790,-0.9735,-3.1289,-2.3640,4.041
1.413813,-0.8434,-2.9686,-2.1454,3.759
1.418854,-0.7073,-2.7846,-1.8676,3.427
1.424022,-0.5407,-2.5721,-1.6352,3.095
1.429962,-0.4051,-2.3502,-1.4620,2.797
1.433668,-0.2288,-2.2289,-1.2611,2.571
1.438943,-0.1725,-2.0786,-1.0846,2.351
1.443696,-0.1406,-1.9569,-0.8982,2.158
1.448760,-0.0752,-1.7487,-0.6682,1.874
1.453674,0.0339,-1.5546,-0.4707,1.625
1.458676,0.1631,-1.4176,-0.3144,1.461
1.463671,0.1732,-1.2276,-0.2129,1.258
1.471093,0.1330,-1.1756,-0.1044,1.188
1.473640,0.0180,-1.1181,-0.0411,1.119
1.478721,-0.0858,-1.0167,-0.0278,1.021
1.483550,-0.1643,-0.9196,-0.1556,0.947
1.489108,-0.2610,-0.8457,-0.4056,0.974
1.493749,-0.3721,-0.8623,-0.6535,1.144
1.498715,-0.4867,-0.9306,-0.9001,1.383
1.503458,-0.5625,-0.9118,-1.1647,1.583
1.508553,-0.6620,-0.8780,-1.5385,1.891
1.513432,-0.9100,-0.8676,-1.9835,2.348
1.518925,-1.2253,-0.9093,-2.3423,2.795
1.523368,-1.5613,-0.9939,-2.6066,3.197
1.528511,-1.9080,-1.0732,-2.8875,3.623
1.533416,-2.2907,-1.2148,-3.1995,4.118
1.538534,-2.7584,-1.3570,-3.4572,4.626
1.543839,-3.1641,-1.5863,-3.6186,5.062
1.548676,-3.6961,-1.8222,-3.5547,5.442
1.553719,-4.5431,-2.0753,-3.4190,6.053
1.558254,-5.5863,-2.2936,-3.0743,6.776
1.563348,-6.4795,-2.5695,-2.5264,7.414
1.568759,-7.8050,-2.8709,-2.1776,8.597
1.573274,-9.4517,-3.3670,-1.6306,10.165
1.578158,-11.1323,-3.9638,-1.0189,11.861
1.583086,-12.9815,-4.7638,-0.3508,13.832
1.588192,-15.1086,-5.7214,0.3784,16.160
1.596284,-17.5105,-6.5897,1.0542,18.739
1.598384,-19.6059,-7.6471,1.7226,21.115
1.604595,-20.9851,-9.1129,2.5133,23.016
1.608104,-21.9151,-11.0267,3.0270,24.719
1.614357,-22.3819,-13.3668,3.4359,26.295
1.623523,-22.6504,-15.7883,3.4059,27.819
1.631111,-22.8907,-18.2127,2.3364,29.345
1.631760,-22.4170,-20.7525,0.2983,30.550
1.632946,-21.1979,-23.0732,-2.7647,31.454
1.638126,-19.6368,-24.9802,-6.6424,32.461
1.644790,-17.5994,-26.2382,-11.0307,33.464
1.648026,-14.8098,-26.7137,-15.2964,34.160
1.653155,-11.3826,-26.3899,-18.6757,34.275
1.657887,-7.1341,-25.5260,-20.7863,33.683
1.662937,-1.9895,-24.3266,-21.6972,32.657
1.668513,2.6445,-22.4918,-21.7516,31.401
1.672825,6.6840,-20.2404,-21.4114,30.213
1.677852,10.4557,-17.6772,-21.4363,29.687
1.682903,15.2241,-14.1369,-21.6644,30.016
1.688420,22.1207,-9.9337,-22.1424,32.837
1.696518,30.2560,-5.3961,-23.1751,38.492
1.697842,38.0713,-0.9854,-24.3768,45.217
1.703326,43.9786,2.9533,-24.7765,50.564
1.707752,47.3964,5.7734,-24.1849,53.523
1.712599,48.2118,6.9273,-22.6733,53.726
1.717542,45.8057,6.4665,-19.9651,50.384
1.722616,40.8400,5.1405,-16.2473,44.253
1.729647,35.0948,3.4417,-12.4880,37.409
1.732608,28.8395,1.8942,-9.4453,30.406
1.738613,22.5301,0.9203,-7.2168,23.676
1.742527,17.4901,0.4435,-5.8224,18.439
1.747755,13.9549,0.1065,-4.7501,14.742
1.754885,11.3268,-0.1149,-3.8799,11.973
1.757457,9.0798,-0.3187,-3.0749,9.592
1.762262,6.9787,-0.5172,-2.4300,7.408
1.767487,4.9230,-0.7163,-1.9632,5.348
1.772580,2.8305,-0.9918,-1.6209,3.409
1.777491,0.7776,-1.2785,-1.3242,1.998
1.782256,-1.0019,-1.6532,-0.9977,2.175
1.787337,-2.5659,-2.0733,-0.5837,3.350
1.792253,-3.9046,-2.4013,-0.0103,4.584
1.797361,-5.1118,-2.6665,0.5002,5.787
1.802364,-5.9794,-2.9825,0.7704,6.726
1.807403,-6.7152,-3.2974,0.8621,7.531
1.812410,-7.3319,-3.5890,0.7487,8.197
1.817576,-7.6884,-3.8159,0.4847,8.597
1.822305,-7.8291,-3.9274,0.2307,8.762
1.827346,-7.6848,-4.0305,-0.0193,8.678
1.832252,-7.2264,-4.1464,-0.3594,8.339
1.837288,-6.7713,-4.2618,-0.7377,8.035
1.842134,-6.3324,-4.3348,-1.1032,7.753
1.847420,-5.9180,-4.2657,-1.5051,7.449
1.852207,-5.5077,-4.2182,-1.8775,7.187
1.857296,-5.1162,-4.1783,-2.2312,6.972
1.862792,-4.7589,-4.1944,-2.5100,6.822
1.867237,-4.4796,-4.1423,-2.7048,6.674
1.874497,-4.2777,-4.1516,-2.9027,6.630
1.877217,-4.0429,-4.0645,-2.9943,6.468
1.881910,-3.8226,-3.9962,-2.9941,6.289
1.887279,-3.5978,-3.9087,-2.9309,6.067
1.891987,-3.3475,-3.7591,-2.9344,5.826
1.897176,-3.1919,-3.5954,-2.8415,5.585
1.902003,-3.0254,-3.4322,-2.7099,5.318
1.907130,-2.8048,-3.2408,-2.5733,4.999
1.911834,-2.6537,-3.0692,-2.4269,4.728
1.916928,-2.4757,-2.8935,-2.2461,4.421
1.921824,-2.2988,-2.6514,-2.0026,4.040
1.927118,-2.2474,-2.3671,-1.7588,3.708
1.931871,-2.1436,-2.0645,-1.5673,3.364
1.936778,-1.9489,-1.7723,-1.3565,2.963
1.941679,-1.8256,-1.4999,-1.1553,2.630
1.946896,-1.7155,-1.2759,-1.0022,2.361
1.951935,-1.6280,-1.0333,-0.8069,2.090
1.957123,-1.3949,-0.8484,-0.6843,1.770
1.961759,-1.1110,-0.7306,-0.5967,1.457
1.966686,-0.8091,-0.6128,-0.5297,1.145
1.971673,-0.4788,-0.4997,-0.4501,0.826
1.985610,-0.1524,-0.3959,-0.4103,0.590
1.985993,0.1417,-0.3300,-0.4112,0.546
1.986884,0.3804,-0.2924,-0.3713,0.607
1.991554,0.5544,-0.3021,-0.3340,0.714
1.996791,0.6973,-0.3015,-0.2704,0.806
2.001979,0.7518,-0.3339,-0.2093,0.849
2.006737,0.7466,-0.3464,-0.1697,0.840
2.011510,0.7391,-0.3486,-0.1043,0.824
2.016575,0.7534,-0.3166,-0.0129,0.817
2.021549,0.7893,-0.3031,0.0284,0.846
2.026918,0.8421,-0.3080,0.1250,0.905
2.031517,0.7778,-0.3218,0.2248,0.871
2.036481,0.7446,-0.3495,0.3477,0.893
2.041348,0.6900,-0.3288,0.5415,0.937
2.046651,0.6231,-0.3366,0.7502,1.032
2.052331,0.5339,-0.2966,0.9411,1.122
2.056477,0.4557,-0.2903,1.1630,1.282
2.062183,0.3495,-0.2893,1.3064,1.383
2.066253,0.1668,-0.3272,1.4009,1.448
2.071440,0.0800,-0.2985,1.4216,1.455
2.076852,-0.0267,-0.2993,1.3597,1.392
2.081221,-0.1007,-0.2815,1.1857,1.223
2.086249,-0.1470,-0.2785,0.9424,0.994
2.091283,-0.1752,-0.2663,0.7964,0.858
2.096299,-0.2145,-0.2926,0.6423,0.738
2.103189,-0.2071,-0.2808,0.5558,0.656
2.106349,-0.1962,-0.2835,0.5565,0.655
2.111274,-0.2010,-0.2912,0.6009,0.697
2.116323,-0.1449,-0.3184,0.6273,0.718
2.121281,-0.0759,-0.3650,0.6548,0.753
2.126845,-0.0177,-0.4120,0.6887,0.803
2.131189,0.0252,-0.4354,0.7097,0.833
2.136185,0.0385,-0.4593,0.6892,0.829
2.141107,0.0266,-0.4310,0.7134,0.834
2.146614,-0.0007,-0.3793,0.7966,0.882
2.152145,0.0665,-0.3234,0.7905,0.857
2.156145,0.1375,-0.3016,0.7668,0.835
2.161255,0.1789,-0.2754,0.7301,0.801
2.165932,0.1715,-0.2210,0.6947,0.749
2.170846,0.1155,-0.2101,0.6414,0.685
2.176826,0.0968,-0.2331,0.6130,0.663
2.180934,0.1683,-0.2084,0.5760,0.635
2.185873,0.2008,-0.1505,0.5110,0.569
2.190879,0.2618,-0.1119,0.3937,0.486
2.195891,0.3610,-0.0973,0.2716,0.462
2.200852,0.4175,-0.1016,0.1684,0.462
2.205878,0.4602,-0.0961,0.0791,0.477
2.210989,0.4318,-0.0473,0.0321,0.436
2.215774,0.4041,-0.0078,-0.0445,0.407
2.220656,0.3962,0.0080,-0.1125,0.412
2.226150,0.3986,0.0098,-0.1621,0.430
2.230674,0.3730,0.0070,-0.1742,0.412
2.239071,0.2906,-0.0145,-0.2158,0.362
2.240592,0.1990,-0.0503,-0.1958,0.284
2.245633,0.0929,-0.0380,-0.2000,0.224
2.250539,0.0248,-0.0545,-0.1179,0.132
2.255531,-0.0727,-0.0473,-0.0834,0.120
2.260770,-0.1089,-0.0546,-0.0195,0.123
2.265528,-0.1750,-0.0575,0.0403,0.189
2.271130,-0.1465,-0.0513,0.1542,0.219
2.275615,0.4285,-0.1704,0.5868,0.746
2.280352,1.3219,-0.2139,1.2197,1.811
2.285389,1.1344,0.2055,1.4255,1.833
2.290330,0.3188,0.6475,1.1166,1.330
2.295430,0.4268,0.6052,0.8910,1.159
2.300347,0.9811,0.3378,0.7341,1.271
2.305452,0.9190,0.3435,0.4869,1.095
2.310309,0.5174,0.4977,0.3446,0.796
2.315322,0.4990,0.5803,0.2824,0.816
2.320231,0.4037,0.6394,0.1181,0.765
2.325357,0.3612,0.6320,-0.0049,0.728
2.330759,0.2615,0.5773,-0.1441,0.650
2.336674,0.3300,0.4372,-0.1367,0.565
2.340155,0.2649,0.3839,-0.1118,0.480
2.345186,0.1906,0.3262,-0.0643,0.383
2.350111,0.1453,0.2928,-0.0367,0.329
2.355256,-0.2548,0.2787,-0.1824,0.419
2.360532,-0.2289,0.1549,-0.2473,0.371
2.365060,-0.4336,0.0600,-0.3269,0.546
2.370024,-0.5726,-0.0156,-0.3254,0.659
2.375117,-0.5262,-0.0387,-0.2520,0.585
2.380037,-0.4812,-0.0331,-0.2070,0.525
2.385034,-0.4519,-0.0423,-0.1230,0.470
2.390428,-0.3280,-0.0758,0.0053,0.337
2.395006,-0.0800,-0.0954,0.1495,0.195
2.399969,-0.1295,-0.0868,0.2044,0.257
2.404940,0.0362,-0.0834,0.2417,0.258
2.409870,0.2499,-0.0851,0.2321,0.352
2.414949,0.2868,-0.0200,0.1322,0.316
2.419819,0.2955,-0.0075,0.1331,0.324
2.425407,0.4297,-0.0093,0.1289,0.449
2.429814,0.4114,0.0561,0.0286,0.416
2.438139,0.2691,0.1360,-0.0248,0.303
2.439801,0.2183,0.1828,-0.1082,0.305
2.448747,0.2875,0.1965,-0.2219,0.413
2.450397,0.3335,0.2107,-0.2656,0.476
2.454965,0.2746,0.1920,-0.2200,0.401
2.460053,0.2116,0.1401,-0.1469,0.293
2.464755,0.1193,0.0975,-0.0933,0.180
2.469683,0.0227,0.0410,-0.0214,0.052
2.474824,-0.0830,0.0039,0.0358,0.090
2.479817,-0.1315,-0.0378,0.0695,0.153
2.484981,-0.1277,-0.0699,0.0179,0.147
2.489678,-0.1578,-0.1068,-0.0038,0.191
2.494677,-0.1645,-0.1199,0.0185,0.204
2.499555,-0.1813,-0.1713,0.0607,0.257
2.504628,-0.2129,-0.1987,0.0703,0.300
2.510196,-0.1877,-0.1597,0.1233,0.276
2.514582,-0.1204,-0.1308,0.1338,0.223
2.519572,-0.0443,-0.1307,0.0974,0.169
2.524715,0.0312,-0.1023,0.1235,0.163
2.529471,-0.0364,-0.0837,0.1876,0.209
2.534923,0.0580,-0.1222,0.1797,0.225
2.539731,0.1093,-0.0604,0.0953,0.157
2.547106,0.0753,0.0201,-0.0079,0.078
2.549337,0.0088,-0.0093,0.0081,0.015
2.554386,0.0575,-0.0191,-0.0196,0.064
2.560034,0.0446,-0.0334,-0.0383,0.068
2.564397,-0.0533,-0.0189,-0.0194,0.060
2.570165,-0.1312,0.0242,-0.0010,0.133
2.574547,-0.2082,0.0430,0.0886,0.230
2.579237,-0.1703,-0.0047,0.1062,0.201
2.584923,-0.0564,-0.0946,-0.0482,0.120
2.589264,-0.2379,0.0018,-0.1546,0.284
2.594369,-0.3037,0.0975,-0.0990,0.334
2.599269,-0.2168,0.0214,-0.1012,0.240
2.604258,-0.2586,-0.0396,-0.0895,0.277
2.610214,-0.2478,-0.0858,0.0170,0.263
2.614250,-0.1515,-0.0795,0.1469,0.226
2.619235,-0.1698,-0.0450,0.2860,0.336
2.624222,-0.1784,-0.0681,0.3822,0.427
2.629902,-0.2062,-0.0439,0.4886,0.532
2.635729,-0.1626,-0.0155,0.5621,0.585
2.639085,-0.0815,-0.0826,0.3981,0.415
2.644413,-0.1817,-0.0020,0.3597,0.403
2.649345,-0.2720,0.0681,0.5128,0.584
2.654119,-0.1005,-0.0195,0.4610,0.472
2.661571,0.0176,-0.0160,0.2388,0.240
2.664071,-0.1649,0.1299,0.0659,0.220
2.669653,-0.1465,0.1177,0.0232,0.189
2.674057,0.0382,0.0391,0.0143,0.056
2.679176,0.0030,0.0561,-0.0421,0.070
2.684082,0.0204,0.0684,-0.1840,0.197
2.689656,-0.1717,0.0950,-0.2491,0.317
2.701615,-0.1487,0.1261,-0.1950,0.276
2.702067,-0.1880,0.0524,-0.2127,0.289
2.704083,-0.2657,0.0030,-0.2112,0.339
2.708770,-0.1817,-0.0887,-0.1858,0.275
2.714210,-0.1323,-0.0041,-0.0317,0.136
2.718996,-0.2312,-0.0012,0.0459,0.236
2.723909,-0.3825,-0.0226,0.2336,0.449
2.728740,0.0038,-0.1151,0.2016,0.232
2.735062,-0.0173,-0.0502,0.1036,0.116
2.738740,-0.1719,0.1280,0.1591,0.267
2.743827,-0.0453,0.1098,0.3287,0.349
2.749477,0.3898,-0.0222,0.2258,0.451
2.753797,0.1326,0.1130,0.2095,0.272
2.758829,-0.0848,0.1898,0.4126,0.462
2.763641,0.4606,0.0522,0.3244,0.566
2.768677,0.2845,0.1106,0.1608,0.345
2.773712,-0.0757,0.1826,0.2605,0.327
2.779044,0.4089,0.0165,0.1789,0.447
2.784070,0.3012,0.0799,-0.0214,0.312
2.788510,-0.0242,0.1713,-0.0248,0.175
2.793788,-0.0574,0.0434,0.0764,0.105
2.799002,0.4239,-0.0405,-0.1518,0.452
2.804402,0.2033,0.1902,-0.3601,0.455
2.809177,0.1749,0.2102,-0.3489,0.443
2.813580,-0.0576,0.2255,-0.3433,0.415
2.824352,0.1730,0.0555,-0.3388,0.384
2.824667,0.2406,0.0063,-0.5496,0.600
2.828371,-0.0342,0.1525,-0.6030,0.623
2.834137,0.1310,0.0461,-0.9853,0.995
2.838683,0.2489,-0.0775,-1.9003,1.918
2.843535,0.2715,-0.0567,-1.3900,1.417
2.848410,0.1511,-0.0598,-0.2333,0.284
2.853383,0.1596,-0.1297,0.3354,0.393
2.858309,0.2204,-0.1805,0.3690,0.466
2.863293,0.2526,-0.2786,0.2515,0.452
2.868472,0.3088,-0.3096,0.2356,0.497
2.873213,0.2746,-0.1934,0.3161,0.461
2.878102,0.1977,-0.0642,0.4208,0.469
2.883268,0.0924,0.0494,0.4690,0.481
2.888089,0.0491,0.0381,0.3801,0.385
2.893245,-0.0039,-0.0633,0.1971,0.207
2.898669,-0.0807,-0.0593,-0.0705,0.122
2.903239,-0.0622,0.0163,-0.3846,0.390
2.908012,-0.0630,0.1203,-0.6129,0.628
2.913335,-0.0356,0.1290,-0.7087,0.721
2.919175,0.0201,0.1574,-0.7637,0.780
