0.000809,-0.1928,0.1090,-0.6832,0.718
0.004344,-0.1471,0.0746,-0.6045,0.627
0.008128,-0.1065,0.0312,-0.4945,0.507
0.016695,0.0961,-0.0116,-0.3435,0.357
0.017660,0.1741,0.0125,-0.2320,0.290
0.022471,0.0664,-0.0017,-0.0928,0.114
0.030609,0.0072,-0.1537,0.3121,0.348
0.032487,0.3197,-0.1195,0.6055,0.695
0.037415,0.4499,0.0901,0.5075,0.684
0.042787,0.2561,0.2645,0.5109,0.630
0.047271,0.0498,0.2045,0.4246,0.474
0.052280,0.1876,0.0595,0.2392,0.310
0.057486,0.2772,0.0631,0.1643,0.328
0.062220,0.1905,0.1474,0.1277,0.273
0.067947,0.0807,0.1741,0.1433,0.240
0.072186,0.0810,0.1388,0.1779,0.240
0.077323,0.1144,0.0943,0.1886,0.240
0.082392,0.0997,0.0596,0.3089,0.330
0.087247,0.0514,0.0012,0.4051,0.408
0.092274,0.0315,-0.0046,0.4683,0.469
0.097705,0.0158,-0.0343,0.5370,0.538
0.102232,-0.0004,-0.0736,0.5351,0.540
0.107378,0.0160,-0.1365,0.4964,0.515
0.112053,-0.0111,-0.1467,0.4304,0.455
0.117515,0.0231,-0.1808,0.3420,0.388
0.122018,0.0660,-0.1720,0.2833,0.338
0.128683,0.0467,-0.1537,0.1539,0.222
0.132068,0.0747,-0.1354,0.0539,0.164
0.137010,0.0645,-0.1647,-0.0458,0.183
0.142485,0.0781,-0.1604,-0.1597,0.239
0.150364,0.0868,-0.1227,-0.2066,0.255
0.152042,0.0479,-0.1231,-0.2494,0.282
0.157272,-0.0002,-0.1280,-0.2878,0.315
0.162561,-0.0385,-0.1566,-0.2552,0.302
0.166883,-0.0674,-0.1753,-0.2710,0.330
0.171712,-0.0919,-0.2032,-0.2535,0.338
0.176756,-0.1740,-0.2024,-0.2408,0.359
0.181930,-0.1802,-0.2063,-0.2330,0.360
0.187456,-0.2158,-0.1769,-0.2063,0.347
0.191894,-0.1662,-0.2141,-0.2036,0.339
0.196763,-0.0892,-0.2653,-0.1487,0.317
0.201833,-0.0509,-0.2875,-0.1562,0.331
0.206902,-0.0182,-0.3047,-0.1682,0.348
0.211926,0.0143,-0.2933,-0.1895,0.349
0.216795,0.0369,-0.3056,-0.2252,0.381
0.221872,-0.0071,-0.3131,-0.2276,0.387
0.226834,-0.0554,-0.3014,-0.2395,0.389
0.232185,-0.1124,-0.3041,-0.2802,0.428
0.236773,-0.1263,-0.2733,-0.3066,0.430
0.242256,-0.1353,-0.1953,-0.3427,0.417
0.247042,-0.1391,-0.1747,-0.4314,0.486
0.251479,-0.1902,-0.1115,-0.4535,0.504
0.256621,-0.2836,-0.0581,-0.4050,0.498
0.262101,-0.3763,-0.0241,-0.4621,0.596
0.266774,-0.4402,-0.0661,-0.4529,0.635
0.271787,-0.4613,-0.0745,-0.3920,0.610
0.276458,-0.4971,-0.0541,-0.3032,0.585
0.282320,-0.5095,-0.0197,-0.1960,0.546
0.291272,-0.5796,-0.0284,-0.0794,0.586
0.291689,-0.6165,0.0055,0.0041,0.617
0.296504,-0.6688,-0.0227,0.0647,0.672
0.301650,-0.7267,-0.0177,0.1217,0.737
0.307011,-0.7856,0.0013,0.1417,0.798
0.311153,-0.8172,0.0249,0.1297,0.828
0.316172,-0.8359,0.0861,0.0858,0.845
0.321102,-0.8652,0.1468,0.0622,0.880
0.326178,-0.8921,0.1785,0.0400,0.911
0.331451,-0.9874,0.2576,0.0568,1.022
0.336587,-1.0274,0.2932,0.0889,1.072
0.341497,-0.9791,0.3286,0.1743,1.047
0.346053,-0.8621,0.4493,0.2696,1.009
0.351182,-0.7517,0.5263,0.3033,0.966
0.356271,-0.6631,0.5836,0.3434,0.948
0.361711,-0.5431,0.5596,0.4132,0.883
0.366641,-0.4203,0.5834,0.5364,0.897
0.370950,-0.2567,0.6496,0.6650,0.964
0.376103,-0.1089,0.7342,0.7994,1.091
0.380997,0.1430,0.7752,0.9345,1.223
0.386361,0.3451,0.8536,1.0239,1.377
0.391024,0.5745,0.9074,1.1481,1.572
0.395962,0.7838,0.9273,1.2923,1.773
0.400988,1.0878,1.0086,1.4473,2.072
0.406498,1.3960,1.1078,1.6175,2.407
0.411660,1.6178,1.2169,1.6774,2.629
0.415945,1.9175,1.2870,1.7296,2.885
0.420842,2.3487,1.3567,1.7110,3.207
0.426266,2.7926,1.4352,1.6832,3.563
0.430936,3.1928,1.5130,1.6217,3.888
0.435954,3.5310,1.5947,1.5885,4.187
0.440799,3.7935,1.6470,1.5681,4.423
0.445800,4.0000,1.7460,1.4469,4.598
0.450953,4.2178,1.8154,1.2764,4.766
0.455837,4.3276,1.8074,1.0425,4.804
0.461768,4.2871,1.8178,0.7448,4.716
0.465890,4.1681,1.7751,0.4740,4.555
0.470708,3.9888,1.7274,0.1573,4.350
0.475822,3.7167,1.6890,-0.1039,4.084
0.480649,3.4367,1.5645,-0.2726,3.786
0.487005,3.3446,1.4356,-0.5737,3.685
0.490546,3.2770,1.3836,-0.7343,3.632
0.495637,3.1669,1.3271,-0.8219,3.531
0.500588,2.9556,1.1613,-0.9180,3.306
0.505978,2.7457,0.9867,-0.9506,3.069
0.510627,2.5594,0.8179,-0.9583,2.853
0.515678,2.3100,0.6980,-0.9934,2.610
0.520449,2.0640,0.5697,-0.9604,2.347
0.525592,1.8737,0.4474,-0.8256,2.096
0.530612,1.8713,0.3024,-0.5980,1.988
0.535686,1.9401,0.1921,-0.3826,1.987
0.540454,2.0311,0.1020,-0.2500,2.049
0.545448,2.1643,-0.0013,-0.1521,2.170
0.550412,2.2537,-0.1655,-0.2028,2.269
0.555463,2.1804,-0.3520,-0.3157,2.231
0.560372,1.9812,-0.5130,-0.4666,2.099
0.565454,1.7836,-0.6339,-0.5315,1.966
0.573184,1.5090,-0.6860,-0.5440,1.745
0.575425,1.2571,-0.7651,-0.5565,1.573
0.580236,1.0173,-0.9187,-0.6403,1.513
0.585350,0.8228,-1.1323,-0.7907,1.608
0.590355,0.7235,-1.3437,-0.8732,1.758
0.595300,0.6035,-1.5239,-0.9457,1.892
0.600172,0.3794,-1.6254,-0.9217,1.907
0.605243,0.1662,-1.6963,-0.8775,1.917
0.610151,-0.0222,-1.8274,-0.8885,2.032
0.615164,-0.2625,-1.9184,-0.8491,2.114
0.620080,-0.4237,-1.9984,-0.7112,2.163
0.625441,-0.6169,-2.0815,-0.7093,2.284
0.630151,-0.9644,-2.1153,-0.6996,2.428
0.635152,-1.2983,-2.1863,-0.7248,2.644
0.640287,-1.5810,-2.3039,-0.8803,2.930
0.645260,-1.8705,-2.4920,-1.1755,3.330
0.650185,-2.2651,-2.5887,-1.6828,3.829
0.655582,-2.7812,-2.6798,-2.0821,4.388
0.660025,-3.2350,-2.8327,-2.4177,4.933
0.665911,-3.5366,-2.9665,-2.9820,5.495
0.674537,-3.7967,-3.1149,-3.4166,5.983
0.675002,-4.0587,-3.3546,-3.6936,6.432
0.679831,-4.2860,-3.6048,-3.8425,6.792
0.684845,-4.5959,-3.7838,-3.9253,7.131
0.689965,-4.8466,-3.9405,-3.9469,7.389
0.695097,-5.0240,-4.1849,-3.9695,7.649
0.700029,-5.3961,-4.4216,-4.0556,8.069
0.704890,-5.8625,-4.6174,-4.0616,8.496
0.709995,-6.4242,-4.8160,-3.9928,8.967
0.714845,-7.3451,-5.0899,-3.9302,9.762
0.720020,-8.7094,-5.5023,-3.8313,10.991
0.724982,-10.1940,-6.1066,-3.6488,12.431
0.729766,-11.8593,-6.4448,-3.2870,13.892
0.734667,-13.6906,-6.6100,-2.8940,15.476
0.739746,-15.3179,-6.9760,-2.5469,17.023
0.744995,-16.7884,-7.5060,-2.3557,18.540
0.750458,-18.3681,-8.1992,-2.2371,20.239
0.757289,-19.5065,-8.9589,-2.0344,21.562
0.759910,-19.8772,-9.8932,-1.7430,22.271
0.767119,-19.8596,-11.1558,-1.6199,22.836
0.773504,-19.4284,-12.5066,-1.3795,23.147
0.774684,-18.5399,-13.8523,-1.1881,23.174
0.782406,-16.9712,-15.0466,-1.2956,22.718
0.784458,-14.9716,-15.9976,-1.9532,21.997
0.789930,-12.9420,-16.7427,-2.9462,21.366
0.796977,-10.9913,-17.1245,-4.2260,20.783
0.799454,-9.1974,-17.0780,-5.6515,20.204
0.805764,-7.5476,-16.7583,-7.1225,19.711
0.809504,-5.6383,-16.4893,-8.5786,19.424
0.814375,-3.2333,-16.3040,-9.7980,19.294
0.819762,-0.2891,-15.9599,-10.6645,19.197
0.824388,3.1033,-15.2502,-11.3788,19.279
0.829380,6.7636,-14.2035,-12.0681,19.827
0.834379,10.5005,-12.5767,-13.1565,21.013
0.839320,14.8588,-10.2602,-14.7755,23.332
0.848842,20.2299,-7.5170,-16.9897,27.466
0.850602,26.1082,-4.5495,-19.3653,32.823
0.856015,31.5068,-1.3786,-21.0267,37.904
0.859255,37.5745,1.4318,-23.1910,44.178
0.864529,41.6126,3.1890,-23.6960,47.993
0.874842,43.0228,4.9108,-22.9759,49.020
0.876506,42.1518,6.7944,-21.4238,47.769
0.885850,39.7760,8.0422,-18.9763,44.799
0.886272,36.6606,8.0875,-15.8489,40.750
0.892535,32.9831,7.5681,-12.6009,36.110
0.898638,29.1601,6.8394,-9.6725,31.475
0.899163,25.9066,5.8082,-7.0811,27.478
0.904103,23.2978,4.3915,-4.8331,24.196
0.909115,20.9773,2.8253,-3.0755,21.389
0.914408,18.4547,1.4066,-1.7992,18.595
0.920114,15.8818,-0.0011,-0.9772,15.912
0.924401,13.3953,-1.4810,-0.7593,13.498
0.929061,10.8550,-2.9738,-1.0524,11.304
0.934186,8.1713,-4.4048,-1.7103,9.439
0.939271,5.3934,-5.6662,-2.7257,8.284
0.943881,2.8281,-6.8662,-3.8374,8.359
0.949119,0.5477,-7.9445,-4.8524,9.325
0.956747,-1.4709,-8.9423,-5.8371,10.780
0.958878,-3.3752,-9.7669,-6.8661,12.407
0.963845,-5.4228,-10.5146,-7.7353,14.135
0.969852,-7.8687,-11.1910,-8.4890,16.100
0.974016,-11.6140,-11.4053,-9.2001,18.698
0.978786,-16.1638,-11.4386,-9.7628,22.078
0.983824,-20.1140,-11.4006,-10.3438,25.329
0.990354,-23.7303,-10.9760,-10.4387,28.153
0.993882,-26.8840,-10.4914,-9.7468,30.460
0.999324,-28.9887,-10.5064,-8.4165,31.962
1.003824,-30.2513,-11.0386,-6.6074,32.873
1.008685,-30.8814,-11.6980,-4.3789,33.312
1.013694,-30.4439,-12.6629,-2.2723,33.051
1.018692,-29.6453,-13.7505,-0.7247,32.687
1.023684,-28.7491,-14.9204,-0.0399,32.390
1.030254,-26.9013,-16.7227,-0.4796,31.679
1.033647,-26.1373,-17.1722,-1.2246,31.298
1.038470,-23.8348,-18.3020,-2.9847,30.199
1.043562,-21.3047,-19.4264,-4.9696,29.257
1.048507,-18.9872,-19.6555,-7.1486,28.248
1.053538,-16.4767,-19.2887,-8.9346,26.895
1.058479,-13.9196,-18.6450,-10.3681,25.473
1.063543,-11.1996,-17.9151,-11.4319,24.022
1.068559,-8.1725,-17.1677,-11.9688,22.467
1.073732,-5.0058,-16.3201,-12.1481,20.952
1.082105,-1.8391,-15.2226,-11.9535,19.442
1.083432,1.6038,-13.8357,-11.3603,17.974
1.093328,5.6221,-12.1641,-10.8130,17.219
1.094396,9.9155,-10.1754,-10.6231,17.740
1.098795,14.3763,-7.9227,-10.8057,19.652
1.103303,18.9772,-5.7153,-11.3771,22.853
1.108274,23.2204,-3.3923,-12.1683,26.434
1.113333,26.6764,-0.7711,-12.7860,29.592
1.118476,29.5955,1.4674,-12.9106,32.322
1.123291,31.9815,3.2377,-12.4685,34.478
1.128054,33.4350,4.8433,-11.4069,35.658
1.133193,33.7183,6.4864,-9.7658,35.698
1.138105,34.3032,6.9992,-8.4626,36.018
1.143449,33.1297,7.4797,-7.1636,34.711
1.149017,30.9461,7.7594,-5.8225,32.431
1.154964,27.9842,7.9009,-4.8682,29.483
1.157988,24.6073,7.6109,-4.0005,26.066
1.163114,21.4515,6.9495,-3.3545,22.797
1.167972,18.4234,6.0815,-2.8145,19.604
1.173045,15.6307,5.1309,-2.3877,16.624
1.177895,13.0087,4.1833,-1.9953,13.810
1.182888,10.6172,3.2182,-1.5005,11.195
1.188966,8.6101,2.2882,-1.0124,8.966
1.198128,6.8749,1.3433,-0.6865,7.039
1.204159,5.2398,0.4262,-0.6313,5.295
1.204516,3.7656,-0.5102,-0.6057,3.848
1.208236,2.4253,-1.3590,-0.6218,2.849
1.212915,1.1438,-2.1719,-0.7217,2.559
1.217992,0.0905,-2.9580,-0.8334,3.075
1.223202,-0.7606,-3.6773,-0.8974,3.861
1.228145,-1.4588,-4.2895,-0.9043,4.620
1.232983,-2.1677,-4.7076,-0.9336,5.266
1.237900,-2.6550,-4.9993,-0.9038,5.732
1.243656,-3.0852,-5.1704,-0.8050,6.074
1.247953,-3.4212,-5.2362,-0.7373,6.298
1.253256,-3.6432,-5.1685,-0.7038,6.362
1.257956,-3.8375,-4.9984,-0.6154,6.332
1.262843,-3.9546,-4.8507,-0.4997,6.278
1.268226,-4.0999,-4.6306,-0.4618,6.202
1.272862,-4.1495,-4.3631,-0.4639,6.039
1.278271,-4.1271,-4.0679,-0.5068,5.817
1.282823,-4.0447,-3.7935,-0.7016,5.590
1.287796,-4.0558,-3.5311,-0.9784,5.466
1.293434,-4.0332,-3.2904,-1.2953,5.364
1.297740,-3.9863,-3.0813,-1.6013,5.287
1.302804,-3.8283,-2.8851,-1.8214,5.128
1.307604,-3.6064,-2.6781,-2.0193,4.925
1.312568,-3.4558,-2.4653,-2.1868,4.775
1.317545,-3.2628,-2.2900,-2.2337,4.569
1.322774,-3.0760,-2.1618,-2.1950,4.353
1.332066,-2.9716,-2.0281,-2.1526,4.193
1.332499,-2.8970,-1.9084,-2.0826,4.046
1.337509,-2.8907,-1.8410,-1.9569,3.947
1.342764,-2.9109,-1.8309,-1.8283,3.895
1.347361,-2.8502,-1.8588,-1.6728,3.792
1.353087,-2.7240,-1.8245,-1.4808,3.597
1.357241,-2.5561,-1.7712,-1.2332,3.345
1.362372,-2.3843,-1.7134,-0.9777,3.095
1.367201,-2.2225,-1.6559,-0.8095,2.887
1.372456,-1.9705,-1.6419,-0.5943,2.633
1.378236,-1.7364,-1.6281,-0.2937,2.398
1.382529,-1.4533,-1.6242,0.0118,2.179
1.387773,-1.1729,-1.5725,0.3466,1.992
1.392277,-0.9613,-1.4589,0.6302,1.857
1.397436,-0.7370,-1.3743,0.8488,1.775
1.402965,-0.5718,-1.3139,0.9692,1.730
1.407124,-0.4259,-1.2391,1.0345,1.669
1.412142,-0.3423,-1.1597,1.0495,1.601
1.417323,-0.3353,-1.0467,0.9519,1.454
1.422155,-0.5102,-0.9005,0.7458,1.276
1.427087,-0.5991,-0.7257,0.5644,1.097
1.432482,-0.6408,-0.6422,0.3828,0.985
1.436965,-0.6773,-0.5920,0.2540,0.935
1.443104,-0.7572,-0.5419,0.2590,0.966
1.447831,-0.8516,-0.4631,0.2635,1.005
1.452079,-0.8985,-0.4322,0.2389,1.025
1.457074,-0.7927,-0.4443,0.1279,0.918
1.466954,-0.6685,-0.4564,0.0401,0.810
1.467334,-0.5154,-0.4730,-0.0241,0.700
1.471983,-0.4390,-0.4750,-0.0646,0.650
1.476824,-0.4679,-0.5439,-0.0912,0.723
1.482017,-0.4583,-0.5837,-0.0894,0.748
1.486812,-0.3433,-0.5612,-0.0068,0.658
1.492055,-0.2620,-0.5242,0.0180,0.586
1.496788,-0.2567,-0.4487,-0.0050,0.517
1.502052,-0.1742,-0.4927,-0.0280,0.523
1.507455,-0.1295,-0.5314,0.0305,0.548
1.511777,-0.1075,-0.5219,0.1034,0.543
1.516676,-0.1083,-0.4976,0.2148,0.553
1.521766,-0.1177,-0.4442,0.2790,0.538
1.526773,-0.1112,-0.4525,0.2724,0.540
1.531756,-0.0891,-0.4985,0.1565,0.530
1.536616,-0.1427,-0.5918,0.0512,0.611
1.542320,-0.2529,-0.6271,-0.0724,0.680
1.546669,-0.3339,-0.6860,-0.1764,0.783
1.551930,-0.3479,-0.7780,-0.3472,0.920
1.556494,-0.3708,-0.8359,-0.5460,1.065
1.563864,-0.4030,-0.8552,-0.8118,1.246
1.567023,-0.4496,-0.8599,-1.0205,1.408
1.571564,-0.5298,-0.9122,-1.3016,1.675
1.576392,-0.5912,-0.9931,-1.5360,1.922
1.581626,-0.5675,-1.1218,-1.7767,2.176
1.586534,-0.4767,-1.2643,-1.9853,2.402
1.591580,-0.3192,-1.4065,-2.2289,2.655
1.596551,-0.1187,-1.6151,-2.4596,2.945
1.601831,0.0104,-1.7751,-2.7252,3.252
1.606430,0.0972,-1.9104,-3.0636,3.612
1.611458,0.2561,-2.1073,-3.2936,3.918
1.616540,0.4267,-2.3793,-3.4821,4.239
1.621576,0.3936,-2.5638,-3.8152,4.613
1.628191,0.2868,-2.7515,-4.1831,5.015
1.631511,0.1165,-3.0139,-4.5911,5.493
1.636554,-0.1597,-3.3699,-5.0301,6.057
1.641836,-0.6281,-3.7761,-5.5480,6.740
1.646233,-1.3349,-4.2274,-6.0456,7.497
1.651238,-2.2050,-4.6714,-6.4519,8.265
1.656185,-3.2346,-5.1421,-6.8064,9.123
1.661417,-4.5741,-5.6740,-7.1438,10.205
1.666282,-6.1782,-6.1964,-7.3027,11.397
1.671223,-7.9655,-6.5776,-7.1926,12.588
1.676543,-9.9974,-6.8248,-6.9311,13.949
1.681730,-11.9071,-6.9937,-6.5522,15.285
1.686980,-13.4654,-7.2352,-6.1149,16.464
1.691241,-14.6676,-7.6272,-5.5817,17.449
1.696017,-15.6624,-8.0228,-4.8710,18.259
1.701222,-16.7846,-8.4803,-4.1089,19.249
1.706273,-18.0376,-8.9727,-3.1671,20.393
1.714947,-18.7225,-9.7386,-1.7475,21.176
1.716003,-18.6194,-10.8528,-0.3205,21.554
1.721070,-18.3340,-12.0678,0.6170,21.958
1.726170,-18.2887,-13.3464,1.1863,22.672
1.730927,-18.4262,-14.7688,1.4241,23.657
1.737530,-18.6298,-16.4030,1.4233,24.863
1.740949,-18.9489,-17.8862,1.0157,26.077
1.746362,-18.8824,-19.3337,0.2032,27.025
1.750787,-18.0113,-21.0030,-1.1833,27.693
1.755839,-16.2629,-22.8113,-3.0634,28.182
1.764356,-13.8678,-24.4007,-5.0120,28.510
1.765795,-10.7928,-25.2947,-6.8027,28.330
1.773116,-7.3111,-25.3084,-8.7751,27.766
1.775997,-3.6387,-24.5521,-10.9595,27.132
1.780713,1.1375,-23.2314,-13.4456,26.866
1.787208,8.4997,-21.0280,-16.5745,28.092
1.790783,17.5808,-17.5701,-20.5385,32.243
1.795600,26.8551,-12.8480,-23.8547,38.149
1.800706,37.2686,-9.0041,-26.2143,46.446
1.806195,45.4805,-4.9769,-27.7633,53.517
1.814437,50.5724,-0.5840,-27.4563,57.548
1.822837,53.2228,3.3502,-25.5892,59.150
1.829177,52.1945,6.9479,-22.5932,57.297
1.829597,48.7522,8.6191,-18.5208,52.859
1.830799,46.5656,6.8483,-16.2310,49.786
1.837418,42.0602,5.8876,-14.1161,44.755
1.840778,36.3598,5.9104,-11.5760,38.613
1.845699,30.3050,5.8632,-9.8705,32.407
1.850698,24.4417,4.9775,-9.1221,26.559
1.855468,19.5185,3.7957,-9.0174,21.833
1.862205,15.4820,2.7982,-8.9015,18.076
1.865439,12.1496,1.8273,-8.5481,14.967
1.870409,9.2110,0.7911,-8.0614,12.266
1.875357,6.5356,-0.0797,-7.3543,9.839
1.880517,4.2150,-0.9445,-6.5836,7.874
1.886241,2.2864,-1.7847,-5.8626,6.541
1.890474,0.1905,-2.1441,-4.9868,5.432
1.895302,-1.3831,-2.7447,-4.4085,5.374
1.900571,-2.5583,-3.4759,-4.0643,5.928
1.905558,-3.5819,-4.0061,-3.9039,6.642
1.911298,-4.5429,-4.4772,-3.9714,7.514
1.915301,-5.4775,-4.7877,-4.0171,8.310
1.920284,-6.2653,-4.9672,-4.0138,8.946
1.925374,-7.0686,-5.0310,-3.9432,9.530
1.930425,-7.5655,-5.0044,-3.8063,9.837
1.936224,-7.6370,-4.9941,-3.5932,9.807
1.940186,-7.4463,-5.0171,-3.2546,9.550
1.945013,-7.0249,-4.9696,-2.7083,9.021
1.950208,-6.5162,-4.9395,-2.0310,8.425
1.955020,-6.1925,-4.7180,-1.4041,7.911
1.960385,-5.8855,-4.5125,-0.8704,7.467
1.965054,-5.4906,-4.3384,-0.5062,7.016
1.971555,-5.0519,-4.1725,-0.2754,6.558
1.975122,-4.6412,-4.0348,-0.3219,6.158
1.981169,-4.3292,-3.8776,-0.5226,5.835
1.985030,-4.0763,-3.7250,-0.7688,5.575
1.990123,-3.9679,-3.5582,-0.9569,5.415
1.994959,-3.8607,-3.3293,-1.1310,5.222
2.000072,-3.8149,-3.1389,-1.3073,5.110
2.004976,-3.6583,-2.9343,-1.4100,4.897
2.009976,-3.4959,-2.7682,-1.4976,4.704
2.014898,-3.3798,-2.5688,-1.5993,4.536
2.019879,-3.2810,-2.4031,-1.6104,4.374
2.024827,-3.1612,-2.2473,-1.5598,4.180
2.030171,-2.9476,-2.0581,-1.3715,3.848
2.034793,-2.6831,-1.9315,-1.2125,3.521
2.039880,-2.3914,-1.7862,-1.0250,3.156
2.044670,-2.1769,-1.6940,-0.8278,2.880
2.049870,-1.9959,-1.6165,-0.6066,2.639
2.054815,-1.8675,-1.4773,-0.4520,2.424
2.059777,-1.6284,-1.3530,-0.2685,2.134
2.064803,-1.3691,-1.2816,-0.1519,1.882
2.069840,-1.0693,-1.2391,-0.1691,1.645
2.074681,-0.7712,-1.2399,-0.1479,1.468
2.079688,-0.4692,-1.2597,-0.1125,1.349
2.084733,-0.1813,-1.2364,0.0139,1.250
2.089767,0.0637,-1.1748,0.1592,1.187
2.094564,0.2137,-1.0415,0.3286,1.113
2.099638,0.2978,-0.9277,0.4839,1.088
2.104830,0.3881,-0.8427,0.5582,1.083
2.109550,0.4320,-0.7723,0.6277,1.085
2.114595,0.4536,-0.6922,0.6444,1.049
2.121685,0.4767,-0.6408,0.5695,0.981
2.124553,0.4685,-0.5652,0.5177,0.898
2.129758,0.4383,-0.4415,0.4503,0.768
2.134413,0.4053,-0.3893,0.3956,0.687
2.139516,0.3692,-0.3846,0.4062,0.670
2.144384,0.3059,-0.3746,0.4920,0.690
2.149484,0.2872,-0.3547,0.6051,0.758
2.154457,0.2940,-0.3489,0.6741,0.814
2.159316,0.2545,-0.3142,0.7329,0.837
2.164386,0.1970,-0.3367,0.7816,0.874
2.169478,0.1451,-0.3925,0.8972,0.990
2.174290,0.0170,-0.4389,0.9703,1.065
2.179348,-0.0678,-0.4949,1.0636,1.175
2.184464,-0.1050,-0.5274,1.1683,1.286
2.189462,-0.1528,-0.5270,1.2944,1.406
2.194836,-0.2593,-0.5274,1.3277,1.452
2.199306,-0.3386,-0.5717,1.3017,1.461
2.204110,-0.4006,-0.5592,1.1635,1.352
2.209576,-0.4355,-0.5713,0.9942,1.227
2.214333,-0.4388,-0.5935,0.8175,1.101
2.220658,-0.3529,-0.5157,0.6854,0.928
2.224088,-0.1823,-0.4382,0.5927,0.759
2.229086,0.0402,-0.3898,0.4146,0.570
2.234271,0.2052,-0.3462,0.2225,0.460
2.239246,0.2989,-0.3696,0.0879,0.483
2.244488,0.3840,-0.3210,-0.0184,0.501
2.249289,0.3984,-0.2722,-0.0774,0.489
2.253968,0.3608,-0.2136,-0.1710,0.453
2.259008,0.3335,-0.1022,-0.1699,0.388
2.263971,0.3021,-0.0145,-0.1793,0.352
2.269401,0.2758,-0.0031,-0.1326,0.306
2.274030,0.2544,-0.0250,-0.1253,0.285
2.278981,0.2860,0.0061,-0.1188,0.310
2.283852,0.2796,-0.0010,-0.0700,0.288
2.289049,0.2589,-0.0270,0.0022,0.260
2.294522,0.2334,-0.0291,0.0744,0.247
2.298947,0.2460,-0.0312,0.1560,0.293
2.303756,0.2294,-0.0430,0.2189,0.320
2.309053,0.2939,-0.0501,0.2677,0.401
2.313871,0.3440,-0.0430,0.2452,0.425
2.319415,0.3464,-0.0886,0.2040,0.412
2.323742,0.3489,-0.0816,0.1776,0.400
2.328699,0.4189,-0.0796,0.2666,0.503
2.333676,0.5517,-0.0825,0.4091,0.692
2.338757,0.5701,-0.0236,0.4474,0.725
2.343434,0.5219,-0.0033,0.4003,0.658
2.348786,0.4742,-0.0214,0.3300,0.578
2.354921,0.4367,-0.0827,0.1744,0.477
2.358654,0.3904,-0.1057,0.0625,0.409
2.363854,0.3348,-0.0953,0.0564,0.353
2.368863,0.3418,-0.0660,0.2235,0.414
2.373462,0.3536,-0.0275,0.2576,0.438
2.378505,0.2647,-0.0229,0.2927,0.395
2.383332,0.2090,0.0196,0.3001,0.366
2.388468,0.1287,0.0427,0.2607,0.294
2.394245,0.0478,0.1372,0.2318,0.274
2.398395,0.0090,0.2122,0.1940,0.288
2.403230,-0.0211,0.2631,0.1182,0.289
2.408416,-0.0425,0.2518,0.0039,0.255
2.413224,-0.0167,0.2309,-0.0675,0.241
2.418561,0.0135,0.2007,-0.1154,0.232
2.423402,0.0626,0.2042,-0.1832,0.281
2.428236,0.0206,0.1649,-0.2182,0.274
2.433139,0.0121,0.1976,-0.2732,0.337
2.438232,0.1139,0.1589,-0.3151,0.371
2.443194,0.2447,0.0346,-0.3154,0.401
2.448216,0.2853,0.0113,-0.3793,0.475
2.454976,0.2215,-0.0449,-0.3582,0.424
2.458293,0.1442,-0.1151,-0.2809,0.336
2.463360,0.0868,-0.1468,-0.1996,0.263
2.468398,0.0249,-0.1591,-0.0516,0.169
2.472981,-0.0514,-0.1907,0.0296,0.200
2.478039,-0.0846,-0.1841,0.0346,0.206
2.482966,-0.1131,-0.1826,-0.0026,0.215
2.488017,-0.1322,-0.1717,-0.0533,0.223
2.493189,-0.2043,-0.1945,-0.1605,0.325
2.498048,-0.3293,-0.1792,-0.3007,0.481
2.502881,-0.4789,-0.1449,-0.3447,0.608
2.507948,-0.5050,-0.1059,-0.3647,0.632
2.512833,-0.4698,-0.0719,-0.3222,0.574
2.517944,-0.4689,-0.0524,-0.2894,0.553
2.522977,-0.4975,-0.0616,-0.2471,0.559
2.528161,-0.5032,-0.0948,-0.2334,0.563
2.532823,-0.5144,-0.0754,-0.1766,0.549
2.537824,-0.4836,-0.0561,-0.1007,0.497
2.543732,-0.4172,-0.0842,-0.0531,0.429
2.547894,-0.2616,-0.0883,-0.0248,0.277
2.552679,-0.2024,-0.1020,0.0178,0.227
2.557890,-0.1579,-0.1110,0.0462,0.198
2.562780,-0.0849,-0.1104,0.1175,0.182
2.567896,-0.0215,-0.1100,0.1033,0.152
2.572755,0.0084,-0.1003,0.1089,0.148
2.580090,0.0529,-0.0907,0.0913,0.139
2.582733,0.1025,-0.0909,0.0553,0.148
2.589039,0.1526,-0.0530,-0.0326,0.165
2.592580,0.1460,-0.0438,-0.1200,0.194
2.597785,0.1020,-0.0299,-0.1545,0.188
2.602572,0.0684,0.0221,-0.1702,0.185
2.607663,0.0450,0.0453,-0.2006,0.211
2.612556,0.0174,0.0352,-0.2027,0.206
2.617591,-0.0194,0.0965,-0.1242,0.159
2.622480,-0.0559,0.1194,-0.0609,0.145
2.627595,-0.0874,0.1373,0.0448,0.169
2.632446,-0.1189,0.1122,0.1498,0.222
2.637643,-0.1743,0.1252,0.2498,0.329
2.642837,-0.2346,0.1663,0.2925,0.410
2.648034,-0.1908,0.1832,0.2829,0.387
2.652601,-0.1813,0.1334,0.2735,0.354
2.657590,-0.2106,0.1077,0.2977,0.380
2.662297,-0.1878,0.0963,0.3647,0.421
2.667359,-0.1657,0.0991,0.4268,0.468
2.672548,-0.1297,0.1065,0.4080,0.441
2.680380,-0.0894,0.0806,0.3895,0.408
2.682353,-0.0683,0.0596,0.3237,0.336
2.690703,-0.0948,0.0721,0.3204,0.342
2.692356,-0.0641,0.0986,0.3077,0.329
2.697353,-0.0190,0.1059,0.2524,0.274
2.702209,0.0023,0.1560,0.1452,0.213
2.707809,-0.0237,0.1819,0.0626,0.194
2.712126,0.0461,0.2268,-0.0434,0.235
2.717269,0.0540,0.2382,-0.1254,0.275
2.722327,-0.0089,0.2545,-0.2217,0.338
2.727549,-0.0282,0.2282,-0.2325,0.327
2.732064,-0.0994,0.2117,-0.1725,0.291
2.737079,-0.1273,0.1908,-0.1182,0.258
2.742315,-0.1791,0.2223,-0.0265,0.287
2.747080,-0.2403,0.2107,0.0363,0.322
2.752523,-0.3112,0.1514,0.1039,0.361
2.757082,-0.4015,0.1067,0.1858,0.455
2.762005,-0.4256,0.1333,0.2822,0.528
2.767654,-0.4745,0.0881,0.3315,0.585
2.772025,-0.5052,0.0285,0.3816,0.634
2.777020,-0.4990,0.0784,0.3470,0.613
2.781866,-0.4655,0.0752,0.2802,0.549
2.787350,-0.3952,0.1147,0.2193,0.466
2.792172,-0.2785,0.0919,0.1118,0.314
2.797072,-0.2009,0.0836,0.0434,0.222
2.805061,-0.0717,0.0943,0.0136,0.119
2.807002,0.0565,0.1097,-0.0207,0.125
2.811817,0.2128,0.1631,-0.1024,0.287
2.816903,0.3258,0.1735,-0.1839,0.412
2.821867,0.4154,0.1603,-0.2083,0.492
2.827900,0.4627,0.1759,-0.2996,0.579
2.832105,0.4443,0.1347,-0.3339,0.572
2.836770,0.4509,0.1224,-0.2687,0.539
2.842348,0.4299,0.1057,-0.2330,0.500
2.846797,0.3907,0.0750,-0.1550,0.427
2.852899,0.2953,0.0303,-0.1250,0.322
2.856792,0.2153,0.0096,-0.0618,0.224
2.861836,0.1548,-0.0394,-0.0559,0.169
2.866789,0.0946,-0.0834,-0.0878,0.154
2.871695,0.0775,-0.1793,-0.0811,0.212
2.876759,0.0795,-0.1795,-0.0836,0.213
2.881651,0.1242,-0.1702,-0.0623,0.220
2.887307,0.1640,-0.1658,-0.0361,0.236
2.892058,0.1371,-0.1804,0.0183,0.227
2.896664,0.1155,-0.2235,0.0964,0.269
2.901669,0.0610,-0.2187,0.1597,0.278
2.906638,-0.0169,-0.2141,0.1753,0.277
2.915900,-0.0752,-0.2332,0.1670,0.297
2.916583,-0.1140,-0.2474,0.1349,0.304
2.921541,-0.1100,-0.2947,0.0840,0.326
2.926545,-0.1633,-0.2608,0.0521,0.312
2.931418,-0.1972,-0.2318,0.0344,0.306
2.936412,-0.2455,-0.2219,0.0114,0.331
2.941791,-0.2509,-0.2072,-0.0308,0.327
2.947065,-0.3183,-0.2352,-0.0639,0.401
2.951240,-0.3000,-0.2106,-0.0928,0.378
2.956327,-0.2680,-0.2050,-0.0985,0.351
2.961664,-0.2269,-0.2182,-0.0478,0.318
2.966449,-0.2051,-0.2217,-0.0362,0.304
2.971375,-0.1790,-0.1681,0.0417,0.249
2.976196,-0.1676,-0.1482,0.0616,0.232
2.981297,-0.1706,-0.1426,0.0382,0.226
2.986284,-0.1262,-0.1274,0.0338,0.182
2.991233,-0.0583,-0.1266,0.0148,0.140
2.996682,-0.0573,-0.0877,-0.0327,0.110
3.001243,-0.0986,-0.1009,-0.8089,0.821
3.006836,-0.1157,-0.0466,-1.2824,1.288
3.011508,-0.1805,0.0075,-0.5040,0.535
3.016308,-0.1502,-0.0576,0.1779,0.240
3.020964,-0.0009,-0.1225,0.3563,0.377
3.026007,0.0526,-0.1109,0.2585,0.286
3.030978,0.0348,-0.0996,0.2287,0.252
3.036007,0.0267,-0.0506,0.3471,0.352
3.041000,-0.0385,0.0738,0.4513,0.459
3.045921,-0.0083,0.1256,0.4466,0.464
3.050830,0.0265,0.1434,0.3243,0.356
3.055967,0.0565,0.1420,0.2176,0.266
3.061140,-0.0517,0.1832,0.1311,0.231
3.066700,-0.1403,0.2337,-0.0213,0.273
3.070848,-0.1573,0.2839,-0.1827,0.372
3.075894,-0.1316,0.2912,-0.2820,0.426
