0.002300,-0.1074,0.3144,-0.7873,0.855
0.004863,-0.1396,0.2589,-0.6463,0.710
0.009727,-0.0954,0.1991,-0.5112,0.557
0.016207,0.0298,0.0584,-0.3385,0.345
0.020040,0.6808,-0.1154,-0.1091,0.699
0.024850,0.6676,-0.0028,0.0487,0.669
0.029627,0.2635,0.1994,0.2502,0.414
0.034680,0.1851,0.1664,0.3905,0.463
0.039789,0.1735,-0.0102,0.4892,0.519
0.045077,0.1136,-0.1676,0.5081,0.547
0.049658,0.1973,-0.2009,0.4805,0.557
0.054626,0.3241,-0.2200,0.4778,0.618
0.060128,0.1740,-0.2346,0.6425,0.706
0.064925,0.1343,-0.1634,0.6877,0.720
0.070131,0.0850,-0.0878,0.6473,0.659
0.074769,0.0308,-0.0842,0.5740,0.581
0.079601,-0.0040,-0.0855,0.4774,0.485
0.084526,-0.0483,-0.1013,0.4437,0.458
0.089688,-0.0974,-0.1362,0.4439,0.474
0.100243,-0.1277,-0.1234,0.4352,0.470
0.100656,-0.1967,-0.0774,0.4273,0.477
0.104524,-0.2040,-0.0938,0.3962,0.455
0.109521,-0.2548,-0.0866,0.3421,0.435
0.114498,-0.2777,-0.1224,0.2699,0.406
0.119481,-0.2820,-0.0916,0.2609,0.395
0.124389,-0.2774,-0.1231,0.2289,0.380
0.129290,-0.2926,-0.1165,0.2501,0.402
0.134854,-0.2557,-0.1053,0.1907,0.336
0.139492,-0.2672,-0.1278,0.2328,0.377
0.145099,-0.2361,-0.1410,0.2374,0.363
0.149361,-0.2246,-0.1352,0.2616,0.370
0.154290,-0.2422,-0.1439,0.2242,0.360
0.159215,-0.2505,-0.1574,0.1876,0.350
0.164558,-0.2675,-0.1558,0.1979,0.367
0.170393,-0.2752,-0.1592,0.1706,0.361
0.174449,-0.2882,-0.1577,0.1533,0.363
0.179122,-0.2776,-0.1134,0.1789,0.349
0.184287,-0.2673,-0.1409,0.1525,0.338
0.189248,-0.3147,-0.1398,0.1267,0.367
0.194802,-0.3239,-0.1006,0.1107,0.357
0.199427,-0.3669,-0.0998,0.0859,0.390
0.204088,-0.3815,-0.1133,0.0900,0.408
0.209162,-0.4394,-0.1220,0.0472,0.458
0.214103,-0.4258,-0.1307,-0.0284,0.446
0.220032,-0.4699,-0.1107,-0.0415,0.485
0.224454,-0.5094,-0.1049,-0.0500,0.523
0.228893,-0.5259,-0.0944,-0.0628,0.538
0.234581,-0.5288,-0.0742,-0.0901,0.542
0.241884,-0.5039,-0.0731,-0.1078,0.520
0.243853,-0.4895,-0.0669,-0.0875,0.502
0.249420,-0.5140,-0.0370,0.0182,0.516
0.255112,-0.5198,-0.0547,0.0660,0.527
0.259221,-0.5123,-0.0391,0.0855,0.521
0.264255,-0.5011,-0.0426,0.1909,0.538
0.269600,-0.4862,-0.0319,0.2771,0.561
0.274002,-0.4914,-0.0737,0.3446,0.605
0.278732,-0.4835,-0.0870,0.4841,0.690
0.284181,-0.5336,-0.0812,0.5711,0.786
0.288739,-0.5471,-0.0711,0.6406,0.845
0.293806,-0.5672,-0.0852,0.6925,0.899
0.299054,-0.6079,-0.1138,0.7461,0.969
0.303894,-0.5931,-0.1378,0.8157,1.018
0.308609,-0.6327,-0.1334,0.8823,1.094
0.313657,-0.6779,-0.1103,0.8932,1.127
0.318749,-0.6778,-0.1021,0.8930,1.126
0.323984,-0.6513,-0.0610,0.8953,1.109
0.328559,-0.6223,-0.0299,0.8809,1.079
0.334573,-0.5857,0.0104,0.7735,0.970
0.338664,-0.5322,0.0457,0.6780,0.863
0.344165,-0.5081,0.0906,0.5976,0.790
0.348839,-0.4676,0.0830,0.4961,0.687
0.353484,-0.3717,0.1186,0.4962,0.631
0.358473,-0.3256,0.1068,0.5639,0.660
0.363519,-0.2813,0.1190,0.5612,0.639
0.368326,-0.2817,0.1219,0.6175,0.690
0.373677,-0.2492,0.1156,0.7028,0.755
0.382632,-0.1579,0.0666,0.8291,0.847
0.383556,-0.0594,0.0751,0.9958,1.000
0.388365,0.0418,0.0833,1.1273,1.131
0.393260,0.1459,0.0960,1.2525,1.265
0.398222,0.3248,0.1131,1.2910,1.336
0.403693,0.5271,0.0920,1.2890,1.396
0.408361,0.7085,0.1042,1.1542,1.358
0.413250,0.8803,0.0925,0.9853,1.325
0.418247,1.0430,0.1714,0.7865,1.318
0.423761,1.0543,0.2785,0.5760,1.233
0.428311,1.0009,0.2919,0.3736,1.107
0.433647,0.9114,0.3540,0.2120,1.000
0.438112,0.9943,0.3740,0.1123,1.068
0.443005,1.0927,0.3377,-0.1816,1.158
0.448028,1.3022,0.3361,-0.3640,1.393
0.453085,1.5372,0.4642,-0.3928,1.653
0.458095,1.6927,0.5735,-0.3737,1.826
0.463688,1.8512,0.6017,-0.3126,1.971
0.467903,2.0693,0.5773,-0.2260,2.160
0.473021,2.3145,0.5909,-0.1337,2.392
0.481187,2.4534,0.6661,-0.0688,2.543
0.483129,2.5727,0.7306,0.0174,2.674
0.490214,2.7349,0.8274,0.0391,2.858
0.492907,2.8974,0.8654,0.0388,3.024
0.497834,2.9265,0.8446,-0.0008,3.046
0.502830,2.8944,0.8750,-0.1093,3.026
0.508092,2.9158,0.9613,-0.3062,3.085
0.512850,2.9282,0.9984,-0.5105,3.136
0.517727,2.8888,1.0007,-0.6126,3.118
0.523540,2.8496,1.0163,-0.7235,3.111
0.528282,2.6917,1.0355,-0.8425,3.005
0.533198,2.5675,1.0919,-0.9178,2.937
0.537651,2.4957,1.0950,-1.0504,2.921
0.542724,2.5238,1.0352,-1.0875,2.937
0.547726,2.6043,0.9081,-1.1441,2.986
0.552942,2.6359,0.8095,-1.2010,3.008
0.557646,2.6497,0.7101,-1.1620,2.979
0.562661,2.7215,0.6818,-1.0651,3.001
0.567738,2.7607,0.6337,-0.9814,2.998
0.572668,2.8010,0.5515,-0.8763,2.986
0.577920,2.8285,0.4258,-0.7055,2.946
0.583254,2.7457,0.3622,-0.5443,2.822
0.587406,2.6231,0.3552,-0.4551,2.686
0.592463,2.5351,0.2572,-0.5713,2.611
0.597536,2.4860,0.0210,-0.6969,2.582
0.606196,2.4082,0.0773,-0.7128,2.513
0.607547,2.2300,0.0049,-1.0116,2.449
0.612472,2.0349,-0.1711,-1.3488,2.447
0.617392,1.8895,-0.3221,-1.5006,2.434
0.622613,1.7767,-0.4858,-1.5102,2.382
0.628117,1.6964,-0.5235,-1.4923,2.319
0.632587,1.6103,-0.6171,-1.4458,2.250
0.637283,1.4657,-0.7376,-1.4418,2.184
0.642952,1.2978,-0.8226,-1.3978,2.077
0.647466,1.0927,-0.9202,-1.3908,1.994
0.653072,0.8664,-0.9584,-1.4826,1.967
0.657460,0.6710,-1.0662,-1.7214,2.133
0.662255,0.5062,-1.1812,-2.0498,2.419
0.667200,0.4766,-1.3509,-2.3154,2.723
0.672688,0.3975,-1.5274,-2.4515,2.916
0.677192,0.2263,-1.6771,-2.5982,3.101
0.682430,-0.0210,-1.7523,-2.9034,3.391
0.687064,-0.3210,-1.9204,-3.1232,3.680
0.692133,-0.5259,-2.0474,-3.2440,3.872
0.697786,-0.6406,-2.2384,-3.3139,4.050
0.707960,-0.8739,-2.3553,-3.3893,4.219
0.708442,-1.1729,-2.4837,-3.4515,4.411
0.712121,-1.5313,-2.5573,-3.4853,4.586
0.716883,-1.9406,-2.7532,-3.5050,4.861
0.722092,-2.3351,-3.0143,-3.5677,5.222
0.726930,-2.8690,-3.1925,-3.6403,5.628
0.732352,-3.3878,-3.4228,-3.7845,6.125
0.736860,-3.7023,-3.6569,-3.8914,6.498
0.741975,-4.0414,-3.8721,-3.9461,6.848
0.746816,-4.5308,-4.1025,-3.9344,7.269
0.752102,-5.1192,-4.3395,-3.7026,7.665
0.756929,-5.6553,-4.6365,-3.3030,8.024
0.762536,-6.2089,-4.8323,-2.7289,8.328
0.766817,-6.9386,-4.9229,-1.9656,8.732
0.771919,-7.7418,-5.0102,-1.3891,9.326
0.776837,-8.8223,-5.1194,-1.1833,10.268
0.781953,-10.0341,-5.5234,-1.0931,11.506
0.786699,-11.2842,-6.1118,-0.8983,12.864
0.792083,-12.5259,-6.4772,-0.6522,14.117
0.796740,-13.6431,-6.8124,-0.5091,15.258
0.801957,-14.4586,-7.2543,-0.4605,16.183
0.806969,-15.0980,-7.8675,-0.4535,17.031
0.814064,-15.4659,-8.8159,-0.5107,17.809
0.816861,-15.3325,-9.9755,-0.5356,18.300
0.826690,-15.0097,-11.3018,-0.4305,18.794
0.827501,-14.8179,-12.5661,-0.3036,19.431
0.835589,-14.4615,-13.7274,-0.3821,19.943
0.841749,-13.4549,-14.9035,-0.8112,20.095
0.842238,-12.0433,-16.0109,-1.9407,20.128
0.846622,-10.3308,-16.8961,-3.6270,20.133
0.851636,-8.5099,-17.2814,-5.8247,20.124
0.856722,-6.6425,-17.0142,-8.2173,20.028
0.864498,-4.5169,-16.3670,-10.3947,19.908
0.866445,-1.5342,-14.8918,-12.5574,19.540
0.874991,2.9357,-12.7392,-14.8122,19.756
0.876442,8.8113,-10.2026,-17.2234,21.872
0.881935,14.8781,-7.5141,-18.8448,25.158
0.886192,20.7704,-4.2220,-19.4846,28.790
0.891719,26.7831,-0.1727,-19.8447,33.334
0.896553,32.1874,3.3591,-20.0590,38.075
0.901556,36.1378,5.7795,-19.6508,41.539
0.906514,37.8503,7.4052,-18.6381,42.835
0.913254,37.6678,8.4831,-16.9831,42.181
0.916271,36.1098,8.6082,-15.2369,40.127
0.921284,32.9616,7.9720,-13.0892,36.350
0.926490,28.9569,6.9773,-10.8640,31.705
0.931324,24.9836,5.6239,-8.6943,27.044
0.940488,21.8689,4.0107,-6.5278,23.172
0.941526,18.6080,2.5782,-4.7706,19.382
0.946561,15.1126,1.4900,-3.5166,15.588
0.951195,12.2067,0.6458,-2.2472,12.429
0.956163,9.9789,0.0925,-0.9287,10.022
0.963217,8.3507,-0.1827,0.2949,8.358
0.966160,7.4206,-0.5576,1.1532,7.530
0.971096,6.7711,-1.0398,1.1929,6.954
0.976098,5.8842,-1.7010,0.6788,6.163
0.981160,4.5238,-2.4568,-0.1714,5.151
0.986185,2.8071,-3.2774,-1.2854,4.503
0.991096,1.0455,-4.0996,-2.6005,4.966
0.995918,-0.8190,-4.9656,-3.9542,6.400
1.001277,-2.6655,-5.9558,-5.0853,8.273
1.006180,-4.8326,-7.1192,-6.0439,10.515
1.011402,-7.7319,-8.4750,-6.8371,13.355
1.016112,-11.7004,-9.4608,-7.0794,16.629
1.020953,-15.6904,-10.2875,-6.4182,19.830
1.025926,-20.8381,-10.4702,-4.9489,23.840
1.031915,-25.9153,-10.7841,-3.0350,28.233
1.040336,-29.7138,-11.5994,-0.4604,31.901
1.040853,-31.9016,-12.3107,2.2151,34.266
1.045669,-33.5617,-12.6840,4.5201,36.162
1.050840,-34.1076,-13.8344,6.2130,37.327
1.056291,-32.7266,-15.8329,6.7099,36.969
1.064606,-30.0824,-17.9182,5.8507,35.500
1.065986,-27.3141,-19.7705,3.5849,33.908
1.071234,-24.7213,-21.0712,0.3491,32.485
1.075719,-21.2923,-22.5367,-3.4053,31.191
1.080709,-17.9171,-23.2923,-7.4848,30.325
1.088136,-15.0427,-23.0856,-11.6026,29.897
1.090609,-12.2450,-22.3726,-15.2395,29.711
1.095765,-9.2896,-21.3928,-17.8652,29.379
1.100884,-5.8497,-20.2814,-19.5668,28.782
1.105501,-2.3675,-18.8201,-20.0525,27.603
1.111234,0.9675,-17.1647,-19.4390,25.951
1.115568,3.8159,-15.3795,-18.1903,24.124
1.122750,5.9495,-13.4165,-16.6260,22.177
1.125462,7.6430,-11.1452,-15.2634,20.386
1.130772,9.6805,-8.6188,-14.7061,19.603
1.138190,13.0294,-5.8713,-15.3575,20.978
1.140432,17.5538,-3.3356,-16.6910,24.451
1.145278,22.0597,-0.6253,-17.3603,28.078
1.150491,26.6824,1.6962,-16.4050,31.368
1.155389,30.9744,3.2182,-14.7646,34.464
1.165328,33.5021,4.8784,-12.0899,35.949
1.166751,34.4865,6.5845,-9.2705,36.313
1.173973,34.1283,7.8490,-6.7659,35.667
1.175381,32.5436,8.6970,-4.6839,34.010
1.180419,29.9431,9.3238,-3.0798,31.512
1.185131,26.7343,9.8754,-1.7575,28.554
1.190232,23.5184,10.0482,-0.7481,25.586
1.195089,20.5158,9.7417,-0.0601,22.711
1.200220,17.7064,9.1463,0.2624,19.931
1.206452,15.0741,8.3083,0.3598,17.216
1.210391,12.5857,7.3336,0.3180,14.570
1.218673,10.2481,6.1816,0.1396,11.969
1.220135,8.1003,4.8860,-0.1040,9.460
1.225071,6.2024,3.6980,-0.4121,7.233
1.230030,4.5661,2.6002,-0.7264,5.304
1.234912,3.2417,1.3981,-1.0987,3.697
1.240094,2.1080,0.1531,-1.4905,2.586
1.248258,1.0031,-0.9945,-1.8550,2.332
1.250102,-0.0413,-2.0558,-2.2306,3.034
1.255080,-0.9423,-2.9727,-2.4826,3.986
1.260851,-1.8897,-3.7926,-2.6725,5.010
1.264934,-2.7719,-4.4485,-2.8136,5.949
1.270039,-3.5770,-4.8924,-2.8686,6.705
1.274936,-4.1841,-5.2659,-2.9281,7.336
1.279970,-4.6529,-5.5689,-2.9550,7.835
1.284729,-4.8948,-5.7214,-2.9104,8.072
1.289894,-5.0651,-5.8922,-2.8947,8.292
1.294765,-5.1559,-5.9870,-2.8504,8.400
1.299901,-5.1438,-5.9739,-2.7668,8.355
1.304861,-5.0752,-5.8592,-2.6282,8.185
1.310132,-4.8919,-5.7066,-2.4484,7.905
1.314738,-4.6467,-5.6224,-2.4293,7.688
1.320104,-4.4785,-5.3683,-2.4382,7.404
1.324869,-4.2868,-5.0746,-2.3760,7.055
1.330765,-4.0014,-4.8905,-2.2630,6.712
1.334796,-3.5835,-4.7011,-2.1733,6.298
1.339697,-3.2404,-4.5213,-2.1886,5.978
1.344581,-2.9377,-4.3323,-2.1666,5.665
1.349604,-2.6313,-4.1247,-2.1178,5.331
1.354567,-2.2582,-3.9178,-2.0239,4.954
1.359789,-1.9001,-3.7502,-1.8859,4.608
1.364440,-1.5627,-3.5735,-1.8721,4.326
1.369634,-1.2605,-3.4165,-1.8821,4.099
1.374621,-1.0453,-3.2983,-1.8396,3.919
1.379671,-0.8923,-3.1567,-1.7692,3.727
1.384461,-0.7387,-2.9054,-1.6951,3.444
1.389506,-0.5608,-2.7170,-1.5934,3.199
1.394423,-0.4422,-2.6148,-1.4646,3.029
1.399634,-0.4263,-2.5509,-1.3033,2.896
1.404468,-0.3405,-2.3867,-1.1285,2.662
1.409721,-0.2326,-2.1702,-0.8918,2.358
1.414685,-0.1355,-1.8919,-0.6603,2.008
1.419554,-0.0928,-1.7338,-0.5383,1.818
1.424357,-0.1220,-1.6714,-0.4586,1.737
1.429662,-0.2284,-1.5614,-0.2964,1.606
1.434620,-0.4171,-1.4089,-0.1474,1.477
1.439539,-0.5786,-1.2618,-0.0501,1.389
1.448985,-0.7179,-1.1345,-0.0185,1.343
1.449378,-0.7783,-1.0562,-0.0522,1.313
1.454348,-0.8351,-1.0022,-0.1516,1.313
1.459215,-0.8697,-0.9153,-0.2446,1.286
1.464417,-0.9012,-0.8770,-0.2599,1.284
1.469392,-0.8240,-0.8200,-0.2118,1.182
1.474159,-0.6377,-0.6773,-0.2345,0.959
1.479205,-0.5289,-0.5781,-0.4041,0.882
1.484122,-0.4819,-0.5458,-0.5678,0.923
1.489099,-0.4494,-0.4896,-0.6498,0.929
1.494399,-0.3689,-0.4093,-0.7463,0.928
1.499125,-0.3361,-0.3431,-0.9097,1.029
1.504226,-0.3125,-0.3150,-1.0587,1.148
1.509135,-0.3319,-0.3632,-1.2651,1.357
1.513999,-0.4080,-0.4155,-1.4099,1.525
1.519712,-0.5173,-0.4673,-1.5893,1.736
1.524175,-0.6457,-0.4803,-1.7032,1.884
1.529077,-0.6688,-0.4737,-1.7373,1.921
1.534407,-0.6826,-0.5290,-1.6775,1.887
1.539020,-0.8071,-0.5983,-1.5807,1.873
1.548117,-1.0082,-0.6911,-1.4856,1.924
1.549019,-1.1864,-0.8125,-1.3298,1.959
1.553824,-1.3519,-0.9341,-1.1228,1.990
1.559130,-1.6492,-1.0420,-0.9982,2.191
1.563964,-1.9496,-1.2131,-0.9075,2.469
1.569566,-2.2640,-1.4431,-0.8025,2.802
1.573859,-2.6215,-1.6557,-0.7073,3.180
1.578893,-2.9760,-1.8565,-0.5692,3.554
1.583866,-3.4823,-2.0367,-0.4837,4.063
1.588797,-4.0892,-2.3022,-0.4747,4.717
1.594630,-4.8660,-2.7591,-0.5279,5.619
1.598783,-6.0245,-3.2499,-0.4658,6.861
1.604056,-7.1995,-3.7136,-0.1694,8.103
1.608599,-8.3650,-4.0699,0.1655,9.304
1.613841,-9.5586,-4.3487,0.3965,10.509
1.619511,-10.8463,-4.8240,0.4497,11.879
1.623577,-12.0689,-5.6726,0.4324,13.343
1.628667,-13.3334,-6.7349,0.2839,14.941
1.634476,-14.8071,-7.7438,0.0163,16.710
1.640112,-16.4295,-8.6111,-0.2706,18.551
1.648446,-18.0649,-9.5065,-0.1652,20.414
1.659402,-19.3737,-10.8907,0.0866,22.225
1.659904,-19.0395,-12.8383,0.0636,22.964
1.660187,-19.1413,-14.7053,0.2610,24.139
1.663832,-19.8506,-16.2682,0.0629,25.665
1.668370,-18.9079,-18.5076,-0.9733,26.476
1.673473,-16.6480,-20.9434,-2.5824,26.878
1.680286,-14.4394,-22.6477,-5.1150,27.342
1.683505,-12.4805,-23.1943,-8.4757,27.669
1.688370,-10.2555,-23.0892,-11.7362,27.857
1.693447,-7.5375,-22.7176,-14.6827,28.080
1.698385,-4.6237,-21.7555,-17.3684,28.219
1.705396,-1.5490,-20.2981,-19.3422,28.081
1.708496,1.9127,-18.6890,-20.2501,27.622
1.713213,5.4350,-16.6561,-20.1990,26.739
1.718257,8.9841,-14.2601,-19.8951,26.075
1.723595,13.4071,-11.0585,-19.9198,26.436
1.733365,19.6197,-7.1396,-20.5392,29.288
1.734211,27.0863,-3.2144,-21.5027,34.733
1.738148,34.4224,0.4065,-22.3125,41.023
1.743000,40.2176,3.8142,-22.3031,46.146
1.748447,44.0162,5.6294,-21.3787,49.256
1.756716,45.3566,5.6463,-20.5671,50.121
1.758157,43.1235,4.7308,-18.4544,47.144
1.764951,38.4040,4.3731,-15.1984,41.533
1.768039,32.6329,4.2142,-11.6651,34.910
1.772933,27.0932,3.7532,-8.6224,28.679
1.779308,22.1992,3.1485,-5.9815,23.206
1.783673,18.0951,2.6311,-4.0324,18.725
1.788624,14.7301,2.2034,-3.0459,15.202
1.792868,11.6527,1.9778,-2.6360,12.110
1.797845,8.8617,1.8263,-2.2996,9.336
1.802834,6.5127,1.6199,-1.8858,6.971
1.807979,4.5670,1.2686,-1.4177,4.947
1.812770,3.0675,0.8113,-0.9811,3.321
1.817934,1.8183,0.2862,-0.6767,1.961
1.823070,0.6214,-0.2239,-0.4589,0.804
1.827961,-0.5010,-0.6949,-0.3402,0.922
1.833189,-1.4592,-1.1826,-0.2847,1.900
1.838020,-2.3756,-1.7309,-0.3701,2.963
1.843327,-3.1855,-2.2542,-0.4535,3.929
1.847889,-3.9540,-2.8012,-0.4728,4.869
1.853131,-4.7250,-3.2711,-0.4647,5.766
1.857725,-5.1645,-3.6574,-0.4201,6.342
1.862568,-5.4267,-4.1323,-0.4863,6.838
1.867897,-5.7238,-4.6011,-0.5541,7.365
1.872607,-5.9993,-4.9265,-0.5425,7.782
1.877687,-6.0197,-5.1243,-0.5326,7.923
1.882487,-5.8646,-5.2054,-0.5661,7.862
1.888042,-5.6970,-5.2770,-0.6402,7.792
1.892438,-5.5526,-5.2538,-0.7779,7.684
1.897569,-5.3406,-5.1657,-0.9507,7.491
1.906029,-5.0896,-5.0279,-1.1111,7.240
1.907519,-4.8761,-4.8651,-1.3367,7.017
1.912407,-4.7344,-4.6347,-1.7291,6.847
1.917423,-4.5561,-4.4231,-2.2094,6.723
1.922517,-4.3376,-4.1538,-2.8562,6.650
1.927805,-4.1210,-3.9464,-3.4755,6.681
1.932458,-3.9157,-3.7626,-3.9595,6.721
1.937331,-3.6966,-3.5017,-4.3773,6.715
1.942259,-3.5066,-3.2309,-4.6206,6.640
1.947427,-3.0847,-2.9356,-5.0120,6.577
1.952809,-2.6365,-2.6778,-5.2128,6.426
1.957463,-2.2370,-2.5486,-5.1036,6.128
1.962841,-1.9140,-2.4997,-4.8185,5.756
1.967468,-1.7434,-2.3735,-4.4578,5.343
1.972156,-1.5814,-2.1892,-4.0538,4.871
1.977675,-1.4414,-2.0043,-3.5636,4.335
1.982110,-1.4289,-1.8813,-2.9666,3.792
1.987149,-1.5105,-1.7389,-2.3193,3.269
1.992205,-1.6244,-1.5918,-1.7307,2.858
1.997414,-1.6994,-1.4353,-1.2189,2.536
2.006007,-1.7360,-1.2316,-0.7347,2.252
2.007134,-1.7057,-1.0571,-0.2401,2.021
2.012227,-1.6180,-0.9983,0.1607,1.908
2.017127,-1.5111,-0.9019,0.5066,1.831
2.022366,-1.3604,-0.8304,0.7457,1.760
2.027529,-1.1606,-0.6975,0.9160,1.635
2.032028,-0.8385,-0.5319,1.0128,1.418
2.036936,-0.4417,-0.4340,0.9632,1.145
2.041895,-0.0739,-0.3556,0.8487,0.923
2.047135,0.1702,-0.3014,0.7212,0.800
2.052959,0.3488,-0.2377,0.6233,0.753
2.057195,0.4580,-0.1406,0.5737,0.747
2.061802,0.5846,-0.0531,0.5678,0.817
2.067002,0.6761,-0.0039,0.5715,0.885
2.072000,0.6608,0.0118,0.5514,0.861
2.077758,0.5816,0.0563,0.5361,0.793
2.082543,0.5100,0.0865,0.5448,0.751
2.086823,0.4311,0.1358,0.5534,0.715
2.091795,0.3444,0.1277,0.5432,0.656
2.097106,0.2445,0.1389,0.6092,0.671
2.102236,0.1934,0.1693,0.6417,0.691
2.107098,0.1957,0.1614,0.6409,0.689
2.111836,0.2272,0.1679,0.6115,0.674
2.116717,0.2642,0.1552,0.5968,0.671
2.121607,0.2635,0.0611,0.6067,0.664
2.126830,0.2487,0.0389,0.6408,0.688
2.131906,0.2340,0.0166,0.6897,0.728
2.139076,0.2528,-0.0011,0.7204,0.763
2.142375,0.2809,-0.0334,0.7379,0.790
2.146622,0.2849,-0.0516,0.7233,0.779
2.151619,0.2742,-0.1134,0.7390,0.796
2.156721,0.2632,-0.1515,0.7273,0.788
2.161525,0.2661,-0.1278,0.6548,0.718
2.166598,0.2828,-0.0567,0.6842,0.743
2.171422,0.2942,-0.0768,0.6667,0.733
2.176613,0.3293,-0.0781,0.5831,0.674
2.181506,0.4410,-0.1034,0.5243,0.693
2.186647,0.5194,-0.1241,0.4419,0.693
2.191500,0.5454,-0.1160,0.3838,0.677
2.196479,0.5285,-0.0936,0.3735,0.654
2.201857,0.5117,-0.0903,0.3775,0.642
2.206344,0.4664,-0.0870,0.4104,0.627
2.211178,0.4882,-0.0933,0.4243,0.654
2.216183,0.5054,-0.0949,0.4383,0.676
2.221387,0.6575,-0.1399,0.5872,0.893
2.226306,1.3058,-0.3773,1.2997,1.881
2.231383,2.2070,-0.5731,2.2799,3.224
2.237187,1.6017,-0.0856,2.0854,2.631
2.241144,0.5893,0.4677,1.5386,1.713
2.246227,0.5441,0.3593,1.4873,1.624
2.251056,0.9400,-0.0221,1.3613,1.654
2.256258,0.9878,-0.1207,0.9775,1.395
2.261179,0.6774,0.0252,0.5646,0.882
2.266131,0.4388,0.1810,0.2461,0.535
2.270995,0.2760,0.2559,0.0601,0.381
2.276112,0.1989,0.2117,-0.0316,0.292
2.280965,0.1115,0.0819,-0.1679,0.218
2.285988,-0.0054,-0.0282,-0.2240,0.226
2.290878,-0.1236,-0.0754,-0.3245,0.355
2.296068,-0.3342,-0.0888,-0.3639,0.502
2.300928,-0.3932,-0.1403,-0.3801,0.565
2.305919,-0.4492,-0.1532,-0.4449,0.651
2.310784,-0.5407,-0.0798,-0.5200,0.754
2.316083,-0.5097,-0.0637,-0.5864,0.780
2.320801,-0.4040,-0.1096,-0.6345,0.760
2.326011,-0.3094,-0.0691,-0.6736,0.744
2.330775,-0.1633,-0.0191,-0.5789,0.602
2.336411,0.0344,0.0069,-0.3599,0.362
2.340860,0.2220,0.0518,-0.1550,0.276
2.345704,0.3186,0.0437,0.0599,0.327
2.350768,0.4153,0.0736,0.3141,0.526
2.356154,0.4836,0.0597,0.5600,0.742
2.361590,0.4611,0.0501,0.7502,0.882
2.365700,0.4054,0.0351,0.8846,0.974
2.370654,0.3976,-0.0330,0.9008,0.985
2.375829,0.2749,-0.0153,0.8176,0.863
2.380574,0.1569,0.0740,0.6394,0.663
2.391443,0.1200,0.1009,0.5095,0.533
2.391781,0.0639,0.1038,0.4084,0.426
2.395731,0.1082,0.0829,0.3025,0.332
2.400646,0.1048,0.1099,0.2157,0.264
2.405553,0.0488,0.0747,0.1626,0.185
2.410889,-0.0026,0.0681,0.1530,0.167
2.415863,-0.0209,0.0373,0.1249,0.132
2.420410,-0.0970,0.0017,0.1118,0.148
2.425629,-0.1259,-0.0486,0.1475,0.200
2.430503,-0.2178,-0.0705,0.1316,0.264
2.436272,-0.4447,-0.1406,0.1313,0.485
2.440433,-0.6398,-0.2543,0.1471,0.704
2.445437,-0.6402,-0.2775,0.1838,0.722
2.450322,-0.6998,-0.3108,0.2414,0.803
2.455773,-0.6798,-0.3589,0.2623,0.812
2.460740,-0.6758,-0.3309,0.2654,0.798
2.465553,-0.6014,-0.2745,0.2267,0.699
2.470340,-0.4607,-0.2949,0.1505,0.567
2.475454,-0.2773,-0.2339,0.0123,0.363
2.480539,-0.1748,-0.2013,-0.0883,0.281
2.493572,-0.0672,-0.1590,-0.1080,0.204
2.493976,0.0415,-0.1019,-0.1336,0.173
2.495168,0.1130,-0.0492,-0.2085,0.242
2.500140,0.1715,0.0519,-0.2948,0.345
2.505244,0.2171,0.1010,-0.3736,0.444
2.510751,0.2595,0.1219,-0.4401,0.525
2.515418,0.2680,0.1281,-0.4336,0.526
2.520199,0.2875,0.1539,-0.4290,0.539
2.525191,0.2509,0.1371,-0.3308,0.437
2.530060,0.1584,0.1017,-0.1821,0.262
2.535046,0.0670,0.0619,-0.0396,0.099
2.540145,-0.0330,-0.0014,0.0735,0.081
2.545085,-0.1516,-0.0834,0.1341,0.219
2.549960,-0.2652,-0.1222,0.2049,0.357
2.555089,-0.3596,-0.1517,0.2957,0.490
2.560910,-0.7832,-0.2433,0.3738,0.901
2.565048,-0.6401,-0.2590,0.4302,0.814
2.570057,-0.4946,-0.2705,0.5176,0.765
2.575417,-0.4180,-0.2874,0.5785,0.769
2.580720,-0.2051,-0.2429,0.5219,0.611
2.588469,-0.1940,-0.1231,0.3105,0.386
2.590016,-0.1215,-0.0807,0.2686,0.306
2.600107,-0.0161,-0.0910,0.2423,0.259
2.600455,0.0843,-0.1154,0.1116,0.181
2.605004,0.1896,-0.0064,-0.0517,0.197
2.609962,0.1426,0.0877,-0.2241,0.280
2.615029,0.0634,0.1243,-0.2152,0.256
2.619956,0.1284,0.0326,-0.1357,0.190
2.624920,0.0366,0.0179,-0.0721,0.083
2.629772,0.0796,-0.0488,-0.1541,0.180
2.634757,0.0417,0.0571,-0.2323,0.243
2.640030,0.0138,0.0818,-0.1678,0.187
2.644717,-0.0905,0.0349,0.0015,0.097
2.649697,0.0404,-0.1460,0.1225,0.195
2.654757,0.0377,-0.1064,0.1717,0.205
2.659641,-0.0557,0.0145,0.1585,0.169
2.664726,-0.0197,0.0538,0.0786,0.097
2.670063,-0.0122,0.0405,-0.0011,0.042
2.674777,-0.0860,0.0177,-0.0473,0.100
2.679860,0.0226,0.0571,-0.0409,0.074
2.684657,0.2713,0.0876,-0.9559,0.997
2.689520,0.0856,0.2004,-1.8598,1.873
2.694410,0.2165,0.1989,-1.0672,1.107
2.699515,0.2370,0.0829,-0.1285,0.282
2.704572,-0.0589,0.0820,0.2295,0.251
2.709390,-0.0869,0.0334,0.1656,0.190
2.714624,0.0818,-0.0629,0.0151,0.104
2.719507,0.2560,-0.0632,-0.0498,0.268
2.724529,0.2395,0.0418,0.0095,0.243
2.730317,0.1801,0.1371,0.1020,0.248
2.739815,0.0819,0.1641,0.1836,0.260
2.740149,0.0321,0.1480,0.2223,0.269
2.744215,0.0255,0.1082,0.2614,0.284
2.749180,-0.0524,0.1112,0.2155,0.248
2.754296,-0.1205,0.1046,0.2180,0.270
2.759183,-0.1838,0.1360,0.1970,0.302
2.764253,-0.2235,0.1340,0.0238,0.262
2.769245,-0.1966,0.1704,-0.2349,0.351
2.774404,-0.1417,0.2211,-0.5647,0.623
2.779399,-0.1252,0.2008,-0.6900,0.729
2.784447,-0.0421,0.2525,-0.7409,0.784
