0.001879,0.0547,0.3144,-0.8279,0.887
0.002197,0.0987,0.3122,-0.6946,0.768
0.005682,0.1333,0.3199,-0.5598,0.658
0.011993,0.2394,0.2851,-0.4322,0.570
0.014717,0.2742,0.2366,-0.2497,0.440
0.019787,0.2813,0.1884,-0.1213,0.360
0.024691,0.2655,0.1454,0.0254,0.304
0.030182,0.3032,0.0549,0.2525,0.398
0.034977,0.3179,0.0410,0.3791,0.496
0.040002,0.1666,0.0316,0.3538,0.392
0.044850,0.0120,-0.0207,0.2962,0.297
0.049827,-0.0561,-0.0299,0.1497,0.163
0.054819,-0.1239,-0.0058,0.0236,0.126
0.059855,-0.1866,0.0419,-0.0732,0.205
0.064755,-0.2208,0.0371,-0.1318,0.260
0.070064,-0.2602,0.0230,-0.1666,0.310
0.074561,-0.2904,0.0186,-0.0588,0.297
0.079801,-0.3117,0.0190,0.0384,0.315
0.085254,-0.3529,0.0336,0.1020,0.369
0.089894,-0.3995,0.0148,0.1559,0.429
0.094685,-0.4182,-0.0419,0.2193,0.474
0.099793,-0.4142,-0.0604,0.2686,0.497
0.105677,-0.4160,-0.0835,0.2802,0.508
0.109644,-0.4332,-0.1018,0.2495,0.510
0.114622,-0.4420,-0.1296,0.2388,0.519
0.119554,-0.4469,-0.1667,0.1858,0.512
0.124518,-0.4525,-0.1798,0.1001,0.497
0.129864,-0.4590,-0.1832,0.0814,0.501
0.134983,-0.5235,-0.1485,0.0435,0.546
0.139485,-0.5551,-0.0901,-0.0326,0.563
0.144627,-0.5682,-0.1129,-0.0849,0.585
0.149581,-0.5774,-0.1400,-0.0897,0.601
0.154621,-0.5922,-0.1193,-0.0996,0.612
0.159967,-0.6317,-0.1035,-0.0810,0.645
0.164413,-0.6345,-0.1021,-0.0005,0.643
0.169371,-0.6341,-0.0343,0.0752,0.639
0.174264,-0.6113,0.0185,0.1894,0.640
0.179338,-0.5384,0.0564,0.2563,0.599
0.184986,-0.4628,0.0842,0.2910,0.553
0.189439,-0.3657,0.0639,0.3176,0.489
0.194228,-0.3515,0.1100,0.2694,0.456
0.199190,-0.2863,0.1413,0.2133,0.384
0.206893,-0.2077,0.1961,0.1155,0.308
0.209815,-0.1258,0.2076,-0.0094,0.243
0.214536,-0.0828,0.1810,-0.0524,0.206
0.221134,-0.0450,0.2071,-0.0716,0.224
0.224272,-0.0124,0.2379,-0.0909,0.255
0.229364,0.0200,0.2638,-0.0866,0.278
0.235019,0.0239,0.3039,-0.0544,0.310
0.239429,0.0320,0.3010,-0.0083,0.303
0.244058,0.0207,0.2650,0.0280,0.267
0.248973,0.0472,0.2578,0.1117,0.285
0.254097,0.0777,0.2555,0.1953,0.331
0.260034,0.0407,0.2341,0.3454,0.419
0.264063,0.0702,0.2269,0.5145,0.567
0.268966,0.1364,0.2053,0.6511,0.696
0.273960,0.2348,0.2405,0.7462,0.818
0.279153,0.3133,0.3178,0.7811,0.900
0.284999,0.3768,0.3797,0.7847,0.950
0.288889,0.4875,0.4030,0.7614,0.990
0.293852,0.5506,0.4306,0.7109,0.997
0.298890,0.6705,0.4720,0.7098,1.084
0.306880,0.7431,0.5366,0.6765,1.139
0.308804,0.7828,0.6671,0.6254,1.204
0.313957,0.8234,0.7441,0.6320,1.277
0.320731,0.9028,0.8539,0.6718,1.413
0.323634,1.0401,1.0150,0.7726,1.646
0.328881,1.2631,1.1366,0.9301,1.937
0.334806,1.5623,1.2592,1.1500,2.313
0.339016,1.8260,1.3333,1.2938,2.605
0.343604,1.9643,1.4496,1.3712,2.800
0.348664,2.0634,1.5411,1.4302,2.946
0.353940,2.3150,1.5745,1.5705,3.210
0.364498,2.7100,1.6740,1.6490,3.587
0.371255,3.0721,1.7773,1.7134,3.941
0.372834,3.4840,1.8364,1.7542,4.311
0.373970,3.8130,1.8179,1.8670,4.618
0.378459,4.1749,1.8031,1.9945,4.966
0.383432,4.5610,1.7443,2.1034,5.317
0.388493,5.0141,1.6226,2.1596,5.695
0.393537,5.3793,1.5337,2.0730,5.965
0.398471,5.5322,1.4923,1.7850,6.001
0.403946,5.5492,1.3842,1.3713,5.881
0.408534,5.4395,1.2148,1.0797,5.677
0.413490,5.4088,0.9895,0.9909,5.587
0.418373,5.4015,0.7425,0.9081,5.527
0.423328,5.1538,0.5932,0.7369,5.240
0.428485,4.7393,0.4752,0.3917,4.779
0.433322,4.2861,0.1593,-0.0316,4.289
0.438450,3.7404,-0.1864,-0.4036,3.767
0.443316,3.2398,-0.4993,-0.7527,3.363
0.448214,2.6750,-0.7986,-1.0784,2.993
0.453124,2.1275,-1.0985,-1.2599,2.706
0.458099,1.7611,-1.4517,-1.2820,2.618
0.463121,1.6273,-1.8723,-1.2921,2.797
0.468150,1.3137,-2.1787,-1.4420,2.924
0.473276,0.8438,-2.4716,-1.7542,3.146
0.478193,0.1560,-2.7613,-2.2474,3.564
0.484573,-0.6258,-3.0472,-2.7775,4.170
0.495827,-1.3684,-3.3923,-3.0258,4.747
0.496491,-2.0681,-3.6344,-3.2656,5.306
0.500782,-2.8623,-3.6600,-3.7511,5.971
0.504778,-3.8130,-3.6804,-4.4250,6.904
0.508171,-4.8407,-3.7823,-5.2173,8.060
0.514768,-5.7890,-4.0094,-5.9776,9.237
0.518361,-6.6258,-4.2568,-6.5463,10.241
0.522977,-7.4311,-4.5450,-7.1226,11.252
0.528234,-8.2372,-4.8359,-7.6356,12.229
0.533253,-9.0802,-5.1213,-7.9005,13.080
0.538114,-9.6452,-5.4496,-7.7221,13.504
0.543110,-9.8948,-5.8310,-7.1578,13.533
0.548394,-9.9491,-6.1937,-6.1679,13.243
0.553250,-10.1959,-6.3760,-4.9409,13.001
0.558073,-10.7812,-6.4034,-3.8092,13.105
0.562938,-11.4532,-6.5541,-2.6602,13.461
0.568105,-11.8748,-7.0146,-1.6069,13.885
0.572822,-12.2394,-7.4211,-0.8850,14.341
0.577843,-12.7931,-7.7688,-0.4232,14.973
0.582774,-13.0318,-8.1900,-0.2884,15.394
0.587690,-13.1357,-8.6897,-0.3902,15.755
0.593058,-13.4849,-9.2266,-0.6906,16.354
0.597936,-13.9885,-9.9604,-1.3144,17.222
0.602665,-14.3729,-11.0114,-2.2722,18.248
0.608061,-14.5840,-12.0255,-3.4655,19.218
0.613298,-14.6700,-12.9303,-4.7565,20.125
0.623081,-14.2622,-13.7895,-5.8375,20.679
0.623720,-13.1951,-14.5301,-6.7724,20.763
0.627805,-11.5187,-15.1284,-7.4177,20.410
0.632693,-9.4158,-15.4521,-7.8801,19.736
0.638924,-6.8061,-15.2891,-8.2009,18.637
0.647056,-3.5930,-14.7944,-8.3957,17.386
0.647439,0.0122,-13.9382,-8.5753,16.365
0.652334,4.2824,-12.5066,-8.8826,15.927
0.657680,9.1644,-10.2777,-9.4914,16.724
0.662404,14.4362,-7.3915,-10.5059,19.324
0.667699,20.0876,-4.0957,-11.8503,23.679
0.672455,25.9209,-0.7136,-13.3823,29.180
0.677414,31.3263,2.4697,-14.8499,34.756
0.682381,36.0279,5.3294,-15.8980,39.739
0.687443,39.4488,7.6367,-16.1198,43.294
0.693782,41.3618,9.2443,-15.3799,45.087
0.697439,41.2852,10.1825,-13.9489,44.752
0.702133,40.2236,9.8133,-11.7630,43.042
0.707203,38.0046,8.7035,-9.5865,40.150
0.712829,33.8082,7.8376,-6.8309,35.371
0.719668,28.9935,6.9012,-4.7145,30.174
0.722120,24.8338,5.3875,-3.3475,25.631
0.727190,21.1298,3.6157,-2.8058,21.620
0.732285,17.4801,2.1076,-2.7712,17.823
0.737248,14.4292,0.7752,-2.8528,14.729
0.742918,11.8680,-0.5321,-3.2759,12.323
0.747437,9.4096,-1.8304,-3.9842,10.381
0.752112,6.8779,-3.0929,-4.7590,8.917
0.757241,4.5756,-4.2507,-5.5063,8.326
0.762044,2.5202,-5.2534,-6.5205,8.745
0.767957,0.4149,-6.1941,-7.6981,9.889
0.772051,-1.6516,-7.2617,-8.8563,11.571
0.777065,-3.7816,-8.2454,-10.0240,13.519
0.782025,-6.0546,-9.0933,-11.1080,15.580
0.787404,-8.4451,-9.8260,-11.9012,17.593
0.792467,-10.8049,-10.6718,-12.3859,19.597
0.797055,-13.0760,-11.4699,-12.2448,21.271
0.804063,-15.3262,-11.9916,-11.2863,22.496
0.806959,-17.5684,-12.2097,-9.4977,23.408
0.814588,-19.7760,-12.0791,-7.1518,24.252
0.816841,-21.8935,-11.7318,-4.5242,25.247
0.821935,-23.6943,-11.4678,-1.9036,26.392
0.826789,-25.0206,-11.4960,0.3643,27.538
0.831924,-25.7390,-11.8111,2.2876,28.412
0.836999,-25.8706,-12.3094,3.7316,28.892
0.843123,-25.6257,-12.9569,4.5436,29.072
0.846841,-24.9969,-13.7602,4.4514,28.879
0.852053,-24.0143,-14.6173,3.5789,28.340
0.856787,-22.5281,-15.7588,2.0859,27.572
0.861822,-21.1397,-16.7639,0.2135,26.981
0.866864,-19.9998,-17.3286,-1.8413,26.527
0.871697,-19.0441,-17.6850,-4.2179,26.329
0.876841,-17.9492,-18.0219,-6.8758,26.348
0.881855,-16.4082,-18.4374,-9.3066,26.378
0.887078,-14.4724,-18.5352,-11.1521,26.026
0.891627,-12.1598,-18.4019,-12.2681,25.239
0.896892,-9.2900,-18.2221,-12.5774,24.011
0.903073,-5.9308,-17.9328,-12.4898,22.644
0.906696,-2.2885,-17.2056,-12.2532,21.246
0.913657,1.9195,-15.8322,-12.1090,20.024
0.916546,6.7680,-13.9479,-12.3921,19.847
0.921606,12.1775,-11.5987,-13.0722,21.300
0.926425,17.8826,-8.6925,-14.1388,24.398
0.931418,23.1922,-5.0143,-15.4572,28.319
0.936453,27.7899,-0.9713,-16.4814,32.324
0.941596,31.6592,3.1718,-17.2430,36.190
0.946518,35.3464,6.3294,-17.1343,39.787
0.952940,39.2847,7.3580,-17.5208,43.639
0.956447,42.3324,6.7769,-17.1884,46.189
0.961567,41.4290,6.9995,-16.3735,45.094
0.966421,38.0146,7.6012,-14.0728,41.242
0.971775,33.5552,8.0636,-11.1799,36.276
0.977477,29.3148,7.2367,-8.7894,31.448
0.981212,25.0528,5.5507,-7.2134,26.655
0.986942,20.8232,3.9145,-6.0712,22.041
0.991111,16.6913,2.5987,-5.3822,17.729
0.996142,12.8404,1.4899,-4.9615,13.846
1.003009,9.4201,0.4713,-4.5286,10.463
1.006107,6.4666,-0.5023,-4.1900,7.722
1.011002,3.9714,-1.2913,-3.9257,5.732
1.016254,1.9344,-1.9996,-3.6216,4.567
1.021004,0.2650,-2.6172,-3.2933,4.215
1.026171,-1.2424,-3.2204,-2.9569,4.545
1.031535,-2.5778,-3.7561,-2.5067,5.200
1.035924,-3.8099,-4.2655,-1.9143,6.031
1.040842,-4.9299,-4.6144,-1.3677,6.890
1.045986,-5.8859,-4.7950,-1.0494,7.664
1.050797,-6.6063,-4.9434,-0.9946,8.311
1.056023,-7.1859,-5.0040,-1.0144,8.815
1.060865,-7.5880,-4.9980,-1.0864,9.151
1.065935,-7.7696,-5.0902,-1.1540,9.360
1.070690,-7.7782,-5.0956,-1.1750,9.373
1.075961,-7.7004,-4.9728,-1.1466,9.238
1.080979,-7.3922,-4.8144,-1.1377,8.895
1.086439,-6.8233,-4.7172,-1.1399,8.373
1.091230,-6.1079,-4.6055,-1.1346,7.733
1.095796,-5.4125,-4.4175,-1.0949,7.072
1.103547,-4.8224,-4.1250,-1.0354,6.430
1.105840,-4.3309,-3.8241,-0.9714,5.859
1.114098,-3.9027,-3.5675,-0.8507,5.356
1.115838,-3.5272,-3.3888,-0.7119,4.943
1.120773,-3.2040,-3.2163,-0.5694,4.575
1.125882,-2.9691,-3.0547,-0.3997,4.279
1.130648,-2.8322,-2.8611,-0.2121,4.031
1.135612,-2.7021,-2.6786,0.0938,3.806
1.140626,-2.6744,-2.4883,0.3746,3.672
1.145787,-2.6534,-2.2902,0.5587,3.549
1.151126,-2.5773,-2.0462,0.6601,3.356
1.155498,-2.4454,-1.7083,0.7165,3.068
1.160482,-2.2097,-1.4153,0.6892,2.713
1.165940,-1.8935,-1.2384,0.6347,2.350
1.170758,-1.4812,-1.1439,0.6003,1.965
1.176157,-1.0295,-1.0642,0.5138,1.567
1.180594,-0.6185,-0.8988,0.4128,1.167
1.185997,-0.2286,-0.6906,0.4355,0.848
1.190395,0.3091,-0.4777,0.5093,0.764
1.195481,0.9241,-0.2694,0.5189,1.094
1.203830,1.3884,-0.0799,0.5265,1.487
1.205643,1.7849,0.0624,0.5320,1.863
1.213601,2.0283,0.1624,0.5685,2.113
1.215409,2.1527,0.2777,0.6553,2.267
1.220173,2.2396,0.4033,0.8352,2.424
1.226430,2.3467,0.4486,0.9744,2.580
1.230314,2.3636,0.5234,1.0400,2.635
1.235270,2.1902,0.6375,0.9942,2.488
1.240289,2.0076,0.6948,0.9281,2.318
1.245718,1.8261,0.6862,0.8609,2.132
1.250213,1.6207,0.6212,0.8791,1.946
1.255237,1.4868,0.5859,0.9208,1.844
1.260095,1.3620,0.6664,0.9051,1.766
1.265263,1.2553,0.7235,0.8995,1.705
1.270608,1.2474,0.6666,0.9187,1.687
1.275038,1.3305,0.5965,0.9576,1.744
1.280083,1.3458,0.6040,0.9595,1.760
1.285354,1.2646,0.6078,0.8625,1.647
1.290242,1.1299,0.6127,0.6999,1.463
1.295202,0.9893,0.5614,0.5340,1.257
1.300017,0.7935,0.5063,0.3787,1.015
1.305219,0.5441,0.4911,0.2098,0.762
1.310005,0.3016,0.4340,0.2617,0.590
1.314966,0.1181,0.3781,0.3857,0.553
1.319912,-0.0645,0.3088,0.4721,0.568
1.325046,-0.1941,0.1782,0.5598,0.619
1.330421,-0.2625,0.0338,0.6687,0.719
1.334794,-0.2773,-0.1193,0.7515,0.810
1.339795,-0.3498,-0.2767,0.8710,0.979
1.344845,-0.3797,-0.3332,1.0942,1.205
1.349814,-0.3480,-0.3655,1.3211,1.414
1.354799,-0.3795,-0.4171,1.3320,1.446
1.359830,-0.3653,-0.4835,1.1608,1.309
1.364889,-0.3703,-0.5974,0.9567,1.187
1.369851,-0.3477,-0.7208,0.7618,1.105
1.374890,-0.4175,-0.8345,0.5848,1.101
1.379660,-0.5323,-0.8238,0.3825,1.053
1.385275,-0.6777,-0.8518,0.0162,1.089
1.390251,-0.8024,-0.8995,-0.4526,1.288
1.395078,-0.9434,-1.0047,-0.8512,1.620
1.399542,-1.1016,-1.1772,-1.2962,2.069
1.404701,-1.3062,-1.3118,-1.7692,2.561
1.413126,-1.4569,-1.5089,-2.1465,3.001
1.414854,-1.5873,-1.6396,-2.3616,3.284
1.419455,-1.7223,-1.8143,-2.7072,3.686
1.424490,-1.9183,-1.9276,-3.0479,4.085
1.429831,-2.0899,-2.1712,-3.3227,4.486
1.434611,-2.3620,-2.4255,-3.5661,4.917
1.439744,-2.7922,-2.6765,-3.8553,5.461
1.444704,-3.3522,-2.8385,-4.1623,6.051
1.449826,-3.8706,-3.0555,-4.5266,6.694
1.455111,-4.2089,-3.3565,-4.9001,7.280
1.459552,-4.6316,-3.7322,-5.3170,7.978
1.464598,-5.2449,-4.2263,-5.5718,8.742
1.469367,-5.9932,-4.7774,-5.6411,9.517
1.474603,-7.0030,-5.3675,-5.6593,10.482
1.479495,-8.2565,-6.1407,-5.3391,11.592
1.484522,-9.7565,-6.8923,-4.4614,12.751
1.490003,-11.3618,-7.4033,-3.0360,13.897
1.494744,-12.5404,-7.7421,-1.2395,14.790
1.499254,-13.4921,-8.0005,0.4567,15.693
1.504252,-14.4308,-8.2983,1.7599,16.739
1.512333,-15.3382,-8.5864,2.4883,17.753
1.514223,-16.0893,-8.9663,2.5587,18.596
1.519177,-16.7756,-9.6599,1.8177,19.443
1.524380,-17.5537,-10.5015,0.0320,20.455
1.529306,-18.2679,-11.4869,-2.1984,21.691
1.538938,-18.6689,-12.7107,-4.8352,23.097
1.539465,-18.6966,-14.0837,-7.6312,24.620
1.545557,-18.1545,-15.6336,-10.0540,25.982
1.549352,-16.6045,-17.4712,-11.8427,26.855
1.554017,-14.9090,-18.9293,-12.9040,27.333
1.558898,-13.7279,-19.6102,-12.8721,27.179
1.564256,-10.7742,-20.8502,-12.9102,26.786
1.570413,-8.3465,-21.1019,-12.4965,25.906
1.574320,-5.3826,-20.9185,-12.1726,24.794
1.581630,-1.6073,-20.6042,-12.1490,23.973
1.588062,2.2441,-19.6236,-12.5748,23.415
1.588932,6.6042,-17.7800,-13.4837,23.271
1.593847,11.2926,-15.3255,-15.0173,24.247
1.598835,15.8685,-12.5266,-16.6753,26.207
1.603887,20.5167,-9.2636,-17.8858,28.752
1.609366,25.5893,-5.6948,-18.8114,32.266
1.614100,30.8933,-2.1286,-19.5508,36.622
1.619849,35.7249,1.1195,-20.1319,41.022
1.624729,39.2487,3.7039,-20.6044,44.483
1.628767,40.9771,5.0502,-20.7524,46.209
1.634752,40.1858,5.5213,-20.0305,45.239
1.638788,38.8536,4.6076,-18.2705,43.182
1.645947,35.5572,3.9574,-16.2490,39.294
1.648828,31.0326,3.3774,-13.6105,34.054
1.659194,26.6081,2.4884,-11.1512,28.957
1.659780,22.2841,1.4247,-9.0530,24.095
1.666254,17.9497,0.5454,-7.6119,19.505
1.668567,14.1212,-0.1727,-6.5159,15.553
1.673650,11.0927,-0.7386,-5.6996,12.493
1.678703,8.6452,-1.2254,-5.2684,10.198
1.685464,6.5513,-1.8318,-5.0415,8.467
1.688615,4.6716,-2.3245,-4.7100,7.029
1.693538,2.9363,-2.6868,-4.4367,5.960
1.698516,1.3206,-2.9972,-4.2868,5.395
1.703535,-0.2122,-3.3126,-4.0271,5.219
1.712288,-1.7521,-3.6184,-3.6888,5.456
1.713791,-3.1844,-3.8856,-3.3228,6.023
1.723477,-4.5479,-4.0467,-2.9259,6.754
1.723987,-5.6840,-4.1710,-2.7439,7.565
1.728351,-6.6353,-4.2587,-2.7664,8.356
1.733991,-7.4068,-4.3303,-2.8286,9.034
1.738391,-7.8878,-4.4257,-2.8617,9.487
1.743321,-8.0634,-4.5273,-2.8540,9.678
1.748354,-8.1011,-4.6946,-2.7395,9.756
1.753695,-7.7714,-5.1249,-2.5867,9.662
1.758348,-8.2126,-4.8395,-1.9628,9.732
1.763387,-8.2566,-4.5542,-1.1635,9.501
1.768217,-7.7020,-4.4864,-0.2594,8.917
1.773359,-7.0929,-4.4369,0.6122,8.389
1.778206,-6.4715,-4.3643,1.2475,7.905
1.783197,-5.9435,-4.2071,1.7025,7.478
1.788121,-5.4509,-4.1483,1.9833,7.131
1.793265,-5.0014,-4.0353,2.1183,6.766
1.798095,-4.6126,-3.9164,2.2174,6.444
1.803242,-4.0772,-3.7773,2.3421,6.031
1.808048,-3.5040,-3.5324,2.4496,5.546
1.813220,-3.0203,-3.2964,2.5962,5.170
1.820763,-2.6873,-2.9930,2.7487,4.872
1.823081,-2.5330,-2.6891,2.7010,4.576
1.827917,-2.5430,-2.3892,2.5428,4.318
1.833000,-2.5262,-2.0450,2.2298,3.942
1.838242,-2.4388,-1.7371,1.7072,3.447
1.842980,-2.2229,-1.5364,1.1220,2.926
1.847885,-1.9449,-1.3176,0.5627,2.416
1.853299,-1.5988,-1.1422,0.0992,1.967
1.857906,-1.2604,-0.9952,-0.3082,1.635
1.862995,-0.9093,-0.8474,-0.5700,1.367
1.867776,-0.5681,-0.7080,-0.7541,1.180
1.872882,-0.2220,-0.6152,-0.8897,1.104
1.877768,0.0964,-0.4827,-0.9340,1.056
1.882753,0.4260,-0.3725,-0.8732,1.041
1.887771,0.7003,-0.2752,-0.6639,1.003
1.892812,0.9437,-0.2581,-0.3962,1.056
1.897742,1.1710,-0.1921,-0.0643,1.188
1.903058,1.3343,-0.0777,0.3278,1.376
1.907706,1.4096,-0.0540,0.7097,1.579
1.912942,1.4208,-0.0353,1.0203,1.750
1.920817,1.4158,-0.0408,1.1740,1.840
1.922819,1.3943,-0.0705,1.2429,1.869
1.927604,1.3225,-0.1483,1.2033,1.794
1.932580,1.1812,-0.1593,1.1219,1.637
1.938160,1.0223,-0.1273,1.0605,1.478
1.942691,0.8312,-0.0764,0.9807,1.288
1.947630,0.7367,-0.0448,0.9110,1.172
1.952564,0.6384,-0.0706,0.7220,0.966
1.958007,0.5983,-0.0915,0.5620,0.826
1.962638,0.5401,-0.1504,0.4114,0.695
1.967796,0.4636,-0.1515,0.3226,0.585
1.972674,0.3880,-0.1380,0.3147,0.518
1.977491,0.2123,-0.1628,0.3260,0.422
1.982727,0.0797,-0.1397,0.3901,0.422
1.987583,-0.0341,-0.1409,0.5218,0.542
1.992617,-0.1243,-0.1328,0.5636,0.592
1.997416,-0.2438,-0.1445,0.5445,0.614
2.002356,-0.3786,-0.1375,0.4743,0.622
2.007463,-0.4524,-0.1214,0.4339,0.638
2.012434,-0.5662,-0.1631,0.3512,0.686
2.018871,-0.5953,-0.1334,0.2644,0.665
2.022366,-0.5733,-0.1613,0.1925,0.626
2.027220,-0.5814,-0.1943,0.1403,0.629
2.032263,-0.5957,-0.2132,0.1221,0.644
2.037664,-0.6066,-0.2038,0.1480,0.657
2.042968,-0.4555,-0.1760,0.3528,0.602
2.047295,0.0067,-0.2068,0.9435,0.966
2.052533,0.2679,-0.1480,1.4276,1.460
2.057247,0.4097,-0.0619,1.7430,1.792
2.062527,0.3832,0.0373,1.6642,1.708
2.068169,0.0733,0.1644,1.1567,1.171
2.072243,-0.2955,0.2336,0.6217,0.727
2.077168,-0.3978,0.3220,0.1342,0.529
2.082196,-0.2813,0.3725,-0.2345,0.522
2.087776,-0.1947,0.4045,-0.4520,0.637
2.092728,-0.1469,0.4467,-0.5326,0.710
2.096985,-0.0085,0.4321,-0.5577,0.706
2.102088,0.1397,0.3892,-0.4981,0.647
2.106916,0.3219,0.3563,-0.3052,0.569
2.112603,0.4427,0.3378,-0.1263,0.571
2.119294,0.4779,0.3191,0.0052,0.575
2.122066,0.3840,0.3192,0.0705,0.504
2.126886,0.2565,0.2521,0.0268,0.361
2.131926,0.0852,0.1464,0.0034,0.169
2.137040,-0.1399,0.1410,-0.0863,0.217
2.142570,-0.3091,0.1017,-0.1892,0.376
2.146833,-0.4133,0.0430,-0.2627,0.492
2.151892,-0.4090,0.0224,-0.3500,0.539
2.157034,-0.2864,0.0065,-0.4178,0.507
2.161920,-0.1313,-0.0525,-0.4709,0.492
2.167585,-0.0101,-0.1402,-0.4663,0.487
2.172023,0.1491,-0.1370,-0.3943,0.443
2.176961,0.2509,-0.1624,-0.3414,0.454
2.181852,0.3915,-0.1541,-0.3030,0.518
2.187506,0.4946,-0.1984,-0.3029,0.613
2.192972,0.5076,-0.2184,-0.3414,0.650
2.196935,0.4548,-0.2477,-0.3182,0.608
2.202093,0.4121,-0.2433,-0.3148,0.573
2.206809,0.2837,-0.2481,-0.2928,0.477
2.211997,0.0787,-0.2528,-0.2475,0.362
2.221041,-0.0930,-0.3196,-0.2218,0.400
2.221927,-0.1887,-0.3862,-0.1871,0.469
2.226517,-0.2465,-0.3136,-0.1533,0.427
2.231880,-0.2860,-0.1837,-0.1536,0.373
2.236624,-0.3069,-0.1303,-0.1211,0.355
2.242426,-0.2421,-0.1246,-0.0364,0.275
2.246418,-0.1677,-0.1477,0.1006,0.245
2.251398,-0.1173,-0.1371,0.1896,0.262
2.256416,-0.1672,-0.1170,0.2785,0.345
2.261560,-0.2986,-0.0922,0.3007,0.434
2.266541,-0.4252,-0.0962,0.3472,0.557
2.271373,-0.4995,-0.1386,0.4371,0.678
2.276246,-0.5122,-0.1570,0.3977,0.667
2.281551,-0.4967,-0.1514,0.3437,0.623
2.286939,-0.4526,-0.1456,0.2414,0.533
2.292540,-0.3847,-0.0726,0.2105,0.445
2.296137,-0.3023,0.0244,0.1597,0.343
2.301301,-0.1428,0.0786,0.0742,0.179
2.306050,-0.0543,0.1426,0.0114,0.153
2.311575,0.0116,0.1975,-0.0717,0.210
2.316413,0.1125,0.2096,-0.0557,0.244
2.322070,0.1957,0.2173,0.0357,0.295
2.326023,0.2182,0.2635,0.0786,0.351
2.331100,0.1850,0.2811,0.1018,0.352
2.336540,0.0813,0.2654,0.1006,0.295
2.341166,-0.0166,0.2259,0.1135,0.253
2.345980,-0.1425,0.2009,0.0685,0.256
2.351594,-0.2776,0.1807,0.0425,0.334
2.355997,-0.4270,0.1319,0.0598,0.451
2.361063,-0.5003,0.0591,0.1347,0.521
2.365903,-0.6175,-0.0377,0.2053,0.652
2.371024,-0.6879,-0.1251,0.2287,0.736
2.375881,-0.7402,-0.1599,0.2770,0.806
2.380924,-0.7509,-0.2094,0.2449,0.817
2.386354,-0.7533,-0.2399,0.1421,0.803
2.390755,-0.6755,-0.2659,0.0259,0.726
2.395781,-0.5700,-0.2585,-0.1277,0.639
2.403074,-0.4894,-0.2368,-0.2089,0.582
2.405836,-0.3517,-0.2249,-0.2992,0.514
2.411384,-0.2335,-0.1556,-0.4320,0.515
2.415636,-0.1200,-0.1438,-0.5215,0.554
2.420773,-0.0301,-0.0937,-0.6204,0.628
2.425765,0.0745,-0.0676,-0.6666,0.674
2.430741,0.1414,-0.0461,-0.7658,0.780
2.435688,0.1997,-0.0580,-0.8033,0.830
2.440666,0.2683,-0.0745,-0.8267,0.872
2.445634,0.2948,-0.1147,-0.7931,0.854
2.450746,0.2599,-0.1692,-0.7025,0.768
2.455565,0.2064,-0.1852,-0.5740,0.638
2.460689,0.1392,-0.2156,-0.5223,0.582
2.465511,0.0768,-0.2506,-0.4563,0.526
2.471460,0.0143,-0.2761,-0.3473,0.444
2.476288,-0.0628,-0.2775,-0.3058,0.418
2.480517,-0.0875,-0.3076,-0.2406,0.400
2.486017,-0.1270,-0.2945,-0.2091,0.383
2.490433,-0.1622,-0.2719,-0.2258,0.389
2.495404,-0.1594,-0.2540,-0.1853,0.353
2.500964,-0.1572,-0.2073,-0.2267,0.345
2.505475,-0.0737,-0.1461,-0.2830,0.327
2.511318,0.0290,-0.0753,-0.3450,0.354
2.515502,0.0927,-0.0375,-0.3053,0.321
2.520736,0.1234,-0.0046,-0.2099,0.244
2.525362,0.1593,0.0139,-0.0826,0.180
2.531007,0.1433,0.0371,0.0051,0.148
2.535255,0.1330,0.0413,0.0774,0.159
2.540313,0.1234,0.0360,0.1202,0.176
2.545369,0.0717,0.0498,0.1529,0.176
2.550848,0.0258,0.0351,0.1612,0.167
2.555294,-0.0479,0.0063,0.1690,0.176
2.560208,-0.0685,-0.0078,0.2381,0.248
2.565153,-0.0937,-0.0314,0.3018,0.318
2.570257,-0.1757,-0.0072,0.3363,0.379
2.575779,-0.2003,-0.0212,0.3278,0.385
2.580423,-0.2486,-0.0257,0.3291,0.413
2.585312,-0.2542,-0.0064,0.3593,0.440
2.590730,-0.2696,-0.0111,0.3848,0.470
2.595084,-0.3091,-0.0112,0.3727,0.484
2.600206,-0.2870,-0.0067,0.3897,0.484
2.605129,-0.2798,-0.0166,0.3645,0.460
2.610778,-0.2922,0.0020,0.2451,0.381
2.615152,-0.2811,-0.0224,0.1937,0.342
2.620214,-0.2988,0.0245,0.1050,0.318
2.625799,-0.3357,-0.0002,0.0027,0.336
2.630019,-0.3489,-0.0104,-0.1036,0.364
2.634882,-0.3385,-0.0299,-0.1474,0.370
2.639906,-0.2999,-0.0398,-0.2197,0.374
2.644886,-0.2618,-0.0543,-0.2345,0.356
2.650718,-0.2049,-0.0923,-0.2114,0.309
2.654803,-0.1773,-0.1444,-0.1836,0.293
2.659835,-0.1403,-0.1675,-0.1559,0.268
2.664732,-0.0656,-0.1429,-0.1474,0.215
2.669829,-0.0391,-0.1804,-0.0909,0.206
2.674811,-0.0744,-0.1986,-0.0204,0.213
2.679836,-0.0573,-0.2215,0.0121,0.229
2.684714,-0.0166,-0.2159,0.0926,0.236
2.689732,0.0522,-0.2532,0.1162,0.283
2.694592,0.0777,-0.2476,0.0496,0.264
2.699672,0.0508,-0.1897,-0.0017,0.196
2.704608,0.0527,-0.1656,-0.0337,0.177
2.711892,0.0068,-0.1844,-0.1037,0.212
2.714667,0.0276,-0.1412,-0.1355,0.198
2.721547,0.0627,-0.1074,-0.5871,0.600
2.724616,0.1124,-0.0874,-1.3380,1.346
2.729655,0.1430,0.0138,-1.0596,1.069
2.734416,0.1545,0.0384,-0.2999,0.340
2.739529,0.2045,-0.0229,0.1736,0.269
2.744687,0.2930,-0.0601,0.3688,0.475
2.749677,0.3436,-0.0354,0.5541,0.653
2.754543,0.3423,0.0267,0.7059,0.785
2.759447,0.2655,0.0834,0.6056,0.667
2.764364,0.1706,0.1538,0.3641,0.430
2.769802,0.0668,0.1904,0.0481,0.207
2.774312,0.0207,0.1843,-0.3191,0.369
2.779576,0.0557,0.1882,-0.6288,0.659
2.784888,0.1429,0.2450,-0.8055,0.854
