0.001802,0.0670,0.1140,-0.2427,0.276
0.006375,0.1075,0.1551,-0.2184,0.289
0.010402,0.1337,0.1390,-0.2520,0.317
0.015424,0.1462,0.0994,-0.2525,0.308
0.020232,0.1209,0.1220,-0.2871,0.335
0.025454,0.1009,0.0734,-0.3554,0.377
0.030576,0.0290,0.0586,-0.4002,0.406
0.035469,0.0005,0.0489,-0.4172,0.420
0.040253,-0.0040,0.0252,-0.4113,0.412
0.045198,-0.0035,0.0352,-0.4394,0.441
0.050871,0.0588,-0.0070,-0.4111,0.415
0.055541,0.0401,0.0274,-0.3411,0.345
0.060152,-0.0784,0.0568,-0.2295,0.249
0.065190,-0.0535,0.0432,-0.1566,0.171
0.070177,-0.0576,0.0722,0.1639,0.188
0.075348,0.0285,-0.0133,0.4547,0.456
0.080359,0.1330,-0.1080,0.5118,0.540
0.085161,0.1275,-0.0740,0.5033,0.524
0.089988,0.0746,0.0069,0.4870,0.493
0.095437,0.0411,0.0488,0.4386,0.443
0.100057,0.0077,0.0380,0.3296,0.332
0.105456,-0.0350,-0.0061,0.2266,0.229
0.110033,-0.0871,-0.0212,0.1670,0.190
0.115050,-0.1152,-0.0314,0.1269,0.174
0.119928,-0.1150,-0.0368,0.1058,0.160
0.126830,-0.1006,-0.0420,0.1322,0.171
0.130404,-0.0817,-0.0187,0.1490,0.171
0.135426,-0.0536,-0.0051,0.1371,0.147
0.139932,-0.0112,-0.0486,0.1774,0.184
0.144929,0.0073,-0.0537,0.1369,0.147
0.149992,0.0117,-0.0779,0.0920,0.121
0.155544,-0.0265,-0.0495,-0.0002,0.056
0.159918,-0.0978,-0.0214,-0.1347,0.168
0.164862,-0.1785,-0.0122,-0.1927,0.263
0.169747,-0.1972,-0.0410,-0.2795,0.345
0.175016,-0.2882,-0.1122,-0.3093,0.437
0.180483,-0.3270,-0.1160,-0.2491,0.427
0.184992,-0.3189,-0.0817,-0.1709,0.371
0.189793,-0.2500,-0.0144,0.0017,0.250
0.194653,-0.2300,-0.0047,0.0831,0.245
0.199662,-0.2250,-0.1521,0.2027,0.339
0.205485,-0.2589,-0.2414,0.2935,0.460
0.209732,-0.2078,-0.1211,0.4417,0.503
0.214677,-0.1480,-0.0258,0.5090,0.531
0.219574,-0.1317,-0.0123,0.4864,0.504
0.224728,-0.0682,0.0058,0.4457,0.451
0.230441,-0.0432,-0.0049,0.3677,0.370
0.234702,-0.0609,0.0556,0.3099,0.321
0.239620,-0.1066,0.1108,0.2626,0.304
0.244564,-0.1229,0.1084,0.2442,0.294
0.249912,-0.0003,0.1823,-0.0456,0.188
0.254693,0.2126,0.2415,-0.1822,0.370
0.260763,0.2397,0.2434,-0.2379,0.416
0.264621,0.2154,0.2074,-0.2367,0.381
0.269549,0.2208,0.1433,-0.1506,0.303
0.275078,0.1506,0.1035,-0.1368,0.228
0.279884,0.0147,0.1162,-0.0469,0.126
0.284415,-0.0248,0.0242,0.0427,0.055
0.289320,0.0646,-0.1147,0.1563,0.204
0.294108,0.0585,-0.1293,0.2419,0.280
0.299258,0.0242,-0.0776,0.2761,0.288
0.304152,-0.0240,-0.1122,0.3021,0.323
0.309342,-0.1197,-0.1468,0.2771,0.336
0.314239,-0.2151,-0.1814,0.1873,0.338
0.319345,-0.2772,-0.2016,0.0800,0.352
0.324168,-0.2967,-0.1743,0.0412,0.347
0.329064,-0.3261,-0.1853,-0.0106,0.375
0.334218,0.1306,0.3356,0.0008,0.360
0.339172,0.3180,0.2057,-0.0626,0.384
0.344322,-0.5814,-0.8592,0.0663,1.040
0.349247,-1.5426,-1.3544,0.0892,2.055
0.354349,-1.6592,-1.0992,-0.1833,1.999
0.359246,-1.1041,-0.5086,-0.6060,1.358
0.368638,-0.9934,-0.3170,-0.8161,1.324
0.369003,-1.4278,-0.6209,-0.5497,1.651
0.374582,-1.5582,-0.9174,-0.1807,1.817
0.379081,-1.4534,-0.9404,-0.0469,1.732
0.385803,-1.3677,-0.8162,0.0594,1.594
0.389025,-1.3334,-0.7834,0.2243,1.563
0.394010,-1.3787,-0.8841,0.4097,1.688
0.399046,-1.4984,-0.9604,0.6347,1.890
0.403893,-1.6501,-0.9174,0.7710,2.039
0.408883,-1.7662,-0.8226,0.7950,2.104
0.413911,-1.8252,-0.7903,0.7758,2.135
0.418790,-1.8457,-0.7630,0.7888,2.147
0.424042,-1.7710,-0.7119,0.7627,2.055
0.428806,-1.6059,-0.6656,0.6495,1.856
0.433906,-1.4172,-0.6049,0.5782,1.646
0.438843,-1.1603,-0.5297,0.5183,1.377
0.443754,-0.8568,-0.4260,0.5620,1.110
0.448713,-0.5666,-0.3746,0.6262,0.924
0.454051,-0.2128,-0.2753,0.6773,0.761
0.458844,0.1481,-0.1286,0.7726,0.797
0.463789,0.5737,0.0175,0.8876,1.057
0.469156,1.0089,0.2057,1.0166,1.447
0.474330,1.4645,0.3711,1.1589,1.904
0.478576,1.8606,0.5602,1.1835,2.275
0.484049,2.1502,0.7202,1.1672,2.550
0.489526,2.1951,0.8703,1.1719,2.636
0.494118,2.2586,0.9819,1.1728,2.728
0.498449,2.3940,1.0932,1.0051,2.817
0.503497,2.5951,1.2092,0.7328,2.955
0.508688,2.7719,1.3392,0.3579,3.099
0.518861,2.9340,1.4639,0.0899,3.280
0.519220,3.0625,1.5500,-0.1054,3.434
0.523355,3.1148,1.6544,-0.3340,3.543
0.528319,3.1534,1.7151,-0.4681,3.620
0.533763,3.1485,1.7416,-0.5679,3.643
0.538896,3.0580,1.7147,-0.6921,3.574
0.543557,3.0971,1.5867,-0.8450,3.581
0.548306,3.0552,1.5297,-0.9017,3.534
0.553372,2.9327,1.5388,-1.0295,3.468
0.558324,2.8200,1.5565,-1.0516,3.388
0.563654,2.6598,1.5111,-1.1206,3.258
0.568413,2.5424,1.3932,-1.2986,3.177
0.573334,2.4056,1.2604,-1.4902,3.098
0.578606,2.2344,1.1177,-1.5424,2.936
0.583697,2.0478,1.0082,-1.5317,2.749
0.588566,1.9163,1.0133,-1.4434,2.604
0.593714,1.8792,0.9126,-1.3057,2.464
0.598147,1.8639,0.7784,-1.2135,2.356
0.603377,1.8704,0.6679,-1.0321,2.238
0.608297,1.9471,0.5908,-0.8662,2.211
0.613550,2.0700,0.6089,-0.6340,2.249
0.618165,2.1760,0.6507,-0.5939,2.348
0.623220,2.2195,0.5962,-0.6598,2.391
0.628380,2.3573,0.5080,-0.7122,2.514
0.633358,2.3648,0.3577,-0.7802,2.516
0.639899,2.3522,0.3795,-0.8549,2.531
0.643130,2.2808,0.4872,-0.9124,2.504
0.647986,2.1732,0.4706,-0.9573,2.421
0.652935,2.0654,0.4253,-1.1723,2.413
0.658170,1.8368,0.3565,-1.3994,2.337
0.663723,1.6789,0.2881,-1.5858,2.327
0.667971,1.6153,0.2776,-1.5498,2.256
0.672865,1.4880,0.2867,-1.4252,2.080
0.678130,1.2333,0.3014,-1.3402,1.846
0.683037,1.0638,0.1972,-1.3864,1.759
0.689095,0.9925,0.0033,-1.4917,1.792
0.693425,0.8515,-0.1414,-1.5798,1.800
0.697815,0.6548,-0.2942,-1.6078,1.761
0.702999,0.4981,-0.4264,-1.4558,1.597
0.708124,0.3791,-0.5427,-1.1757,1.349
0.713749,0.2239,-0.6337,-1.0698,1.263
0.717801,0.0549,-0.7758,-1.0505,1.307
0.723254,-0.0083,-0.9403,-0.9402,1.330
0.727713,-0.0041,-1.0889,-0.7814,1.340
0.732900,-0.0616,-1.2073,-0.6504,1.373
0.738626,-0.2017,-1.2957,-0.6417,1.460
0.742915,-0.4406,-1.3875,-0.7903,1.656
0.747767,-0.7511,-1.4922,-1.0864,1.993
0.752587,-1.0428,-1.6242,-1.4586,2.419
0.757526,-1.3252,-1.8024,-1.8169,2.882
0.762562,-1.5895,-2.0077,-2.1331,3.333
0.768474,-1.9238,-2.2211,-2.3063,3.735
0.775290,-2.3450,-2.3802,-2.4097,4.120
0.777467,-2.8269,-2.5190,-2.4663,4.519
0.783746,-3.2323,-2.7000,-2.3991,4.847
0.787914,-3.7447,-2.9810,-2.2316,5.281
0.792876,-4.3321,-3.2283,-2.0108,5.765
0.797313,-4.9394,-3.3758,-2.0899,6.337
0.802288,-5.6295,-3.4861,-2.0189,6.922
0.807779,-6.3716,-3.6415,-1.7583,7.546
0.812411,-7.1294,-3.7135,-1.2831,8.140
0.818214,-7.7043,-3.8225,-0.7785,8.636
0.822250,-8.1941,-3.9405,-0.2231,9.095
0.827473,-8.9925,-4.0200,0.2999,9.855
0.832329,-9.8450,-4.2482,0.6534,10.742
0.837193,-10.8447,-4.6104,0.8353,11.814
0.842887,-11.7839,-4.9434,0.9154,12.812
0.847219,-12.4352,-5.4278,0.7675,13.590
0.852234,-12.6607,-6.0138,0.5337,14.027
0.857167,-12.6288,-6.6838,0.2729,14.291
0.862449,-12.5164,-7.4785,0.0063,14.580
0.867307,-12.0341,-8.4318,-0.2208,14.696
0.872174,-11.2290,-9.3767,-0.3381,14.633
0.877081,-10.3669,-10.5101,-0.3289,14.766
0.882612,-9.1300,-11.4260,-0.8143,14.648
0.887069,-7.8513,-11.5912,-1.7476,14.109
0.892684,-6.9490,-11.3425,-2.6989,13.573
0.901732,-5.9706,-11.1390,-4.1210,13.293
0.902696,-4.6432,-10.7748,-5.8012,13.089
0.907101,-2.8774,-9.9077,-7.2896,12.633
0.911921,-0.3597,-8.5523,-8.7983,12.275
0.916929,2.9805,-7.1446,-10.3980,12.963
0.921899,6.7290,-5.6247,-11.5335,14.489
0.927309,10.7003,-3.7462,-12.1816,16.641
0.931922,14.7567,-1.2802,-12.6005,19.447
0.936827,19.0891,1.5321,-13.2207,23.271
0.941831,23.5524,3.9182,-14.4068,27.886
0.949708,27.4064,5.6470,-15.8053,32.137
0.951795,30.1549,6.7772,-16.7265,35.143
0.960830,31.0174,7.6739,-17.0166,36.201
0.967628,30.2883,8.3724,-16.5217,35.503
0.968234,28.0043,8.6888,-15.0122,32.941
0.971670,26.3428,7.4376,-12.6365,30.149
0.976793,24.6231,5.5232,-10.3197,27.264
0.981751,20.6844,4.6703,-7.0474,22.346
0.986782,16.7410,3.8817,-4.1486,17.679
0.991589,13.6678,2.5097,-2.3803,14.099
0.996998,11.0692,1.1297,-1.4453,11.220
1.001481,8.7643,-0.0682,-0.9630,8.817
1.006430,6.7312,-1.0078,-0.5823,6.831
1.012109,5.1509,-1.7932,-0.3673,5.466
1.016766,3.7439,-2.5841,-0.5296,4.580
1.024857,2.0614,-3.4559,-0.9845,4.143
1.026445,0.0223,-4.2741,-1.6147,4.569
1.032726,-2.2883,-4.9616,-2.4288,5.979
1.036289,-4.6288,-5.4940,-3.2700,7.893
1.041670,-6.8244,-6.0268,-4.0215,9.953
1.046488,-8.5627,-6.6227,-4.5749,11.752
1.051445,-10.1570,-7.0974,-4.7730,13.279
1.056520,-11.7521,-7.4588,-4.3714,14.590
1.061531,-13.3745,-7.7062,-3.4215,15.810
1.066402,-14.9256,-7.8059,-2.1704,16.983
1.071613,-16.3476,-7.8812,-0.9223,18.172
1.076368,-17.5535,-8.2282,0.2957,19.389
1.082509,-19.2522,-8.1946,1.6948,20.992
1.086220,-21.3760,-8.4142,0.9947,22.994
1.091669,-23.0571,-9.1454,0.6396,24.813
1.099450,-24.3785,-9.9373,0.9067,26.342
1.101352,-25.0767,-10.7985,1.2896,27.333
1.106304,-24.5256,-12.0308,1.3746,27.352
1.111554,-22.8867,-13.6235,0.6777,26.643
1.116119,-21.3582,-15.0053,-0.4141,26.106
1.123116,-20.2093,-16.1269,-1.5353,25.901
1.126053,-18.8997,-17.3455,-2.8819,25.814
1.131257,-17.3644,-18.5108,-4.5753,25.790
1.136067,-15.8079,-19.4257,-6.4496,25.862
1.141636,-13.8987,-20.1438,-8.3887,25.871
1.152603,-11.7263,-20.4479,-10.4364,25.779
1.153242,-9.3419,-20.2383,-12.4846,25.548
1.159892,-6.5537,-19.6366,-14.3091,25.165
1.160987,-3.3587,-18.5371,-15.7958,24.585
1.166869,0.1576,-16.8792,-16.8987,23.885
1.173022,4.1157,-14.6013,-17.6915,23.305
1.175934,8.6459,-11.5016,-18.6189,23.531
1.180824,13.6271,-7.5049,-19.7831,25.167
1.185810,18.0685,-2.5630,-19.4755,26.690
1.191031,27.4504,-0.3543,-20.4172,34.213
1.197787,35.8543,1.8349,-22.1674,42.194
1.201238,41.0058,4.3522,-22.5274,46.988
1.205814,43.0224,6.6966,-21.3373,48.488
1.210822,42.3737,8.1133,-18.7886,47.057
1.215788,39.5695,8.7317,-15.0626,43.230
1.221081,35.0552,9.2687,-10.3860,37.718
1.225756,30.4006,9.4640,-5.5347,32.317
1.233582,26.2497,8.9436,-1.8186,27.791
1.235806,21.8633,7.9142,0.5636,23.258
1.245279,17.5932,6.6317,1.7463,18.883
1.245700,13.7375,5.2620,1.9902,14.845
1.252177,10.3440,3.8326,1.7824,11.174
1.258115,7.2424,2.5785,1.4567,7.824
1.260704,4.2937,1.5683,1.0275,4.685
1.265607,1.9534,0.5876,0.4477,2.088
1.277042,0.1748,-0.4205,-0.1047,0.467
1.277303,-1.3206,-1.4301,-0.6317,2.046
1.280544,-2.6164,-2.4493,-1.0473,3.734
1.285472,-3.6084,-3.3232,-1.3584,5.090
1.290540,-4.5439,-4.1190,-1.4742,6.308
1.295355,-5.2396,-4.8993,-1.3759,7.304
1.300468,-5.8372,-5.5641,-1.1735,8.149
1.305551,-6.5340,-6.1325,-0.9268,9.009
1.310638,-7.2173,-6.5593,-0.6381,9.773
1.315494,-7.8931,-6.7539,-0.2903,10.392
1.320403,-8.4447,-6.8566,-0.0312,10.878
1.325331,-8.8025,-6.8451,0.0578,11.151
1.330304,-8.9203,-6.7258,-0.0429,11.172
1.335293,-8.7867,-6.5194,-0.1809,10.943
1.340245,-8.4698,-6.2610,-0.3634,10.539
1.345213,-8.0090,-6.0521,-0.5767,10.055
1.350238,-7.4510,-5.6927,-0.9037,9.420
1.355349,-6.7995,-5.2795,-1.0690,8.675
1.360310,-6.0245,-4.8799,-1.2132,7.847
1.365177,-5.0624,-4.4562,-1.4440,6.897
1.370202,-4.0346,-4.0662,-1.8301,6.013
1.375318,-3.1027,-3.7339,-2.1966,5.329
1.380316,-2.3559,-3.4165,-2.5218,4.856
1.385059,-1.8024,-3.1426,-2.6783,4.505
1.391330,-1.3311,-2.8310,-2.7103,4.139
1.395524,-0.8500,-2.5058,-2.7187,3.794
1.401881,-0.4727,-2.1382,-2.6562,3.442
1.405002,-0.1269,-1.7715,-2.6046,3.152
1.410056,0.2362,-1.5107,-2.5547,2.977
1.415458,0.4884,-1.3223,-2.4299,2.809
1.419986,0.7024,-1.1294,-2.2152,2.584
1.425142,0.8741,-0.9416,-1.8954,2.290
1.429997,1.0860,-0.6917,-1.4367,1.929
1.434984,1.2620,-0.4182,-0.9335,1.624
1.440054,1.3976,-0.1209,-0.5332,1.501
1.444982,1.5075,0.1333,-0.2493,1.534
1.449971,1.5628,0.3060,-0.0048,1.593
1.454897,1.6446,0.4168,0.1532,1.704
1.459875,1.8114,0.5230,0.3817,1.924
1.464855,1.8570,0.6583,0.5094,2.035
1.469826,1.7000,0.6983,0.5705,1.924
1.474883,1.4025,0.7674,0.6610,1.730
1.479908,1.2848,0.8609,0.6948,1.696
1.484809,1.2599,0.8734,0.6296,1.657
1.490420,1.0702,0.8339,0.4883,1.442
1.494535,0.7534,0.7712,0.4207,1.157
1.499827,0.5148,0.6851,0.4892,0.987
1.509480,0.3156,0.6139,0.5793,0.901
1.509911,0.0211,0.5622,0.5668,0.799
1.514605,-0.3122,0.4487,0.4619,0.716
1.519929,-0.5641,0.2686,0.3596,0.721
1.524712,-0.8318,0.1559,0.2458,0.881
1.529688,-1.1156,0.0433,0.1444,1.126
1.534544,-1.3012,-0.0024,0.1417,1.309
1.539525,-1.1731,-0.1055,0.2328,1.201
1.544556,-0.9856,-0.2183,0.1691,1.024
1.549453,-0.9099,-0.3024,-0.0119,0.959
1.554689,-1.0281,-0.5397,-0.3006,1.199
1.559451,-1.2640,-0.7721,-0.5543,1.581
1.564331,-1.5710,-0.9471,-0.8122,2.006
1.569871,-1.9695,-1.1272,-0.9745,2.470
1.574374,-2.2647,-1.2887,-1.1087,2.832
1.579798,-2.5481,-1.5896,-1.2056,3.236
1.584431,-2.8874,-1.8814,-1.1355,3.629
1.589372,-3.1779,-2.2409,-1.0323,4.023
1.594080,-3.5161,-2.6251,-0.9814,4.496
1.599325,-4.0033,-2.9481,-0.8476,5.043
1.609181,-4.6395,-3.2531,-0.4570,5.685
1.609697,-5.2882,-3.4834,0.0871,6.333
1.614277,-6.2289,-3.5819,0.4568,7.200
1.619394,-7.3876,-3.8312,0.5102,8.338
1.624436,-8.4125,-4.2645,0.2918,9.436
1.634652,-9.5733,-4.5891,-0.2206,10.619
1.640936,-11.0954,-5.0299,-0.7848,12.208
1.642264,-12.6949,-5.6666,-1.1211,13.947
1.644073,-14.2022,-6.4496,-1.4321,15.664
1.649145,-15.3662,-7.5483,-1.4629,17.182
1.654772,-16.1968,-9.1647,-1.1099,18.643
1.659111,-16.8994,-11.0019,-0.4670,20.171
1.663902,-17.5122,-12.8337,0.0390,21.711
1.669249,-17.6946,-14.8778,0.1500,23.119
1.673919,-17.2076,-16.9539,-0.5091,24.162
1.679963,-16.1501,-18.8250,-2.0363,24.887
1.683907,-14.6000,-19.8832,-4.1286,25.011
1.688965,-12.3588,-20.2736,-6.7571,24.686
1.693921,-9.3811,-20.2284,-9.6712,24.305
1.699926,-5.4276,-19.2021,-12.7507,23.680
1.707562,-0.4267,-16.6443,-16.2893,23.293
1.708957,5.5857,-12.8336,-20.1044,24.497
1.713690,12.6919,-8.7698,-23.4333,28.056
1.718668,20.3258,-4.6849,-25.1918,32.706
1.723689,28.1695,-0.3005,-25.5728,38.047
1.730605,35.4614,3.8177,-25.1253,43.628
1.733648,40.7588,6.8852,-23.9929,47.795
1.739568,42.9027,8.6870,-22.3823,49.164
1.743920,41.7704,9.1903,-19.6510,47.068
1.748698,37.5917,8.9746,-15.5530,41.660
1.756143,32.4434,8.5721,-10.8312,35.261
1.758800,27.6402,7.6619,-6.7776,29.472
1.764591,22.6663,6.5028,-3.4336,23.829
1.768679,17.3827,5.5996,-0.8398,18.282
1.773515,12.4508,4.8502,0.7051,13.381
1.779148,8.5048,4.1223,1.2613,9.535
1.783564,5.6755,3.2980,1.4899,6.731
1.788457,3.4630,2.5097,1.7517,4.622
1.793772,1.4802,1.8535,2.0201,3.116
1.798456,-0.3052,1.2760,2.1488,2.518
1.803390,-1.8675,0.6857,2.1537,2.932
1.808504,-3.1699,0.0831,1.8985,3.696
1.813404,-4.1872,-0.5306,1.3237,4.423
1.818554,-5.0782,-1.1312,0.5489,5.232
1.823459,-5.6684,-1.8199,-0.2472,5.958
1.828618,-6.0892,-2.5785,-0.9717,6.684
1.833508,-6.3190,-3.3166,-1.5027,7.293
1.838404,-6.3667,-3.9627,-1.9603,7.751
1.843668,-6.2484,-4.4901,-2.4550,8.077
1.848381,-6.0729,-4.9277,-2.9052,8.343
1.853420,-5.9077,-5.2670,-3.1248,8.509
1.859416,-5.7198,-5.4608,-3.1617,8.517
1.869208,-5.5194,-5.5342,-3.1880,8.441
1.869839,-5.2265,-5.3921,-3.1069,8.127
1.873153,-4.8763,-5.2655,-3.0165,7.785
1.880403,-4.4842,-5.1167,-2.7476,7.337
1.883362,-4.0595,-4.8077,-2.4346,6.747
1.888216,-3.6976,-4.4394,-2.3173,6.225
1.893698,-3.3404,-4.0985,-2.3825,5.799
1.898458,-3.0263,-3.7326,-2.4921,5.413
1.903244,-2.7478,-3.3801,-2.5962,5.071
1.908186,-2.1977,-3.1798,-2.7871,4.765
1.913084,-0.3011,-3.9924,-3.6282,5.403
1.918212,-0.4167,-3.2331,-3.9325,5.108
1.923262,-1.8700,-1.5789,-2.8993,3.794
1.928043,-2.1787,-0.7343,-2.2080,3.188
1.932988,-1.8789,-0.5591,-1.8025,2.663
1.938065,-1.3679,-0.5934,-1.4565,2.084
1.943576,-0.7211,-0.8035,-1.0539,1.509
1.948326,-0.1766,-0.9788,-0.6371,1.181
1.952961,0.0650,-1.0288,-0.1716,1.045
1.958155,0.1805,-1.0830,0.2722,1.131
1.967544,0.1179,-0.9646,0.8707,1.305
1.968571,0.0200,-0.7842,1.5013,1.694
1.977881,-0.1277,-0.5614,2.0934,2.171
1.978350,-0.1338,-0.4356,2.5238,2.565
1.983485,-0.1899,-0.3399,2.8703,2.897
1.987840,-0.2151,-0.2268,3.0429,3.059
1.993347,-0.1080,-0.1823,3.0644,3.072
1.997786,0.0165,-0.1873,2.9923,2.998
2.002659,-0.0280,-0.1220,2.7642,2.767
2.007788,-0.0932,-0.0535,2.4706,2.473
2.013063,-0.2556,0.0615,2.1394,2.155
2.017761,-0.4437,0.1704,1.8370,1.898
2.022659,-0.5998,0.2542,1.5243,1.658
2.027725,-0.7529,0.3179,1.2245,1.472
2.032834,-0.9227,0.3426,0.8846,1.323
2.038080,-1.0998,0.3715,0.6283,1.320
2.043207,-1.2366,0.4047,0.4164,1.366
2.047713,-1.2857,0.3610,0.2869,1.366
2.052708,-1.1799,0.3268,0.2010,1.241
2.057763,-1.0239,0.2733,0.1777,1.075
2.063123,-0.7837,0.2246,0.2027,0.840
2.067705,-0.5116,0.1854,0.2563,0.601
2.072381,-0.2692,0.2037,0.3338,0.475
2.077479,-0.0798,0.1693,0.4207,0.460
2.082541,0.0904,0.1398,0.5745,0.598
2.091651,0.2658,0.1008,0.6849,0.742
2.093335,0.4372,0.0619,0.7952,0.910
2.097372,0.5427,0.0279,0.9294,1.077
2.103164,0.5969,0.0129,0.9777,1.146
2.107443,0.5804,-0.0308,1.0217,1.175
2.112659,0.4545,-0.0843,0.9660,1.071
2.117402,0.3098,-0.1330,0.9444,1.003
2.122274,0.1792,-0.1245,0.8758,0.903
2.127526,0.0673,-0.1354,0.8368,0.850
2.132088,-0.0265,-0.1753,0.7990,0.818
2.138082,-0.1453,-0.1771,0.7575,0.791
2.142340,-0.2128,-0.2176,0.6406,0.709
2.147298,-0.2722,-0.1961,0.5392,0.635
2.154621,-0.3330,-0.2274,0.4050,0.572
2.164181,-0.3667,-0.2780,0.3241,0.563
2.169945,-0.3636,-0.2950,0.2674,0.539
2.170282,-0.2854,-0.2977,0.2059,0.461
2.172057,-0.0882,-0.3098,0.2399,0.402
2.177138,0.1757,-0.2931,0.2830,0.444
2.182345,0.3298,-0.3146,0.3165,0.555
2.190528,0.4656,-0.3122,0.3691,0.671
2.192509,0.5545,-0.2523,0.4508,0.758
2.201263,0.5870,-0.2166,0.5088,0.806
2.202043,0.5724,-0.2050,0.4764,0.772
2.207409,0.6211,-0.2174,0.5406,0.852
2.212477,0.5653,-0.2588,0.6202,0.878
2.217017,0.4237,-0.2047,0.5713,0.740
2.222303,0.2676,-0.1652,0.4760,0.571
2.227061,0.1974,-0.1069,0.3769,0.439
2.231919,0.1507,-0.0297,0.2499,0.293
2.237982,0.1273,0.0330,0.1093,0.171
2.241869,0.1560,0.1052,-0.0406,0.192
2.246921,0.1318,0.1009,-0.1955,0.256
2.251879,0.1168,0.0824,-0.3219,0.352
2.256900,0.1783,0.1168,-0.4492,0.497
2.261743,0.3842,0.1419,-0.4625,0.618
2.266880,0.7883,0.1911,-0.4289,0.918
2.271729,1.3675,0.2691,-0.3003,1.426
2.276788,1.8259,0.3521,-0.2542,1.877
2.282204,1.9529,0.5741,-0.4824,2.092
2.286706,1.5033,0.8249,-0.6740,1.842
2.291662,0.7485,0.9084,-0.7479,1.395
2.299480,0.2809,0.7197,-0.7908,1.106
2.301802,0.1194,0.3692,-0.7454,0.840
2.308221,0.0532,0.0961,-0.6926,0.701
2.311496,-0.0706,0.0007,-0.4159,0.422
2.316480,-0.2287,0.0010,-0.0674,0.238
2.321527,-0.2875,0.0202,0.3155,0.427
2.326799,-0.2421,0.0005,0.5564,0.607
2.331559,-0.2361,-0.0531,0.6271,0.672
2.336473,-0.1973,-0.1215,0.6617,0.701
2.342166,-0.2069,-0.1711,0.6169,0.673
2.346538,-0.2364,-0.2067,0.4925,0.584
2.351585,-0.2810,-0.1946,0.3788,0.510
2.356485,-0.2832,-0.1490,0.1745,0.365
2.361321,-0.2717,-0.0890,-0.1162,0.309
2.366419,-0.2272,-0.0289,-0.3310,0.402
2.371429,-0.1592,0.0171,-0.4987,0.524
2.376447,-0.0289,0.0251,-0.6919,0.693
2.381142,0.0633,0.0000,-0.7622,0.765
2.386346,0.0889,0.0471,-0.7144,0.721
2.391881,0.1773,0.0704,-0.6776,0.704
2.396622,0.1800,0.0845,-0.6134,0.645
2.402161,0.2024,0.0317,-0.5168,0.556
2.406846,0.1919,-0.0113,-0.4737,0.511
2.411492,0.1101,-0.0446,-0.3685,0.387
2.416253,0.0814,-0.0971,-0.2250,0.258
2.421958,0.0098,-0.1448,-0.0238,0.147
2.426334,-0.0570,-0.1016,-0.0140,0.117
2.431214,-0.1048,-0.1062,-0.1048,0.182
2.436016,-0.1287,-0.1252,-0.1143,0.213
2.440997,-0.1527,-0.0820,-0.1861,0.254
2.450097,-0.1335,-0.0913,-0.1912,0.250
2.451063,-0.1047,-0.1006,-0.1965,0.244
2.456009,-0.0663,-0.1289,-0.1448,0.205
2.461497,-0.1044,-0.1333,-0.0356,0.173
2.466128,-0.0897,-0.1043,0.0593,0.150
2.471207,-0.0415,-0.0657,0.1593,0.177
2.476007,-0.0267,-0.0752,0.1924,0.208
2.480878,-0.0022,-0.0847,0.2402,0.255
2.485973,-0.0543,-0.0560,0.2261,0.239
2.490795,-0.0634,0.0061,0.2555,0.263
2.496142,-0.0629,0.0154,0.2277,0.237
2.500835,-0.0433,0.0199,0.2141,0.219
2.505820,0.0048,0.0292,0.1289,0.132
2.511123,0.0197,0.0768,0.0772,0.111
2.515823,0.0445,0.0861,0.0682,0.119
2.521122,0.1081,0.0571,0.1600,0.201
2.526312,0.1002,0.0376,0.2614,0.282
2.530605,0.0351,0.0518,0.1418,0.155
2.535665,-0.0539,0.0470,0.0457,0.085
2.540761,-0.0758,0.0614,0.0021,0.098
2.545965,-0.1171,0.1141,0.0206,0.165
2.550900,-0.1298,0.0615,0.0821,0.165
2.555657,-0.1179,0.0373,0.1619,0.204
2.560543,-0.1160,-0.0153,0.2607,0.286
2.565741,-0.1002,0.0130,0.3500,0.364
2.574289,-0.1133,0.0172,0.4159,0.431
2.575632,-0.1173,-0.0122,0.4063,0.423
2.585151,-0.1076,-0.0367,0.4022,0.418
2.585500,-0.0700,-0.0374,0.3513,0.360
2.590465,-0.0760,-0.0429,0.2584,0.273
2.596207,-0.0348,0.0276,0.2044,0.209
2.600454,0.0297,0.0073,0.1318,0.135
2.605515,0.0889,-0.0129,0.0550,0.105
2.610250,0.1333,-0.0233,0.0169,0.136
2.615633,0.1441,-0.0100,0.0124,0.145
2.620910,0.1312,-0.0253,-0.0062,0.134
2.625637,0.1329,-0.0167,-0.0387,0.139
2.630371,0.1396,-0.0604,-0.1091,0.187
2.635441,0.1323,-0.0848,-0.1456,0.214
2.640322,0.1491,-0.0757,-0.1674,0.237
2.646088,0.1469,-0.0667,-0.1413,0.215
2.650321,0.1211,-0.0483,-0.1156,0.174
2.655423,0.0862,-0.0586,-0.0805,0.132
2.660663,0.1088,-0.0973,0.0543,0.156
2.666063,0.0787,-0.0263,-0.0500,0.097
2.670526,0.0060,0.0253,-0.1971,0.199
2.675469,-0.0282,0.0813,-0.3106,0.322
2.680532,-0.0574,0.1181,-0.3527,0.376
2.685212,-0.0296,0.0548,-0.2093,0.218
2.690142,0.0026,0.0159,-0.0342,0.038
2.699383,-0.3415,-0.0465,0.0445,0.347
2.700376,-0.2229,-0.1323,0.1092,0.281
2.707434,0.0178,-0.0703,0.0698,0.101
2.710060,0.0524,-0.0564,0.0977,0.124
2.715001,0.1010,-0.0853,0.1064,0.170
2.721053,0.1068,-0.0001,0.1103,0.154
2.725148,0.1077,0.0798,0.0572,0.146
2.729892,0.1086,0.1115,-0.0432,0.162
2.734966,0.1003,0.1145,-0.1526,0.216
2.739927,0.1301,0.1128,-0.2570,0.309
2.745192,0.1933,0.1256,-0.3233,0.397
2.750009,0.2469,0.1479,-0.4708,0.552
2.755019,0.2722,0.1609,-0.6947,0.763
2.759830,0.2549,0.0932,-0.5140,0.581
2.764842,0.2571,0.1117,-0.2020,0.346
2.769819,0.2833,0.0587,-0.0539,0.294
2.775089,0.2286,0.0488,-0.0590,0.241
2.779951,0.1507,0.0485,-0.0401,0.163
2.784917,0.1159,0.0245,-0.0117,0.119
