0.001902,-0.1567,0.1504,-0.4037,0.458
0.004388,-0.1212,0.1291,-0.4400,0.474
0.009067,-0.0671,0.1086,-0.4919,0.508
0.014036,-0.0323,0.0791,-0.5307,0.538
0.019085,-0.0025,0.0789,-0.4899,0.496
0.024001,0.0131,0.0743,-0.4366,0.443
0.028981,0.0384,-0.0059,-0.4466,0.448
0.034042,0.1780,-0.0566,-0.4814,0.516
0.039314,0.1175,-0.1589,-0.2983,0.358
0.048155,0.4577,-0.3549,-0.3845,0.695
0.048858,0.4210,-0.2070,-0.5471,0.721
0.054099,0.2525,0.1251,-0.2667,0.388
0.058912,0.3427,0.0884,-0.0169,0.354
0.064052,0.4615,-0.0906,0.1075,0.482
0.068830,0.5087,-0.2351,0.1318,0.576
0.073918,0.4900,-0.1980,0.1753,0.557
0.078939,0.3723,-0.1425,0.1622,0.430
0.083767,0.2413,-0.0640,0.2879,0.381
0.088852,0.1774,0.0231,0.3756,0.416
0.093960,0.0612,-0.0333,0.2497,0.259
0.098874,0.0117,-0.1131,0.2394,0.265
0.103775,-0.0235,-0.1164,0.2202,0.250
0.108698,-0.1067,-0.0865,0.1779,0.225
0.114120,-0.1663,-0.0522,0.2031,0.268
0.119233,-0.2406,-0.0469,0.2002,0.316
0.123767,-0.2867,-0.0370,0.2075,0.356
0.128602,-0.3146,-0.0606,0.1725,0.364
0.133660,-0.2957,-0.0508,0.1476,0.334
0.138801,-0.3016,-0.0650,0.1472,0.342
0.144012,-0.2749,-0.0981,0.1804,0.343
0.148639,-0.2490,-0.0740,0.1710,0.311
0.153572,-0.2332,-0.0360,0.1716,0.292
0.158765,-0.1845,-0.0602,0.1917,0.273
0.163770,-0.1364,-0.0274,0.2025,0.246
0.168535,-0.1360,-0.0423,0.1707,0.222
0.173532,-0.1119,-0.0288,0.1442,0.185
0.178384,-0.1356,0.0226,0.1466,0.201
0.183475,-0.1829,0.0546,0.1441,0.239
0.189871,-0.1872,0.0721,0.1082,0.228
0.193791,-0.2013,0.0420,0.1440,0.251
0.198650,-0.2252,0.0882,0.1415,0.280
0.203468,-0.2491,0.1102,0.1865,0.330
0.208423,-0.2446,0.1130,0.2360,0.358
0.213406,-0.1931,0.0967,0.2807,0.354
0.219122,-0.1470,0.0614,0.4061,0.436
0.223357,-0.1155,0.0262,0.4647,0.480
0.228282,-0.0745,0.0101,0.4904,0.496
0.233223,-0.0717,-0.0253,0.5405,0.546
0.238307,-0.0972,-0.0464,0.5911,0.601
0.244114,-0.1224,-0.0438,0.6042,0.618
0.248220,-0.1283,-0.0557,0.5324,0.550
0.253459,-0.1771,-0.0489,0.5048,0.537
0.258215,-0.2019,-0.0423,0.4831,0.525
0.263165,-0.2314,-0.0264,0.4242,0.484
0.269212,-0.2707,-0.0108,0.3474,0.441
0.273299,-0.2674,-0.0525,0.2812,0.392
0.278124,-0.2693,-0.0084,0.2442,0.364
0.283193,-0.2815,0.0353,0.2270,0.363
0.288013,-0.2706,0.0406,0.2626,0.379
0.294021,-0.3225,0.0221,0.2649,0.418
0.298077,-0.3273,-0.0058,0.3152,0.454
0.303049,-0.3428,-0.0432,0.3373,0.483
0.307904,-0.3638,-0.0471,0.3740,0.524
0.313100,-0.3721,-0.0560,0.4214,0.565
0.319602,-0.3674,-0.0508,0.5122,0.632
0.323692,-0.3356,-0.0792,0.5895,0.683
0.327927,-0.2625,-0.0602,0.6581,0.711
0.332971,-0.1957,-0.0369,0.6847,0.713
0.341069,-0.0919,0.0194,0.7307,0.737
0.343956,0.0340,0.1367,0.8445,0.856
0.347960,0.1775,0.2812,0.9918,1.046
0.355788,0.2961,0.3578,1.1534,1.243
0.357739,0.3901,0.4809,1.3437,1.480
0.362831,0.4884,0.5930,1.5916,1.767
0.367726,0.5154,0.6561,1.7728,1.959
0.372895,0.5184,0.7607,1.9559,2.162
0.377602,0.6165,0.8020,2.1594,2.385
0.382896,0.9003,0.7945,2.2886,2.584
0.387650,1.2170,0.8006,2.2965,2.720
0.392850,1.4296,0.9244,2.2457,2.818
0.398370,1.5108,1.0088,2.1349,2.803
0.403106,1.6209,1.0970,1.9753,2.781
0.407718,1.7673,1.2086,1.6638,2.711
0.412698,1.8647,1.3630,1.1230,2.568
0.417651,1.8514,1.4219,0.9113,2.506
0.422753,2.0429,1.3669,0.4626,2.501
0.429790,2.2478,1.3227,0.0240,2.608
0.432737,2.3094,1.4274,-0.1642,2.720
0.441254,2.2471,1.4419,-0.2369,2.680
0.442464,2.2186,1.4187,-0.2704,2.647
0.447388,2.1089,1.3818,-0.3119,2.540
0.452935,2.0562,1.2502,-0.3468,2.431
0.457341,2.0212,1.1722,-0.3894,2.369
0.463191,1.9819,1.0947,-0.4718,2.313
0.467205,1.9274,0.9988,-0.6514,2.266
0.472637,1.8864,0.9181,-0.8324,2.257
0.477290,1.8446,0.8479,-0.9531,2.243
0.482455,1.8400,0.7356,-1.0616,2.248
0.487383,1.7897,0.6102,-1.2105,2.245
0.492240,1.6201,0.4717,-1.3278,2.147
0.497272,1.4923,0.3345,-1.3179,2.019
0.502208,1.4201,0.2464,-1.3049,1.944
0.507210,1.3028,0.1163,-1.2933,1.839
0.512375,1.1352,-0.0125,-1.3352,1.753
0.517619,1.0206,-0.0971,-1.3776,1.717
0.522955,0.9428,-0.2140,-1.4255,1.722
0.532018,0.8424,-0.3059,-1.4210,1.680
0.532605,0.6999,-0.3920,-1.3923,1.607
0.539772,0.5392,-0.5155,-1.3487,1.541
0.542054,0.3791,-0.6047,-1.3037,1.486
0.546968,0.2651,-0.6646,-1.2715,1.459
0.552629,0.1524,-0.6905,-1.2904,1.471
0.556990,0.0156,-0.7301,-1.4179,1.595
0.562103,-0.0925,-0.8454,-1.5876,1.801
0.567249,-0.1148,-0.9788,-1.7759,2.031
0.572051,-0.1424,-1.0250,-1.8780,2.144
0.577028,-0.2965,-0.9798,-1.9615,2.213
0.582490,-0.3256,-1.0054,-1.9455,2.214
0.587161,-0.2601,-0.9826,-1.8679,2.127
0.591857,-0.3293,-0.9640,-1.8818,2.140
0.596861,-0.3852,-1.0499,-1.8674,2.177
0.602006,-0.4039,-1.1782,-1.7813,2.174
0.606872,-0.5113,-1.2629,-1.7142,2.190
0.611895,-0.6382,-1.2468,-1.7090,2.210
0.616824,-0.7815,-1.2354,-1.6938,2.237
0.621961,-0.9273,-1.2909,-1.7071,2.332
0.627264,-1.1335,-1.4087,-1.6960,2.479
0.631890,-1.3149,-1.5410,-1.6605,2.619
0.636826,-1.5304,-1.7121,-1.6050,2.802
0.642338,-1.8742,-1.8597,-1.5197,3.046
0.646930,-2.1946,-1.8841,-1.4285,3.226
0.653571,-2.4300,-1.9673,-1.3744,3.415
0.657126,-2.6057,-2.0904,-1.2853,3.579
0.661758,-2.9284,-2.2393,-1.0273,3.827
0.666685,-3.2213,-2.4427,-1.0934,4.188
0.671648,-3.6616,-2.6434,-1.2766,4.693
0.680591,-4.1637,-2.9466,-1.2948,5.263
0.681597,-4.7191,-3.3191,-1.1810,5.889
0.686824,-5.4109,-3.7325,-0.8197,6.624
0.691505,-6.3369,-4.0442,-0.3389,7.525
0.696720,-7.5415,-4.3124,0.1434,8.689
0.702244,-8.9534,-4.6865,0.5636,10.121
0.706370,-10.2970,-5.1803,0.8799,11.560
0.711555,-11.4603,-5.7932,1.0320,12.883
0.716753,-12.6754,-6.4141,1.0429,14.244
0.721507,-13.9537,-7.1709,1.1319,15.729
0.727242,-14.9486,-8.1271,1.2529,17.061
0.731436,-15.7310,-9.2379,1.2762,18.287
0.736403,-15.9556,-10.4931,1.3343,19.143
0.741485,-15.5237,-11.7345,1.3408,19.506
0.746528,-14.6361,-12.9135,1.0599,19.547
0.752111,-13.3382,-14.1916,0.3541,19.479
0.756308,-11.8505,-15.0957,-0.9187,19.213
0.761834,-10.2970,-15.5165,-2.5315,18.794
0.766298,-8.6346,-15.6347,-4.4981,18.418
0.771642,-6.8664,-15.3123,-6.7332,18.082
0.777413,-4.9292,-14.5719,-8.9175,17.781
0.781344,-2.8766,-13.4379,-10.7940,17.475
0.786120,-0.3544,-11.5109,-12.4575,16.965
0.791198,3.2821,-9.0351,-14.5493,17.438
0.796273,8.2425,-6.6113,-16.8080,19.853
0.801932,13.5831,-4.4581,-18.2497,23.182
0.806218,18.7539,-2.3908,-18.6154,26.532
0.813290,23.2036,0.1593,-17.6519,29.155
0.816156,26.4896,2.8279,-16.5306,31.352
0.825582,28.4139,4.8482,-15.7812,32.862
0.826079,28.7946,6.0608,-15.1697,33.106
0.831056,27.8272,6.5899,-14.3302,31.986
0.835869,25.7084,6.6206,-13.1809,29.639
0.840888,23.1806,6.4836,-11.3639,26.618
0.845799,20.9424,6.2104,-9.1418,23.680
0.850827,19.0736,5.7427,-6.9150,21.085
0.855731,17.3318,5.1291,-4.8789,18.722
0.860732,15.5443,4.5294,-3.3356,16.531
0.865744,13.6044,4.2156,-2.3021,14.427
0.870924,11.9832,3.9658,-1.5444,12.717
0.875818,10.8914,3.5072,-0.8529,11.474
0.881419,10.2237,2.9458,-0.1302,10.640
0.888506,9.8387,2.3857,0.4455,10.134
0.890838,9.4073,1.7459,0.5135,9.582
0.896240,8.4853,0.9796,0.0666,8.542
0.900714,7.2690,0.1171,-0.6728,7.301
0.905681,5.9139,-0.9434,-1.5220,6.179
0.910860,4.3041,-2.1552,-2.4229,5.389
0.915702,2.1816,-3.3566,-3.4078,5.257
0.920944,-0.2579,-4.5697,-4.4808,6.405
0.925797,-2.6387,-5.8844,-5.5082,8.481
0.930860,-5.2846,-7.0564,-6.0404,10.687
0.935594,-7.9086,-7.9300,-6.0153,12.713
0.941174,-9.8466,-8.7378,-5.5140,14.273
0.945536,-11.2555,-9.4024,-4.8655,15.452
0.950745,-12.6057,-9.9190,-4.0814,16.551
0.955527,-14.1286,-10.1829,-3.0786,17.686
0.963372,-15.8643,-10.1043,-1.8622,18.901
0.965404,-17.2522,-10.0189,-1.1118,19.981
0.970463,-18.4645,-9.8770,-0.6910,20.952
0.975453,-19.7050,-9.7587,-0.4814,21.994
0.981167,-20.9484,-9.7181,-0.7011,23.103
0.988254,-21.7847,-10.0081,-1.2949,24.009
0.990548,-22.0948,-10.5979,-2.0087,24.587
0.998821,-21.7736,-11.4738,-2.7701,24.767
1.000583,-20.8770,-12.4557,-3.6112,24.577
1.005292,-19.7167,-13.6090,-4.6219,24.399
1.010313,-18.4770,-14.7316,-5.6266,24.292
1.015392,-17.3375,-15.6505,-6.4748,24.237
1.020349,-16.3723,-16.5517,-7.1841,24.364
1.025228,-15.6922,-17.4679,-7.8399,24.756
1.030875,-14.8405,-18.3559,-8.4192,25.061
1.039335,-13.5486,-19.0624,-8.8256,24.997
1.041191,-12.1335,-19.3786,-9.1995,24.645
1.048733,-10.3234,-19.3841,-9.7214,24.017
1.050140,-7.9373,-19.1887,-10.4009,23.225
1.055250,-5.1238,-18.5828,-11.0938,22.241
1.060973,-1.9652,-17.6310,-11.7508,21.279
1.065095,1.4022,-16.2614,-12.2673,20.418
1.070119,5.1913,-14.0430,-12.9025,19.764
1.075090,9.4865,-11.0841,-13.9231,20.167
1.080172,14.8049,-7.9323,-15.4831,22.844
1.088291,20.1556,-4.7188,-16.8641,26.700
1.090084,27.1733,-0.4501,-18.0091,32.602
1.095860,34.0432,3.3403,-18.5023,38.890
1.099912,38.7195,6.1982,-19.0147,43.580
1.104936,42.2889,8.1586,-18.1134,46.723
1.110734,43.5574,9.0879,-15.5551,47.136
1.114946,41.6737,9.4831,-11.8712,44.357
1.119943,37.6611,9.9496,-7.6852,39.704
1.124944,33.2451,10.0049,-4.0272,34.951
1.130144,28.9674,9.3075,-1.3087,30.454
1.137328,24.5708,8.3412,0.3900,25.951
1.139880,20.2967,7.4054,1.0787,21.632
1.144711,16.5076,6.4502,1.3651,17.775
1.150093,13.1354,5.4586,1.4451,14.298
1.154738,10.0965,4.4124,0.9968,11.064
1.160172,7.4676,3.2084,0.3884,8.137
1.164690,5.3312,2.0110,-0.2372,5.703
1.169665,3.2866,1.0841,-0.8901,3.573
1.174838,1.4037,0.1870,-1.4770,2.046
1.179895,0.1312,-0.7800,-2.1615,2.302
1.185115,-0.9676,-1.7853,-2.9511,3.582
1.189627,-2.0390,-2.6181,-3.6842,4.958
1.194645,-2.8896,-3.4313,-4.2377,6.171
1.199730,-3.5846,-4.2297,-4.5456,7.170
1.204547,-4.2496,-4.8686,-4.6253,7.947
1.210124,-4.7700,-5.4084,-4.6346,8.572
1.214750,-5.2670,-5.8865,-4.5951,9.138
1.219545,-5.6233,-6.3372,-4.3533,9.525
1.224490,-5.9324,-6.6274,-3.8842,9.706
1.229817,-6.1584,-6.6819,-3.3585,9.688
1.235433,-6.2726,-6.5883,-2.9505,9.563
1.239415,-6.2321,-6.5497,-2.5185,9.385
1.244187,-6.0547,-6.4571,-2.0795,9.093
1.249581,-5.9369,-6.2927,-1.7625,8.829
1.254633,-5.8550,-6.0197,-1.4522,8.522
1.260243,-5.6801,-5.7446,-1.0968,8.153
1.264296,-5.4612,-5.4681,-0.8735,7.777
1.269262,-5.0991,-5.2820,-0.7123,7.376
1.274312,-4.7522,-5.0335,-0.6806,6.956
1.279246,-4.3333,-4.7664,-0.7364,6.484
1.284348,-3.8987,-4.4998,-0.7851,6.005
1.289284,-3.4138,-4.2342,-0.8475,5.505
1.294187,-2.9018,-3.8978,-0.9392,4.949
1.299210,-2.3699,-3.6389,-1.1333,4.488
1.304143,-1.9613,-3.3666,-1.3926,4.138
1.309368,-1.6464,-3.1525,-1.5896,3.896
1.314347,-1.3620,-2.8866,-1.6586,3.597
1.319141,-1.1168,-2.6118,-1.6291,3.275
1.324110,-0.9577,-2.2852,-1.6406,2.972
1.329360,-0.7642,-1.9690,-1.6029,2.651
1.334152,-0.5213,-1.7012,-1.5163,2.338
1.339091,-0.2954,-1.5153,-1.3187,2.030
1.344002,-0.1481,-1.3680,-1.0622,1.738
1.349086,-0.0547,-1.1444,-0.8374,1.419
1.353847,0.1052,-0.8495,-0.6629,1.083
1.359181,0.3895,-0.6077,-0.5435,0.904
1.363919,0.6985,-0.4234,-0.3977,0.909
1.370663,0.8322,-0.2346,-0.2484,0.900
1.374022,0.8102,-0.0793,-0.0614,0.816
1.378892,0.7526,0.0997,0.1589,0.776
1.383798,0.7355,0.3119,0.3657,0.879
1.388802,0.7016,0.5285,0.4725,0.997
1.393916,0.6698,0.6827,0.4797,1.070
1.398931,0.6496,0.7794,0.4349,1.104
1.403697,0.5790,0.8187,0.3618,1.066
1.408833,0.4724,0.8868,0.3512,1.064
1.413727,0.3964,0.9597,0.3460,1.094
1.418830,0.3703,0.9944,0.3213,1.109
1.423530,0.3413,1.0246,0.2293,1.104
1.428911,0.3237,0.9881,0.2087,1.061
1.433708,0.3656,0.9711,0.2353,1.064
1.438826,0.4192,0.8924,0.3144,1.035
1.443590,0.5176,0.8427,0.5135,1.114
1.448661,0.6379,0.9035,0.7127,1.316
1.453944,0.6988,0.8738,0.6734,1.306
1.459071,0.6665,0.8062,0.6208,1.216
1.463518,0.4546,0.7008,0.5355,0.992
1.468697,0.2015,0.6342,0.4365,0.796
1.473602,0.1168,0.5920,0.4435,0.749
1.478766,0.1055,0.5072,0.4263,0.671
1.483562,0.1575,0.3991,0.3760,0.570
1.488535,0.1532,0.2245,0.3984,0.482
1.494357,0.1645,0.0794,0.3407,0.387
1.498353,0.1577,-0.0748,0.3226,0.367
1.503393,0.2184,-0.1710,0.3058,0.413
1.508291,0.3001,-0.2378,0.1798,0.423
1.513394,0.4217,-0.3948,0.0881,0.584
1.518390,0.5013,-0.5271,-0.0601,0.730
1.523254,0.4911,-0.6826,-0.2214,0.870
1.528453,0.4198,-0.8469,-0.2429,0.976
1.533325,0.3052,-0.9246,-0.3352,1.030
1.538267,-0.0097,-1.0018,-0.4651,1.105
1.543317,-0.3731,-1.1075,-0.6564,1.340
1.548239,-0.7288,-1.2226,-0.8907,1.679
1.553489,-1.1592,-1.3330,-1.1351,2.100
1.558293,-1.6562,-1.4725,-1.3999,2.621
1.563149,-2.1064,-1.6223,-1.6663,3.138
1.568296,-2.5052,-1.8492,-1.9066,3.651
1.573090,-2.9499,-2.0770,-2.1592,4.205
1.578187,-3.3358,-2.2820,-2.1994,4.601
1.583353,-3.6924,-2.5314,-2.0177,4.911
1.588129,-4.2503,-2.8208,-1.7857,5.405
1.595754,-4.8615,-3.1074,-1.3438,5.924
1.598236,-5.3848,-3.4253,-0.7105,6.421
1.603914,-6.0757,-3.7084,0.0163,7.118
1.608003,-7.2186,-3.9669,0.7383,8.270
1.613055,-8.6777,-4.3740,1.5593,9.842
1.618307,-10.2943,-4.8490,2.5106,11.653
1.623107,-11.8654,-5.2818,2.9869,13.327
1.627936,-13.6625,-5.8738,3.1500,15.202
1.633013,-15.3290,-6.7717,3.1767,17.057
1.637944,-16.5852,-8.0352,3.2309,18.710
1.644501,-17.5813,-9.3975,3.1281,20.179
1.647931,-18.2547,-10.9112,2.8984,21.464
1.653568,-18.5802,-12.5793,2.2439,22.550
1.657884,-18.5183,-14.1656,1.0672,23.339
1.663196,-17.6838,-15.7193,-0.6089,23.668
1.672695,-15.8611,-17.1520,-2.8014,23.529
1.673205,-13.6328,-18.1760,-5.2628,23.322
1.677746,-11.4659,-18.4158,-7.8439,23.068
1.682925,-9.2788,-17.9410,-10.3494,22.695
1.687807,-7.0184,-17.0149,-12.4788,22.237
1.693248,-4.0877,-15.9122,-14.0108,21.592
1.697708,-0.8244,-14.2868,-15.2603,20.921
1.704735,3.0438,-11.9106,-16.2852,20.404
1.707721,7.9318,-9.4146,-17.4339,21.342
1.713606,13.6403,-6.7939,-18.5001,23.968
1.719469,20.6687,-3.3637,-19.2838,28.467
1.722887,28.2591,0.3355,-20.1425,34.705
1.727562,35.0219,3.2046,-20.6136,40.764
1.732589,39.9374,5.0888,-20.5599,45.206
1.737687,41.6097,6.0776,-19.8998,46.522
1.743901,39.3979,6.3598,-17.9401,43.755
1.747879,34.5556,5.9988,-14.8611,38.091
1.754860,29.2221,5.0536,-11.4676,31.796
1.757572,23.9906,3.7959,-8.3399,25.681
1.762718,18.9790,2.6522,-5.8969,20.050
1.769714,14.7010,1.6767,-4.5285,15.474
1.772367,10.6555,1.1043,-3.9172,11.406
1.780834,7.0788,0.9532,-3.6665,8.029
1.782724,4.6285,0.8783,-3.4414,5.834
1.788914,3.0406,0.7844,-2.9656,4.319
1.793199,1.8899,0.6135,-2.2174,2.977
1.797207,0.7903,0.3171,-1.5199,1.742
1.802121,-0.4373,-0.0849,-0.9693,1.067
1.807442,-1.7050,-0.5382,-0.6340,1.897
1.812197,-3.0154,-1.0946,-0.4502,3.239
1.817323,-4.3930,-1.7067,-0.4103,4.731
1.822654,-5.7617,-2.3415,-0.3689,6.230
1.828957,-6.8583,-2.8755,-0.2092,7.440
1.832307,-7.6417,-3.3913,0.0345,8.361
1.838317,-8.0476,-3.8434,0.3141,8.924
1.842734,-8.1235,-4.2380,0.6349,9.185
1.847161,-7.9660,-4.4860,0.8138,9.178
1.852557,-7.5651,-4.5749,0.9022,8.887
1.857104,-6.9628,-4.6691,0.8849,8.430
1.862044,-6.3653,-4.7266,0.8964,7.979
1.867061,-5.8731,-4.6862,0.9776,7.577
1.872146,-5.4289,-4.4726,1.0620,7.114
1.877012,-4.8874,-4.2062,1.1210,6.545
1.882177,-4.3767,-3.9115,1.0875,5.970
1.887108,-3.8950,-3.6465,0.9610,5.421
1.891860,-3.4901,-3.3635,0.7849,4.910
1.897057,-3.2026,-3.1677,0.5959,4.544
1.902397,-2.9274,-2.8488,0.4224,4.107
1.907092,-2.7310,-2.4881,0.2249,3.701
1.911839,-2.5268,-2.2435,-0.0306,3.379
1.916871,-2.3385,-2.1051,-0.3833,3.170
1.921819,-2.2425,-1.9437,-0.5850,3.025
1.927188,-2.2285,-1.7638,-0.6701,2.920
1.931911,-2.1917,-1.5751,-0.7877,2.812
1.937079,-1.9835,-1.3678,-0.9384,2.586
1.942107,-1.7805,-1.2137,-0.9887,2.371
1.946780,-1.5246,-1.1315,-0.9825,2.138
1.952165,-1.2914,-1.0493,-1.0157,1.949
1.957308,-1.0855,-0.8904,-0.9886,1.717
1.962774,-0.9348,-0.7840,-0.9300,1.534
1.966779,-0.7430,-0.7061,-0.8351,1.322
1.971662,-0.5141,-0.6566,-0.7424,1.116
1.978482,-0.2669,-0.6258,-0.6086,0.913
1.981551,-0.1015,-0.5707,-0.4957,0.763
1.986496,-0.0176,-0.4338,-0.3177,0.538
1.991551,0.0902,-0.3543,-0.1123,0.382
1.996916,0.2079,-0.2268,0.1117,0.327
2.001614,0.3070,-0.1522,0.3548,0.493
2.006693,0.4453,-0.0490,0.5795,0.732
2.011406,0.5465,0.0009,0.7769,0.950
2.016413,0.5913,0.0888,0.9134,1.092
2.022017,0.5654,0.1809,1.0135,1.175
2.026506,0.5404,0.1670,1.0728,1.213
2.031780,0.5064,0.1909,1.0865,1.214
2.036380,0.4347,0.1711,0.9970,1.101
2.041383,0.3968,0.1604,0.8762,0.975
2.046483,0.3498,0.1161,0.6848,0.778
2.051388,0.3077,0.0811,0.4466,0.548
2.056369,0.2324,0.0415,0.2424,0.338
2.061651,0.1141,0.0452,0.0907,0.153
2.066314,0.0148,0.0920,0.0007,0.093
2.071406,-0.0178,0.1104,0.0057,0.112
2.078582,-0.0174,0.0907,0.0672,0.114
2.081846,-0.0361,0.1048,0.0847,0.139
2.088691,-0.0068,0.0903,0.1257,0.155
2.091387,0.0655,0.0759,0.2670,0.285
2.096072,0.1284,0.0711,0.3698,0.398
2.101130,0.1385,0.1045,0.5113,0.540
2.106151,0.1438,0.1186,0.6147,0.642
2.111118,0.2066,0.0894,0.7331,0.767
2.116026,0.2168,0.0312,0.8189,0.848
2.121170,0.2317,-0.0416,0.9250,0.954
2.126240,0.1794,-0.0430,1.0039,1.021
2.131012,0.1313,-0.0737,1.0703,1.081
2.136066,0.0923,-0.1529,1.0905,1.105
2.141433,0.0909,-0.1799,1.0983,1.117
2.145984,0.0552,-0.1884,1.0651,1.083
2.151403,0.0379,-0.2262,1.0339,1.059
2.155990,0.0293,-0.2743,0.9425,0.982
2.160755,0.0630,-0.2319,0.8816,0.914
2.165870,0.1057,-0.2235,0.7601,0.799
2.171178,0.1577,-0.1819,0.6013,0.648
2.179545,0.2575,-0.0973,0.4093,0.493
2.181009,0.3288,-0.0223,0.1932,0.382
2.187949,0.3960,-0.0044,-0.0139,0.396
2.190866,0.4067,0.0043,-0.0978,0.418
2.195856,0.3702,0.0088,-0.2021,0.422
2.201188,0.3968,-0.0007,-0.1927,0.441
2.205760,0.4192,-0.0242,-0.1557,0.448
2.210724,0.3320,-0.0282,-0.1339,0.359
2.215662,0.2929,-0.0608,-0.0599,0.305
2.220883,0.2251,-0.0694,0.0473,0.240
2.226450,0.1761,-0.1403,0.1069,0.249
2.230893,0.1363,-0.1730,0.1575,0.271
2.235584,0.3168,-0.2635,0.3385,0.533
2.240418,0.5602,-0.4359,0.6173,0.941
2.245814,0.6031,-0.4318,0.7643,1.065
2.251193,0.3730,-0.2228,0.8607,0.964
2.255462,0.1371,-0.0291,0.8731,0.884
2.260798,0.0487,-0.0515,0.6861,0.690
2.265443,0.1078,-0.1268,0.4188,0.451
2.270397,0.0082,-0.1302,0.1759,0.219
2.276299,0.0421,-0.0952,-0.0242,0.107
2.280442,0.0804,-0.0456,-0.2154,0.234
2.285449,0.0613,-0.0340,-0.2877,0.296
2.290568,0.0613,-0.0651,-0.3467,0.358
2.295772,0.0039,-0.0337,-0.3205,0.322
2.301256,-0.0678,0.0075,-0.3334,0.340
2.305434,-0.2070,0.0202,-0.3710,0.425
2.310278,-0.3038,0.0091,-0.3951,0.498
2.315350,-0.3392,-0.0688,-0.3670,0.504
2.320668,-0.2461,-0.1846,-0.3683,0.480
2.325290,-0.2302,-0.1567,-0.3891,0.478
2.330290,-0.2578,-0.1239,-0.4199,0.508
2.335181,-0.2861,-0.1341,-0.3647,0.483
2.340031,-0.2334,-0.1492,-0.2664,0.384
2.345396,-0.1814,-0.1788,-0.1437,0.292
2.350098,-0.1105,-0.2421,0.0707,0.275
2.355180,-0.0112,-0.2914,0.2241,0.368
2.359982,0.0545,-0.2693,0.2973,0.405
2.365363,0.0437,-0.2666,0.3236,0.422
2.370026,0.1243,-0.2355,0.2836,0.389
2.375111,0.1429,-0.1519,0.1965,0.287
2.380125,0.0996,-0.0971,0.0712,0.156
2.384998,0.0902,-0.0278,-0.0927,0.132
2.390124,0.1005,-0.0157,-0.2287,0.250
2.400645,0.0633,0.0159,-0.3181,0.325
2.406391,0.0170,0.0383,-0.3419,0.344
2.406839,0.0237,0.0803,-0.3382,0.348
2.409743,0.0450,0.0795,-0.2975,0.311
2.414909,0.0717,0.0550,-0.1379,0.165
2.419984,0.1132,0.0545,-0.0026,0.126
2.425259,0.1313,-0.0082,0.0799,0.154
2.429839,0.1545,-0.0614,0.1867,0.250
2.434744,0.1589,-0.0429,0.2365,0.288
2.439739,0.0911,-0.0434,0.2801,0.298
2.444744,0.0669,-0.0535,0.2193,0.235
2.449774,0.0334,-0.0636,0.1164,0.137
2.454779,-0.0188,-0.0641,-0.0047,0.067
2.459524,0.0007,-0.0741,-0.0916,0.118
2.464687,-0.0228,-0.1124,-0.1209,0.167
2.469610,-0.0365,-0.1076,-0.0788,0.138
2.474674,-0.0409,-0.0934,-0.0845,0.132
2.479475,-0.0644,-0.1031,-0.0899,0.151
2.484561,-0.0972,-0.1176,-0.0857,0.175
2.489520,-0.0587,-0.1034,-0.0481,0.128
2.494589,-0.0396,-0.0418,-0.1060,0.121
2.499473,-0.0206,-0.0090,-0.1878,0.189
2.504432,0.0175,0.0046,-0.2647,0.265
2.510280,0.0414,-0.0196,-0.2706,0.274
2.514543,0.0513,0.0137,-0.2678,0.273
2.519822,0.0854,0.0325,-0.2228,0.241
2.524441,0.0624,0.0419,-0.1646,0.181
2.529305,0.0397,0.0276,-0.0930,0.105
2.534378,-0.0161,-0.0293,-0.0364,0.049
2.539231,-0.0571,-0.0762,-0.0090,0.096
2.544494,-0.0789,-0.0752,0.0563,0.123
2.550179,-0.0962,-0.0552,0.0688,0.130
2.554527,-0.1182,-0.0449,0.0623,0.141
2.562166,-0.1118,-0.0633,0.0751,0.149
2.564589,-0.0674,-0.0578,0.0640,0.109
2.570672,-0.0472,-0.0713,0.0961,0.129
2.574249,-0.0460,-0.0659,0.1234,0.147
2.579143,0.0028,0.0060,0.1601,0.160
2.584330,0.0515,0.0297,0.1493,0.161
2.589184,0.0669,0.0437,0.1386,0.160
2.594478,0.0875,0.0813,0.1422,0.186
2.599287,0.0798,0.1139,0.1126,0.179
2.604613,0.0487,0.1463,0.0876,0.177
2.609193,-0.0058,0.1358,0.0054,0.136
2.614144,-0.0408,0.1492,-0.0146,0.155
2.619131,-0.0087,0.1245,0.0127,0.125
2.624228,0.0137,0.0906,0.0400,0.100
2.629020,0.0123,0.0758,0.0910,0.119
2.635366,0.0301,0.0516,0.1373,0.150
2.639004,0.0620,0.0987,0.1836,0.217
2.644076,0.0509,0.0930,0.1967,0.223
2.649102,0.0733,0.1110,0.1532,0.203
2.654187,0.0812,0.1003,0.1386,0.189
2.662897,0.0604,0.0707,0.0767,0.121
2.665003,0.0543,0.0413,0.0200,0.071
2.670564,0.0248,0.0172,-0.3271,0.329
2.679687,0.0388,0.0177,-0.7493,0.751
2.685767,0.0816,0.0187,-0.5997,0.606
2.686304,0.1050,0.0199,-0.1862,0.215
2.688812,0.1284,0.0020,0.1194,0.175
2.693828,0.1233,-0.0491,0.2570,0.289
2.698914,0.1087,-0.0811,0.3802,0.404
2.704296,0.1036,-0.0895,0.5132,0.531
2.714964,0.0936,-0.0174,0.6466,0.654
2.715249,0.1213,0.0868,0.6379,0.655
2.718823,0.1441,0.1471,0.4926,0.534
2.723612,0.1000,0.0738,0.2682,0.296
2.728822,0.0467,0.0439,0.0263,0.069
2.734192,0.0080,0.0430,-0.2002,0.205
2.739344,-0.0211,0.1614,-0.4359,0.465
