0.003005,0.0748,0.2771,-0.9602,1.002
0.003404,0.0850,0.2647,-0.9476,0.988
0.005936,0.1287,0.2390,-0.7811,0.827
0.009903,0.1346,0.2002,-0.5471,0.598
0.015370,0.1981,0.1146,-0.3026,0.379
0.019895,0.2568,0.0728,-0.0560,0.273
0.025159,0.2731,0.0074,0.1934,0.335
0.029721,0.3283,-0.0721,0.3608,0.493
0.034623,0.7742,-0.1706,0.4713,0.922
0.039883,0.4957,0.0113,0.6300,0.802
0.045202,0.1529,0.1340,0.6896,0.719
0.049757,0.2739,0.1078,0.6555,0.719
0.054648,0.2275,0.0053,0.5518,0.597
0.059787,0.1097,-0.0396,0.4453,0.460
0.064758,0.0251,-0.0274,0.3644,0.366
0.069984,-0.0548,0.0130,0.3040,0.309
0.075084,-0.0923,0.0197,0.3255,0.339
0.082148,-0.1260,-0.0071,0.2670,0.295
0.084569,-0.1319,-0.0480,0.2573,0.293
0.089666,-0.1198,-0.0603,0.1961,0.238
0.096491,-0.1136,-0.0869,0.1645,0.218
0.099611,-0.1129,-0.0802,0.1817,0.228
0.104502,-0.1083,-0.1071,0.1663,0.226
0.109555,-0.0902,-0.1244,0.1280,0.200
0.114648,-0.1443,-0.1180,0.0527,0.194
0.119917,-0.2036,-0.1971,0.0401,0.286
0.124401,-0.2490,-0.2138,0.0325,0.330
0.129269,-0.2473,-0.2068,0.0305,0.324
0.134710,-0.2179,-0.2092,0.0332,0.304
0.139448,-0.2227,-0.2163,-0.0022,0.310
0.144824,-0.1804,-0.2897,-0.0183,0.342
0.149403,-0.1527,-0.2912,0.0319,0.330
0.154363,-0.1254,-0.2734,0.0622,0.307
0.159447,-0.1078,-0.2084,0.1019,0.256
0.164451,-0.1285,-0.1628,0.1175,0.238
0.169816,-0.1445,-0.1555,0.0804,0.227
0.174287,-0.1701,-0.1671,0.0673,0.248
0.179370,-0.2244,-0.1502,0.0543,0.275
0.184519,-0.2310,-0.1569,0.0791,0.290
0.189771,-0.2715,-0.1304,-0.0103,0.301
0.194867,-0.3025,-0.1134,-0.0326,0.325
0.199215,-0.3196,-0.1440,-0.0643,0.356
0.208699,-0.3702,-0.1599,-0.0342,0.405
0.209105,-0.4403,-0.1804,-0.0709,0.481
0.214214,-0.4582,-0.1911,-0.0028,0.496
0.223713,-0.4769,-0.1876,0.0844,0.519
0.224346,-0.4390,-0.1985,0.0908,0.490
0.228954,-0.4496,-0.2094,0.1023,0.506
0.233861,-0.4845,-0.2155,0.0858,0.537
0.238982,-0.5008,-0.2027,0.1127,0.552
0.244981,-0.5696,-0.1899,0.1394,0.616
0.249026,-0.5770,-0.1773,0.1049,0.613
0.254402,-0.5948,-0.1791,0.1327,0.635
0.258995,-0.5990,-0.1523,0.1274,0.631
0.264459,-0.5324,-0.1114,0.0651,0.548
0.269919,-0.4668,-0.0850,-0.0111,0.475
0.273970,-0.4399,-0.0871,-0.0255,0.449
0.278838,-0.4376,-0.0557,-0.0208,0.442
0.284123,-0.4311,-0.0578,-0.0161,0.435
0.289149,-0.4253,-0.0456,0.0598,0.432
0.294894,-0.4063,-0.0334,0.1308,0.428
0.299091,-0.4456,-0.0879,0.1878,0.492
0.303802,-0.4763,-0.0707,0.3164,0.576
0.309663,-0.5041,-0.0729,0.4505,0.680
0.314692,-0.5146,-0.0896,0.5568,0.763
0.318891,-0.5513,-0.0780,0.7167,0.908
0.324002,-0.5428,-0.0810,0.8401,1.003
0.328647,-0.5609,-0.1272,0.9608,1.120
0.333720,-0.6096,-0.0974,1.0739,1.239
0.342038,-0.6288,-0.0921,1.1860,1.346
0.343719,-0.6418,-0.0589,1.2917,1.444
0.348885,-0.6918,-0.0357,1.3724,1.537
0.356585,-0.7074,-0.0606,1.4715,1.634
0.358747,-0.7318,-0.0713,1.5367,1.704
0.363759,-0.7447,-0.1057,1.5912,1.760
0.368582,-0.7340,-0.1401,1.6565,1.817
0.373883,-0.7081,-0.1838,1.6652,1.819
0.378449,-0.6812,-0.1984,1.6224,1.771
0.383705,-0.5864,-0.2127,1.6142,1.731
0.388672,-0.5096,-0.2121,1.5878,1.681
0.393440,-0.4825,-0.2012,1.5510,1.637
0.398771,-0.3792,-0.1707,1.5408,1.596
0.403408,-0.2459,-0.1869,1.5745,1.604
0.408626,-0.0677,-0.1687,1.5088,1.520
0.413312,0.1223,-0.1161,1.4588,1.468
0.418505,0.3055,-0.1435,1.4097,1.450
0.423452,0.4512,-0.1454,1.3253,1.408
0.428285,0.6043,-0.1695,1.2106,1.364
0.433314,0.7813,-0.2012,1.1006,1.365
0.438274,0.9205,-0.1690,0.9946,1.366
0.443194,1.0557,-0.1215,0.8957,1.390
0.448390,1.1831,-0.0913,0.7129,1.384
0.453541,1.3140,-0.0642,0.5381,1.421
0.458344,1.4460,-0.0685,0.3761,1.496
0.463199,1.6095,-0.0186,0.2420,1.628
0.468577,1.7572,0.0136,0.0535,1.758
0.473190,1.9130,0.0373,-0.1426,1.919
0.480902,2.0580,0.0859,-0.3140,2.084
0.483224,2.1506,0.0915,-0.5932,2.233
0.491714,2.2030,0.1122,-0.8277,2.356
0.493064,2.2785,0.1328,-0.9304,2.465
0.498068,2.3243,0.1769,-1.1411,2.595
0.503027,2.3310,0.1485,-1.3836,2.715
0.508111,2.3369,0.2099,-1.4959,2.783
0.513034,2.3283,0.3027,-1.5850,2.833
0.517972,2.3325,0.4035,-1.6672,2.895
0.523198,2.3261,0.4973,-1.6481,2.894
0.528207,2.3664,0.5508,-1.6469,2.935
0.533026,2.4011,0.5779,-1.6725,2.983
0.537914,2.4355,0.6312,-1.6810,3.026
0.542921,2.4175,0.7245,-1.7105,3.049
0.547984,2.3329,0.8007,-1.8022,3.055
0.552980,2.2728,0.8500,-1.8941,3.078
0.557770,2.1509,0.9013,-1.9858,3.063
0.562697,2.0052,0.9547,-2.0918,3.051
0.568106,1.8404,0.9484,-2.1932,3.016
0.572736,1.7225,0.9351,-2.3048,3.026
0.577909,1.6474,0.8908,-2.4128,3.054
0.582717,1.6432,0.7490,-2.3786,2.986
0.587848,1.6096,0.6008,-2.3645,2.923
0.592916,1.5848,0.4940,-2.3080,2.843
0.597890,1.5210,0.4192,-2.1564,2.672
0.607409,1.5324,0.3671,-1.9660,2.520
0.608830,1.5728,0.2797,-1.8954,2.479
0.612586,1.6034,0.2339,-1.8337,2.447
0.617605,1.6574,0.1295,-1.8144,2.461
0.623169,1.7595,0.0239,-1.8183,2.530
0.628050,1.8763,-0.0542,-1.7971,2.599
0.632771,1.9300,-0.1183,-1.6874,2.566
0.637489,1.9482,-0.1698,-1.5915,2.521
0.642500,1.9533,-0.2076,-1.4213,2.425
0.647601,1.9597,-0.1935,-1.2052,2.309
0.653052,1.9437,-0.1894,-1.1434,2.263
0.657393,1.9053,-0.2715,-1.2359,2.287
0.662413,1.8898,-0.4672,-1.4140,2.406
0.667443,1.7252,-0.6103,-1.6186,2.443
0.672416,1.5810,-0.7141,-1.7433,2.459
0.678261,1.5145,-0.7689,-1.8602,2.519
0.682469,1.5113,-0.8322,-2.0699,2.695
0.687652,1.4139,-0.9226,-2.2720,2.831
0.692566,1.2821,-1.0536,-2.4839,2.987
0.697400,1.2181,-1.2213,-2.5896,3.111
0.705472,1.2342,-1.3771,-2.6877,3.262
0.707867,1.2400,-1.5347,-2.8877,3.497
0.712122,1.1306,-1.7608,-3.1746,3.802
0.717182,0.9064,-2.0307,-3.4619,4.115
0.722307,0.5687,-2.3768,-3.8099,4.526
0.727596,0.2088,-2.6747,-4.1116,4.910
0.732173,-0.1021,-2.9380,-4.3032,5.212
0.737004,-0.2994,-3.1857,-4.4417,5.474
0.742190,-0.6339,-3.4271,-4.6219,5.789
0.747067,-1.0882,-3.6528,-4.7807,6.114
0.752851,-1.5290,-3.8732,-4.7725,6.334
0.757067,-1.9900,-3.9878,-4.5902,6.398
0.762149,-2.5192,-3.9405,-4.4229,6.437
0.767278,-3.0077,-3.8185,-4.2798,6.476
0.772222,-3.4290,-3.6660,-4.1320,6.502
0.777832,-3.7460,-3.5697,-3.9129,6.487
0.782312,-3.9905,-3.5211,-3.7511,6.511
0.787058,-4.2108,-3.5005,-3.6350,6.572
0.792182,-4.4910,-3.4804,-3.4829,6.664
0.797329,-4.7744,-3.4757,-3.3719,6.800
0.805951,-4.9998,-3.5826,-3.1880,6.928
0.806920,-5.2782,-3.6773,-2.9129,7.062
0.811944,-5.6692,-3.7610,-2.5935,7.281
0.816834,-6.0999,-3.8961,-2.1066,7.538
0.822211,-6.7168,-4.0745,-1.6657,8.031
0.828034,-7.5651,-4.1397,-1.3603,8.730
0.831826,-8.4657,-4.3273,-1.0749,9.568
0.836742,-9.4930,-4.5183,-0.8907,10.551
0.841822,-10.6922,-4.6895,-0.7730,11.701
0.846752,-11.9647,-4.9709,-0.6455,12.972
0.851880,-13.1260,-5.4767,-0.3384,14.227
0.856696,-14.2902,-6.0963,0.0855,15.537
0.861627,-15.5803,-6.8381,0.5702,17.024
0.866528,-16.3573,-7.8863,1.2718,18.204
0.871625,-16.5149,-9.0968,1.9733,18.958
0.876749,-16.2051,-10.5720,2.4774,19.507
0.881693,-15.6643,-12.2942,2.5730,20.078
0.889387,-14.8593,-14.0071,2.3447,20.555
0.891631,-13.8041,-15.6551,1.7257,20.943
0.900485,-12.7505,-17.1490,0.6643,21.380
0.901455,-11.7896,-18.1096,-0.7464,21.622
0.906679,-10.7679,-18.5785,-2.9226,21.671
0.911435,-9.2954,-18.8784,-5.8471,21.840
0.916551,-7.3520,-18.8185,-9.0165,22.124
0.921273,-5.1113,-18.0547,-11.8749,22.206
0.931072,-2.1893,-16.7056,-14.0224,21.920
0.931588,1.6752,-14.7538,-15.6526,21.575
0.940189,6.3743,-12.1552,-16.6275,21.561
0.941553,11.8727,-8.9640,-17.6179,23.059
0.947539,19.3657,-5.2583,-19.0726,27.685
0.951174,27.8730,-1.5157,-20.9580,34.906
0.956481,35.1350,2.0089,-22.6448,41.848
0.962049,40.3541,5.1594,-23.4022,46.933
0.966632,43.6208,7.3332,-23.6978,50.181
0.971226,43.4605,8.6112,-22.8665,49.858
0.976518,40.2513,9.0862,-20.6417,46.139
0.981288,35.7542,8.7993,-17.4061,40.728
0.990328,31.2889,7.8704,-14.0070,35.173
0.991395,26.7671,6.6130,-11.1131,29.727
0.998359,22.4784,5.1905,-8.9750,24.754
1.000993,18.7118,3.5713,-7.3932,20.434
1.006112,15.6332,1.8364,-5.8293,16.785
1.012075,12.7910,0.3902,-3.9433,13.391
1.016142,9.9822,-0.4132,-1.9264,10.175
1.021006,7.6895,-1.1178,-0.1259,7.771
1.026357,5.9544,-1.9640,1.2596,6.395
1.030815,4.5642,-2.6993,2.2195,5.748
1.036214,3.3106,-3.2627,2.9226,5.491
1.040936,1.9900,-3.7372,3.0096,5.195
1.045827,0.5041,-4.1770,2.4259,4.857
1.050787,-1.2232,-4.5624,1.2630,4.890
1.055923,-2.9648,-4.8644,-0.2538,5.702
1.060777,-4.5875,-5.1584,-1.8545,7.148
1.065900,-6.1154,-5.5360,-3.3267,8.894
1.070704,-7.7112,-6.0699,-4.4332,10.768
1.075917,-9.6726,-6.5793,-5.1456,12.780
1.080935,-12.1366,-6.8653,-5.5010,14.990
1.087323,-14.9218,-7.1082,-5.7999,17.516
1.090791,-18.0286,-7.6402,-6.0521,20.495
1.096086,-21.3033,-8.1965,-5.5516,23.491
1.100777,-23.8600,-8.8472,-4.4140,25.827
1.105764,-26.2675,-9.3040,-2.8697,28.014
1.110915,-28.1709,-10.0947,-0.9726,29.941
1.115967,-29.1100,-11.3714,0.6535,31.259
1.120909,-28.7144,-12.9153,1.4840,31.520
1.126544,-27.8213,-14.5201,1.2390,31.407
1.136033,-26.8957,-15.9922,0.0998,31.291
1.136493,-24.7637,-17.9261,-1.8248,30.625
1.140630,-22.4600,-19.3437,-4.3197,29.955
1.145719,-19.8368,-20.1048,-7.1293,29.129
1.150568,-16.4636,-20.5041,-9.8773,28.090
1.156934,-12.4917,-20.4654,-12.2975,26.946
1.162929,-8.4371,-19.8582,-14.1903,25.824
1.165840,-4.5297,-18.7220,-15.5217,24.738
1.170514,-0.9243,-17.1786,-16.3050,23.703
1.175586,2.3312,-15.2195,-16.6288,22.662
1.180559,4.9348,-13.0335,-16.6314,21.699
1.187466,7.2564,-10.6336,-16.4259,20.870
1.190474,10.1163,-8.0383,-16.3191,20.815
1.197146,13.6423,-5.3342,-16.3711,21.968
1.200642,17.7372,-2.6644,-16.5989,24.438
1.205411,22.1893,-0.2294,-16.8086,27.838
1.213141,26.1793,1.6677,-16.6818,31.087
1.215904,28.9648,3.1095,-15.8179,33.149
1.220901,30.2558,4.1223,-14.0429,33.610
1.225934,30.3065,4.6357,-11.3266,32.684
1.230453,29.4225,4.9518,-8.1546,30.931
1.237253,27.8388,5.2065,-4.9141,28.745
1.240174,25.8551,5.1952,-1.9634,26.445
1.245457,23.3113,5.1511,0.5589,23.880
1.250302,20.4186,5.2720,2.4514,21.230
1.255271,17.5431,5.4326,3.5766,18.710
1.262006,14.8078,5.5043,3.8781,16.267
1.265176,12.3131,5.4031,3.7022,13.947
1.269981,10.0695,5.1329,3.1967,11.746
1.275997,8.0603,4.7189,2.6010,9.695
1.280884,6.2496,4.2337,2.0295,7.817
1.289778,4.6501,3.6687,1.3811,6.082
1.290209,3.3437,2.9786,0.7492,4.540
1.295510,2.3050,2.2129,0.1667,3.200
1.300111,1.3723,1.4126,-0.3875,2.007
1.305035,0.4912,0.6407,-0.8748,1.190
1.309928,-0.1485,-0.1260,-1.3522,1.366
1.314947,-0.6878,-0.8967,-1.6762,2.022
1.319984,-1.1177,-1.6789,-1.8402,2.730
1.325374,-1.5155,-2.3460,-1.9250,3.392
1.329876,-1.7911,-2.9443,-1.9241,3.947
1.336050,-2.0717,-3.4690,-2.0817,4.545
1.340804,-2.4457,-3.8393,-2.2976,5.099
1.344808,-2.8481,-4.0700,-2.3805,5.508
1.349745,-3.1019,-4.1711,-2.4540,5.748
1.354792,-3.2935,-4.1495,-2.6505,5.924
1.359681,-3.2834,-4.1921,-2.8978,6.062
1.364811,-3.2780,-4.1944,-3.1534,6.187
1.369634,-3.3348,-4.1572,-3.2459,6.240
1.374702,-3.3056,-4.0239,-3.2528,6.140
1.379772,-3.1738,-3.9151,-3.1642,5.951
1.384674,-2.9101,-3.7261,-3.0395,5.621
1.389971,-2.6359,-3.6154,-2.9403,5.354
1.399324,-2.3983,-3.6263,-2.7946,5.168
1.399759,-2.2011,-3.5963,-2.6217,4.965
1.404589,-2.0775,-3.4925,-2.3834,4.711
1.409587,-1.9480,-3.3251,-2.1608,4.418
1.414556,-1.7036,-3.1371,-1.9796,4.082
1.419400,-1.4033,-3.0916,-1.9976,3.939
1.424505,-1.1904,-3.1310,-2.0189,3.911
1.429374,-1.1367,-3.2171,-1.9291,3.920
1.434695,-1.1511,-3.2210,-1.6854,3.813
1.439415,-1.2206,-3.1434,-1.3733,3.641
1.444518,-1.2518,-2.9460,-1.0749,3.377
1.449351,-1.1645,-2.7777,-0.8709,3.135
1.455099,-1.0974,-2.6002,-0.7661,2.924
1.459286,-0.8968,-2.4520,-0.6312,2.686
1.464470,-0.6723,-2.3855,-0.4086,2.512
1.469356,-0.5817,-2.2813,-0.1408,2.359
1.474311,-0.5317,-2.1917,0.0478,2.256
1.479237,-0.5469,-2.0453,0.3063,2.139
1.484315,-0.5890,-1.9189,0.5347,2.077
1.489252,-0.5908,-1.8028,0.6947,2.020
1.497054,-0.5903,-1.6444,0.7529,1.902
1.500029,-0.6117,-1.5109,0.7237,1.783
1.506066,-0.5958,-1.3492,0.6975,1.632
1.509166,-0.4233,-1.2837,0.5828,1.472
1.514830,-0.1512,-1.2468,0.4271,1.327
1.519076,0.0486,-1.1477,0.1633,1.160
1.524411,0.1386,-1.0866,-0.1181,1.102
1.528951,0.2716,-1.0779,-0.3408,1.163
1.534776,0.3917,-1.0827,-0.5533,1.277
1.539109,0.3359,-1.0340,-0.7658,1.330
1.544302,0.2238,-1.0133,-0.9163,1.384
1.549050,0.0460,-0.9775,-1.1006,1.473
1.554034,-0.1310,-0.9985,-1.2852,1.633
1.559027,-0.2844,-1.0764,-1.2743,1.692
1.564229,-0.3746,-1.2586,-1.2928,1.843
1.569208,-0.5795,-1.3443,-1.3598,1.998
1.574498,-0.7321,-1.4343,-1.3983,2.133
1.578838,-0.9479,-1.5815,-1.3894,2.309
1.583979,-1.1696,-1.7476,-1.3044,2.475
1.589244,-1.4324,-1.9332,-1.1960,2.687
1.594146,-1.7067,-2.0952,-1.1739,2.946
1.598891,-2.0901,-2.2151,-1.3050,3.313
1.604090,-2.5309,-2.3988,-1.5614,3.821
1.608823,-2.9255,-2.7137,-1.8388,4.394
1.614192,-3.5389,-3.0217,-2.0619,5.090
1.618803,-4.5640,-3.2186,-2.4031,6.080
1.623805,-5.7965,-3.4777,-2.7433,7.295
1.628751,-7.3780,-3.6951,-2.9200,8.753
1.634090,-9.1490,-3.8580,-2.9864,10.369
1.638671,-10.8449,-4.3454,-2.9199,12.042
1.646335,-12.4316,-5.1768,-2.5972,13.715
1.648590,-14.2669,-5.9842,-2.0372,15.605
1.653547,-16.1531,-6.7840,-1.1096,17.555
1.658492,-17.6011,-7.8057,-0.1336,19.255
1.664044,-18.6920,-8.9287,0.8170,20.731
1.669105,-19.4530,-10.3856,1.6418,22.113
1.673549,-19.9772,-12.0436,1.9591,23.409
1.681014,-20.6713,-13.5571,1.7264,24.781
1.683502,-21.3188,-15.1189,0.7071,26.145
1.690801,-21.5797,-16.8868,-0.9666,27.419
1.697219,-21.3271,-18.7406,-3.2272,28.574
1.698431,-20.2838,-20.4357,-5.9393,29.399
1.703412,-18.6301,-21.9583,-8.7383,30.093
1.708428,-16.3896,-23.2826,-11.3733,30.660
1.713537,-13.8182,-24.1109,-13.4508,30.874
1.721144,-10.7665,-24.4277,-14.6691,30.460
1.723387,-6.9390,-24.3927,-15.1233,29.527
1.731850,-2.3664,-23.9148,-15.1326,28.399
1.733283,2.2440,-22.5481,-15.4108,27.403
1.740879,6.9533,-20.2288,-16.8639,27.239
1.743721,11.9209,-17.1599,-19.5823,28.636
1.748277,17.8538,-13.1820,-22.5126,31.612
1.754443,24.9598,-8.5422,-25.2623,36.526
1.758165,32.4339,-3.8511,-27.3068,42.573
1.764087,38.9246,0.4734,-28.2817,48.117
1.768307,42.9671,3.6972,-27.9575,51.395
1.773386,43.9411,5.4222,-26.2111,51.451
1.778478,41.8252,5.8175,-23.3639,48.260
1.783306,37.5431,5.3560,-19.6410,42.708
1.788325,32.3416,4.6899,-15.6373,36.228
1.793402,27.0900,3.5810,-11.8685,29.792
1.798091,21.7435,2.6567,-8.7896,23.603
1.803096,16.7610,2.3255,-6.5502,18.145
1.808072,12.8801,2.2434,-4.8658,13.950
1.815496,10.1577,2.2231,-3.5120,10.975
1.817884,8.3113,2.1566,-2.2529,8.877
1.823221,6.8340,2.0683,-1.0318,7.214
1.828555,5.3898,2.0748,0.0665,5.776
1.832870,3.9977,2.0667,1.0173,4.614
1.837840,2.8051,1.9543,1.6369,3.790
1.842875,1.8233,1.6793,1.8572,3.097
1.848014,0.8775,1.3316,1.8871,2.471
1.853013,-0.1348,0.9297,1.8444,2.070
1.857973,-1.1318,0.4595,1.7873,2.165
1.862948,-2.0299,0.0335,1.6580,2.621
1.867885,-2.7282,-0.3863,1.4383,3.108
1.872985,-3.2100,-0.8961,1.1933,3.540
1.877747,-3.9329,-1.4146,0.8306,4.261
1.882809,-4.8659,-1.9757,0.3773,5.265
1.887866,-5.5773,-2.5268,-0.1290,6.124
1.892676,-5.9305,-2.9070,-0.4283,6.619
1.898278,-5.8848,-3.1939,-0.4668,6.712
1.908604,-5.7224,-3.4414,-0.4299,6.691
1.909094,-5.5240,-3.5647,-0.2832,6.580
1.912771,-5.3372,-3.5982,-0.1980,6.440
1.918012,-4.9713,-3.7199,-0.3075,6.217
1.922829,-4.7005,-3.7966,-0.4747,6.061
1.927459,-4.4204,-3.7903,-0.7577,5.872
1.932684,-4.1732,-3.7014,-1.1002,5.686
1.937553,-3.9392,-3.5400,-1.4273,5.485
1.942529,-3.6026,-3.4400,-1.7791,5.289
1.947448,-3.2974,-3.3585,-2.1518,5.175
1.952705,-3.0118,-3.1950,-2.5045,5.055
1.957451,-2.6976,-2.9879,-2.7566,4.879
1.962517,-2.3778,-2.8569,-2.9091,4.720
1.967381,-2.0852,-2.6966,-2.9482,4.507
1.972676,-1.8047,-2.4690,-2.9466,4.247
1.977431,-1.4644,-2.2696,-2.9857,4.026
1.982455,-1.1345,-2.1749,-2.9756,3.856
1.987371,-0.9157,-2.1368,-2.9306,3.741
1.992278,-0.7215,-2.0260,-2.8033,3.533
1.997200,-0.6190,-1.9096,-2.5988,3.284
2.005552,-0.6369,-1.8304,-2.3127,3.017
2.007302,-0.7185,-1.7216,-1.9056,2.667
2.012406,-0.8013,-1.5975,-1.4021,2.272
2.017190,-0.8527,-1.4057,-0.8624,1.857
2.022290,-0.7774,-1.2423,-0.3048,1.497
2.027487,-0.6759,-1.1218,0.2672,1.337
2.032305,-0.5386,-1.0301,0.7206,1.368
2.037169,-0.4036,-1.0153,1.1719,1.602
2.042302,-0.2797,-0.9530,1.6255,1.905
2.047099,-0.1620,-0.8148,1.9629,2.131
2.052534,-0.0309,-0.7015,2.1322,2.245
2.057172,0.1191,-0.6754,2.1957,2.300
2.062119,0.1732,-0.6262,2.1773,2.272
2.067070,0.1748,-0.5731,2.0482,2.134
2.072803,0.1676,-0.4920,1.9078,1.977
2.077518,0.2184,-0.3972,1.7560,1.814
2.082248,0.2174,-0.2886,1.5633,1.605
2.087011,0.2028,-0.1995,1.3579,1.387
2.092248,0.1269,-0.1728,1.1441,1.164
2.097010,0.0708,-0.1317,0.9502,0.962
2.109855,0.0348,-0.0761,0.7946,0.799
2.110223,-0.0197,-0.0587,0.7155,0.718
2.111966,-0.0930,-0.0410,0.6987,0.706
2.116582,-0.1998,-0.0186,0.6916,0.720
2.121812,-0.2398,-0.0248,0.6850,0.726
2.127281,-0.2948,-0.0454,0.6646,0.728
2.131878,-0.3310,-0.0325,0.5392,0.633
2.136758,-0.3104,0.0140,0.4477,0.545
2.141681,-0.2762,0.0031,0.3898,0.478
2.146814,-0.2907,-0.0219,0.2889,0.410
2.152484,-0.3061,-0.0277,0.2694,0.409
2.156658,-0.3417,-0.0000,0.3218,0.469
2.161629,-0.3303,0.0612,0.3931,0.517
2.166619,-0.2723,0.1081,0.4403,0.529
2.171755,-0.2540,0.0640,0.5164,0.579
2.177236,-0.2706,0.0198,0.5690,0.630
2.187382,-0.2024,0.0328,0.6654,0.696
2.193625,-0.1450,0.0122,0.7240,0.739
2.193995,-0.1078,-0.0136,0.8075,0.815
2.196779,-0.0572,-0.0541,0.8874,0.891
2.202364,0.0403,-0.1285,0.8872,0.897
2.206677,0.0604,-0.1316,0.9702,0.981
2.211397,0.5555,-0.2652,1.3204,1.457
2.216483,1.7575,-0.4484,2.3940,3.003
2.221655,0.9250,0.1421,2.1789,2.371
2.230541,0.2399,0.4008,1.5597,1.628
2.231289,0.6175,0.0891,1.2210,1.371
2.236302,0.6652,-0.0314,0.8514,1.081
2.241336,0.5504,0.0823,0.6703,0.871
2.246249,0.5508,0.1382,0.7486,0.940
2.251316,0.5987,0.1269,0.6358,0.882
2.256351,0.4689,0.1300,0.4081,0.635
2.261243,0.2186,0.1619,0.1898,0.332
2.266256,-0.1188,0.1605,0.0142,0.200
2.271461,-0.2136,0.0587,-0.0615,0.230
2.276141,-0.3244,-0.0523,-0.1475,0.360
2.281197,-0.4513,-0.1151,-0.2152,0.513
2.286059,-0.4940,-0.1825,-0.2263,0.573
2.291405,-0.6349,-0.2403,-0.2809,0.735
2.296287,-0.6918,-0.2980,-0.2737,0.801
2.301483,-0.6791,-0.3222,-0.3051,0.811
2.306429,-0.6542,-0.3322,-0.3367,0.807
2.311027,-0.6408,-0.3087,-0.4501,0.842
2.316151,-0.6149,-0.2803,-0.5160,0.850
2.321012,-0.5716,-0.2759,-0.5584,0.845
2.326339,-0.4914,-0.2858,-0.5823,0.814
2.330971,-0.4363,-0.3338,-0.5634,0.787
2.338281,-0.4304,-0.3245,-0.4873,0.727
2.341054,-0.2912,-0.3582,-0.4065,0.615
2.345826,-0.1188,-0.4206,-0.2633,0.510
2.351308,-0.0327,-0.4593,-0.1246,0.477
2.356744,0.0534,-0.4982,0.1012,0.511
2.361145,0.1542,-0.5040,0.3090,0.611
2.366000,0.2409,-0.4577,0.3746,0.639
2.370862,0.3189,-0.3926,0.3886,0.638
2.375966,0.3739,-0.3087,0.3124,0.577
2.380862,0.4444,-0.2631,0.1313,0.533
2.385767,0.5308,-0.1887,-0.0449,0.565
2.390912,0.5565,-0.1378,-0.1501,0.593
2.395715,0.5693,-0.0531,-0.2994,0.645
2.400715,0.5118,0.0513,-0.4501,0.684
2.405764,0.4701,0.0941,-0.5018,0.694
2.410831,0.4247,0.1278,-0.5217,0.685
2.416383,0.3323,0.1812,-0.5191,0.642
2.421082,0.2596,0.1487,-0.4074,0.505
2.425912,0.2207,0.1021,-0.3059,0.391
2.430747,0.2013,0.0173,-0.1805,0.271
2.438274,0.2395,-0.0390,0.0125,0.243
2.440886,0.1822,-0.0382,0.1633,0.248
2.445462,0.1391,-0.1049,0.3635,0.403
2.450517,0.0575,-0.1579,0.4505,0.481
2.456267,-0.1154,-0.1635,0.4340,0.478
2.460710,-0.1882,-0.1648,0.2893,0.383
2.465632,-0.2519,-0.1567,0.0639,0.303
2.470496,-0.2731,-0.1007,-0.0706,0.299
2.476066,-0.2854,-0.0971,-0.1817,0.352
2.480529,-0.2888,-0.1268,-0.2649,0.412
2.485680,-0.2253,-0.1274,-0.2867,0.386
2.490818,-0.1523,-0.1229,-0.3239,0.378
2.495362,-0.1319,-0.0702,-0.3095,0.344
2.500647,-0.1065,-0.0269,-0.2911,0.311
2.505424,-0.0667,0.0120,-0.2881,0.296
2.510702,-0.0842,0.0223,-0.2331,0.249
2.515323,-0.0680,0.0279,-0.1499,0.167
2.520717,-0.1186,-0.0381,-0.0478,0.133
2.525625,-0.1741,-0.0994,0.0400,0.204
2.530752,-0.1916,-0.1368,0.1618,0.286
2.538300,-0.2332,-0.1746,0.2939,0.414
2.540355,-0.3089,-0.2032,0.4271,0.565
2.550661,-0.3663,-0.1844,0.5758,0.707
2.551027,-0.4505,-0.1936,0.6780,0.837
2.555469,-0.4212,-0.1747,0.7188,0.851
2.560491,-0.3933,-0.1278,0.6747,0.791
2.565237,-0.2903,-0.0862,0.6029,0.675
2.570118,-0.1647,-0.0498,0.5129,0.541
2.575047,-0.0685,-0.0469,0.3188,0.329
2.580414,-0.0537,-0.0010,0.2065,0.213
2.585849,-0.0768,0.0260,0.0939,0.124
2.590322,-0.1141,0.0721,0.0332,0.139
2.595511,0.0302,0.0376,0.0098,0.049
2.600122,0.0982,0.0513,-0.0430,0.119
2.605047,0.0285,0.0937,-0.0200,0.100
2.610788,-0.0257,0.0884,0.0546,0.107
2.614979,-0.0648,0.0309,0.0904,0.115
2.620089,-0.0844,-0.0118,0.1306,0.156
2.625344,-0.0511,-0.0684,0.1326,0.158
2.629960,-0.0747,-0.0676,0.1492,0.180
2.634785,-0.1218,-0.0670,0.1473,0.202
2.639963,-0.0923,-0.0571,0.1695,0.201
2.644689,-0.0727,-0.0854,0.1777,0.210
2.649805,-0.0865,-0.1042,0.2437,0.279
2.655838,-0.1242,-0.1043,0.3814,0.414
2.667023,-0.1239,-0.1047,0.4527,0.481
2.667482,-0.0431,-0.1769,0.5010,0.533
2.673702,-0.0822,-0.1681,0.5073,0.541
2.674497,-0.1404,-0.1075,0.4861,0.517
2.679595,-0.1512,-0.0476,0.3705,0.403
2.685820,-0.1342,-0.0167,0.1704,0.218
2.689789,-0.1557,-0.0002,0.0332,0.159
2.694583,-0.1344,-0.0120,-0.1703,0.217
2.699943,-0.0373,0.0195,-0.3494,0.352
2.704514,0.0451,0.0607,-0.4335,0.440
2.709561,0.1179,0.0783,-0.4993,0.519
2.715025,0.2052,0.0391,-0.4991,0.541
2.719447,0.2163,0.0149,-0.4334,0.485
2.724436,0.1756,-0.0470,-0.3258,0.373
2.729385,0.1308,-0.0703,-0.2430,0.285
2.734343,0.1292,-0.1172,-0.1751,0.247
2.739446,0.0849,-0.2209,-0.1310,0.270
2.744338,0.0267,-0.2194,-0.0675,0.231
2.749312,-0.0027,-0.2182,0.0483,0.223
2.754230,0.0534,-0.2125,0.1356,0.258
2.759290,0.0899,-0.2072,0.2993,0.375
2.764341,0.0548,-0.1787,0.3822,0.425
2.769228,0.0767,-0.1602,0.4417,0.476
2.774768,-0.0352,-0.1184,0.3873,0.407
2.779283,-0.1089,-0.0627,0.2812,0.308
2.784294,-0.0631,-0.0594,-0.2337,0.249
2.789258,-0.1122,0.0258,-1.2368,1.242
2.796305,0.0200,0.0828,-1.2611,1.264
2.799222,0.2179,0.0831,-0.5031,0.555
2.806969,0.2578,-0.0068,-0.0370,0.261
2.809194,0.3074,0.0180,0.0073,0.308
2.814280,0.2767,0.0808,-0.1391,0.320
2.819046,0.2564,-0.0326,-0.2134,0.335
2.823994,0.1512,-0.1069,-0.2021,0.274
2.828997,0.0753,-0.1092,-0.1485,0.199
2.834441,0.0953,-0.1209,-0.1191,0.195
2.839038,0.1391,-0.1232,0.0484,0.192
2.843937,0.1829,-0.1638,0.3011,0.388
2.848951,0.1694,-0.1666,0.5770,0.624
2.853877,0.1987,-0.1083,0.8051,0.836
2.858889,0.2090,0.0012,0.8526,0.878
2.863932,0.2287,0.0332,0.7303,0.766
2.869037,0.1148,0.0313,0.6529,0.664
2.873815,-0.1175,0.0056,0.5196,0.533
2.879142,-0.2252,-0.0009,0.1399,0.265
2.884246,-0.1564,0.0740,-0.2238,0.283
