0.001570,-0.2338,0.0873,-0.1662,0.300
0.003835,-0.2056,0.1093,-0.2312,0.328
0.008942,-0.1921,0.1220,-0.3063,0.382
0.014435,-0.1552,0.1017,-0.3537,0.399
0.018946,-0.0900,0.1103,-0.3974,0.422
0.023879,0.0085,0.1144,-0.3899,0.406
0.028750,0.0305,0.1092,-0.3172,0.337
0.034058,0.0291,0.0567,-0.2791,0.286
0.039478,0.0233,0.0190,-0.2517,0.253
0.043863,0.0464,0.0292,-0.1487,0.158
0.048664,0.0219,-0.0177,-0.0703,0.076
0.053732,-0.0120,-0.0453,-0.0350,0.059
0.058631,-0.0362,-0.0633,0.0434,0.085
0.064154,0.0443,-0.1145,0.1121,0.166
0.068646,-0.0373,-0.1655,0.2854,0.332
0.073629,0.2530,-0.2115,0.4582,0.564
0.078493,0.2374,-0.0436,0.4834,0.540
0.083638,0.1320,0.0561,0.4571,0.479
0.089000,0.1371,0.0361,0.4033,0.427
0.094331,0.1565,0.0350,0.3125,0.351
0.099282,0.1142,-0.0089,0.2703,0.294
0.103557,0.0962,-0.0334,0.1336,0.168
0.110912,0.0452,0.0182,0.1311,0.140
0.114193,0.0088,0.0172,0.0858,0.088
0.118585,-0.0321,0.0257,0.0503,0.065
0.126135,-0.0588,0.0389,0.0484,0.085
0.128500,-0.0855,0.0331,0.0511,0.105
0.133649,-0.0460,0.0415,0.0445,0.076
0.139100,-0.0784,0.0118,0.0286,0.084
0.143612,-0.0965,0.0204,-0.0011,0.099
0.148422,-0.1006,-0.0472,0.0268,0.114
0.153513,-0.0861,-0.0144,-0.0025,0.087
0.158982,-0.0864,0.0276,-0.0695,0.114
0.164285,-0.1156,0.0170,-0.1266,0.172
0.168546,-0.1116,-0.0029,-0.1548,0.191
0.173480,-0.0986,-0.0226,-0.1829,0.209
0.178252,-0.0623,-0.0325,-0.1779,0.191
0.183387,-0.0599,-0.0042,-0.1827,0.192
0.189690,-0.0389,0.0334,-0.1544,0.163
0.193862,0.0007,-0.0005,-0.1122,0.112
0.198249,0.0304,-0.0199,-0.1085,0.114
0.203246,0.0598,-0.0200,-0.1574,0.170
0.208484,0.1032,-0.0153,-0.1205,0.159
0.214002,0.1085,-0.0297,-0.1174,0.163
0.218753,0.0996,-0.0344,-0.0907,0.139
0.223003,0.1337,0.0085,-0.0690,0.151
0.228061,0.1059,0.0177,-0.0617,0.124
0.233248,0.0881,0.0078,-0.1258,0.154
0.243772,0.0851,0.0217,-0.1131,0.143
0.244100,0.0489,0.0498,-0.1529,0.168
0.248055,0.0179,0.0586,-0.2114,0.220
0.253236,0.0013,0.0673,-0.2315,0.241
0.258003,-0.0339,0.0761,-0.2611,0.274
0.262903,-0.0403,0.0847,-0.2717,0.287
0.267800,-0.0228,0.1076,-0.2919,0.312
0.272946,-0.0430,0.1304,-0.2742,0.307
0.278417,-0.0154,0.1245,-0.2663,0.294
0.282881,0.0076,0.1661,-0.2349,0.288
0.287832,0.0215,0.1362,-0.2372,0.274
0.293105,0.0073,0.1444,-0.2302,0.272
0.297659,0.0460,0.1764,-0.2378,0.300
0.302825,0.0516,0.1607,-0.2362,0.290
0.307667,0.0433,0.1357,-0.2303,0.271
0.312880,0.0213,0.1489,-0.2582,0.299
0.317809,-0.0191,0.1288,-0.2578,0.289
0.322667,-0.0255,0.0948,-0.1913,0.215
0.327629,-0.0126,0.0800,-0.1542,0.174
0.332646,-0.0090,0.0322,-0.1367,0.141
0.343748,-0.0525,0.0370,-0.1196,0.136
0.343990,-0.0433,-0.0057,-0.1074,0.116
0.347743,-0.0768,-0.0385,-0.0907,0.125
0.352623,-0.1242,-0.0616,-0.0645,0.153
0.357883,-0.1380,-0.0845,-0.0432,0.167
0.362625,-0.1517,-0.0930,0.0018,0.178
0.367653,-0.1606,-0.1157,0.0323,0.201
0.372624,-0.1790,-0.1382,0.0057,0.226
0.377648,-0.1783,-0.1653,0.0222,0.244
0.382651,-0.1636,-0.1685,0.0626,0.243
0.387539,-0.1587,-0.1764,0.0793,0.250
0.392957,-0.1541,-0.1653,0.0484,0.231
0.397840,-0.1446,-0.1781,0.0893,0.246
0.402581,-0.1639,-0.1717,0.1014,0.258
0.407366,-0.2023,-0.1655,0.0806,0.274
0.412422,-0.2076,-0.1404,0.0603,0.258
0.417364,-0.2512,-0.1202,0.0211,0.279
0.422809,-0.2617,-0.1382,-0.0129,0.296
0.427274,-0.2772,-0.1228,-0.0370,0.305
0.432447,-0.2928,-0.0980,-0.0656,0.316
0.437514,-0.2657,-0.1114,-0.0844,0.300
0.442929,-0.2723,-0.0962,-0.0983,0.305
0.447340,-0.2887,-0.0715,-0.1124,0.318
0.452383,-0.2815,-0.0423,-0.1455,0.320
0.457287,-0.2840,-0.0464,-0.1168,0.311
0.462301,-0.2773,-0.0363,-0.1219,0.305
0.467104,-0.2282,-0.0498,-0.1035,0.255
0.472708,-0.1795,-0.0585,-0.0426,0.194
0.477478,-0.1455,-0.0766,-0.0012,0.164
0.483369,-0.0927,-0.0566,0.0827,0.137
0.487217,-0.0688,-0.0273,0.0997,0.124
0.492361,-0.0543,-0.0600,0.1358,0.158
0.497067,-0.0113,-0.0689,0.1197,0.139
0.502073,-0.0493,-0.0634,0.0754,0.110
0.506983,-0.0729,-0.0771,0.0746,0.130
0.512276,-0.1204,-0.0622,0.0834,0.159
0.517134,-0.1299,0.0145,0.0398,0.137
0.523008,-0.1347,0.0144,-0.0034,0.136
0.526940,-0.1207,0.0335,-0.0654,0.141
0.531832,-0.1119,0.0571,-0.0701,0.144
0.537116,-0.1604,0.0617,-0.1037,0.201
0.542679,-0.0900,0.0806,-0.1279,0.176
0.547634,-0.0487,0.0567,-0.0858,0.114
0.552034,-0.0219,0.0520,-0.0298,0.064
0.556763,-0.0144,0.0948,0.0068,0.096
0.562353,-0.0070,0.0850,0.0908,0.125
0.567054,-0.0044,0.1227,0.1410,0.187
0.571765,0.0075,0.1505,0.1293,0.199
0.576726,-0.0237,0.1591,0.1511,0.221
0.581816,-0.0312,0.1961,0.1303,0.238
0.586698,-0.0198,0.1995,0.1241,0.236
0.591876,-0.0420,0.2313,0.1325,0.270
0.597442,-0.0453,0.2582,0.1359,0.295
0.601691,-0.0252,0.2943,0.1250,0.321
0.606730,0.0515,0.2875,0.1379,0.323
0.611783,0.0656,0.2997,0.1649,0.348
0.616600,0.1317,0.3023,0.2061,0.389
0.622764,0.1688,0.3096,0.2851,0.453
0.626562,0.1961,0.3167,0.3733,0.527
0.631469,0.2183,0.3760,0.4040,0.594
0.636427,0.2400,0.3588,0.4538,0.626
0.641733,0.3090,0.3891,0.4940,0.701
0.647250,0.3202,0.4334,0.6008,0.807
0.651576,0.3736,0.5247,0.6882,0.943
0.656486,0.4929,0.5629,0.8087,1.102
0.661661,0.6634,0.5720,0.9865,1.319
0.666348,0.8375,0.6426,1.1829,1.585
0.672216,1.0437,0.6742,1.3792,1.856
0.676390,1.2252,0.7716,1.6183,2.171
0.681395,1.2873,0.8535,1.7670,2.347
0.686349,1.5066,0.8676,1.9928,2.645
0.691468,1.7592,0.8524,2.1622,2.915
0.697245,1.8598,1.0026,2.3099,3.130
0.701684,1.9158,1.0861,2.6088,3.414
0.706267,2.1072,1.2020,2.7574,3.673
0.711288,2.4251,1.3264,2.6696,3.843
0.716345,2.6645,1.3877,2.6850,4.029
0.724954,2.7831,1.4435,2.6493,4.105
0.726340,3.3080,1.4555,2.6015,4.453
0.741864,3.7181,1.4574,2.5017,4.712
0.742991,3.8279,1.6551,2.3688,4.796
0.743573,3.8679,1.8090,2.1116,4.764
0.745958,3.9291,1.7188,1.9164,4.697
0.751155,3.9962,1.6242,1.8251,4.684
0.755982,3.8504,1.6685,1.6663,4.515
0.761050,3.5200,1.7035,1.4017,4.154
0.766163,3.3107,1.6671,1.1796,3.890
0.771053,3.1884,1.5837,0.9901,3.695
0.776039,3.0282,1.4628,0.8954,3.480
0.781105,2.7661,1.3240,0.7374,3.154
0.785899,2.4908,1.2101,0.5271,2.819
0.791052,2.3439,1.0352,0.4364,2.599
0.795760,2.2195,0.8234,0.3556,2.394
0.800967,2.0697,0.6129,0.2802,2.177
0.805815,1.8988,0.4278,0.2011,1.957
0.810877,1.8150,0.2201,0.2475,1.845
0.815785,1.7877,-0.0102,0.2054,1.799
0.820787,1.6904,-0.1959,0.1657,1.710
0.825908,1.6714,-0.3994,0.1430,1.724
0.831948,1.6873,-0.6206,0.1567,1.805
0.835729,1.6279,-0.7638,0.0349,1.799
0.840813,1.5011,-0.8435,-0.2324,1.738
0.845844,1.4105,-1.0222,-0.4812,1.807
0.851744,1.2772,-1.1802,-0.6315,1.850
0.857633,1.1101,-1.2791,-0.8655,1.902
0.860843,0.8898,-1.4101,-1.1358,2.017
0.865823,0.6829,-1.5683,-1.3181,2.159
0.870625,0.6071,-1.7729,-1.5664,2.442
0.875598,0.6416,-1.8897,-1.7691,2.667
0.880583,0.5743,-2.0290,-2.0278,2.925
0.885709,0.4338,-2.1859,-2.3611,3.247
0.890613,0.1625,-2.2841,-2.7794,3.601
0.895378,-0.2115,-2.3668,-3.3074,4.073
0.900590,-0.4032,-2.4440,-3.7607,4.503
0.905653,-0.6208,-2.4963,-4.2247,4.946
0.910690,-0.8708,-2.5910,-4.6340,5.380
0.915543,-1.0385,-2.6806,-4.9795,5.750
0.920518,-1.1861,-2.8463,-5.1376,5.992
0.925538,-1.3759,-2.9305,-5.2137,6.137
0.930293,-1.5944,-3.0199,-5.3088,6.312
0.935587,-1.8107,-3.2000,-5.4026,6.535
0.940587,-1.9973,-3.3372,-5.4333,6.682
0.945307,-2.2546,-3.4987,-5.4012,6.819
0.950381,-2.6211,-3.6608,-5.4403,7.062
0.955388,-3.0161,-3.8191,-5.5124,7.353
0.960286,-3.4648,-3.9693,-5.5653,7.664
0.965676,-3.8710,-4.1210,-5.6756,8.011
0.970580,-4.3270,-4.3323,-5.7238,8.382
0.975220,-4.9917,-4.4983,-5.7675,8.855
0.980729,-5.7999,-4.5720,-5.8071,9.395
0.985247,-6.8876,-4.5595,-5.9201,10.162
0.990549,-8.1376,-4.7058,-6.0970,11.204
0.995374,-9.4622,-5.0354,-6.2588,12.412
1.000274,-10.6958,-5.4052,-6.3628,13.568
1.009070,-11.8128,-5.7627,-6.3662,14.604
1.010198,-12.8594,-6.1323,-6.0966,15.496
1.015079,-13.7909,-6.5616,-5.8447,16.353
1.020102,-14.7998,-7.0686,-5.6015,17.331
1.025420,-15.7945,-7.7831,-5.1695,18.351
1.030373,-16.4834,-8.5446,-4.5325,19.112
1.034984,-16.7825,-9.3843,-3.8986,19.619
1.040140,-16.7400,-10.4951,-3.3211,20.035
1.045235,-16.3785,-11.6432,-2.7762,20.286
1.050349,-15.7552,-12.7135,-2.4658,20.395
1.059541,-15.0731,-13.7605,-2.3614,20.546
1.060266,-14.1559,-14.7974,-2.5770,20.640
1.064792,-12.7459,-15.8716,-3.0802,20.588
1.070011,-10.6506,-16.8446,-4.0424,20.335
1.074850,-9.9509,-15.9289,-3.9756,19.198
1.083672,-7.8897,-15.4457,-4.4367,17.903
1.084744,-4.2852,-15.7250,-5.7639,17.288
1.091418,0.3840,-15.1472,-7.2733,16.807
1.095308,6.1646,-13.3225,-9.2243,17.337
1.099892,12.6603,-10.7557,-11.7879,20.370
1.108330,19.3131,-7.7012,-14.5811,25.395
1.109798,25.7756,-4.5468,-16.9729,31.195
1.115792,31.5614,-1.5451,-18.3716,36.552
1.120344,36.1814,1.4232,-18.5803,40.698
1.125760,39.5009,4.2733,-17.8558,43.559
1.130276,41.1306,6.4897,-16.5021,44.790
1.134495,41.2014,7.7816,-14.6421,44.413
1.140344,40.1806,8.1358,-12.4696,42.850
1.144701,38.2984,7.7637,-10.4575,40.452
1.149942,35.2446,6.9190,-8.6440,36.943
1.155107,31.0174,6.0615,-6.8780,32.344
1.159492,26.5357,5.2530,-5.5021,27.604
1.164372,22.6687,4.2519,-4.6309,23.524
1.169551,19.4066,3.1239,-4.1179,20.083
1.174572,16.8195,1.9397,-3.5456,17.298
1.183791,14.4620,0.7820,-2.9951,14.790
1.184373,12.0782,-0.2459,-2.5426,12.345
1.191330,9.7653,-1.1317,-2.2165,10.077
1.195103,7.3806,-2.0220,-2.2333,7.972
1.199332,4.9423,-2.7792,-2.6350,6.252
1.204330,2.7183,-3.4725,-3.2748,5.493
1.209575,0.7271,-4.3675,-4.1686,6.081
1.214274,-1.0602,-5.3200,-5.2651,7.560
1.219378,-2.6389,-6.1532,-6.1640,9.101
1.224448,-4.2006,-6.8342,-6.8429,10.544
1.229405,-5.6926,-7.3450,-7.2627,11.794
1.234286,-7.2613,-7.8222,-7.5125,13.052
1.239792,-9.0854,-8.1475,-7.6429,14.399
1.244325,-11.3968,-8.1327,-7.6600,15.959
1.249296,-14.0922,-7.9056,-7.6331,17.870
1.254250,-16.4170,-7.7474,-7.4274,19.614
1.259557,-18.4036,-7.7000,-7.0273,21.151
1.266655,-20.2574,-7.6702,-6.4174,22.591
1.269187,-21.8549,-7.7566,-5.5559,23.847
1.274250,-23.1508,-8.0092,-4.5960,24.925
1.279149,-24.1427,-8.4482,-3.5549,25.824
1.284052,-24.8223,-9.0594,-2.4910,26.541
1.289053,-25.2016,-9.9661,-1.7102,27.155
1.294468,-25.2736,-11.0038,-1.4501,27.603
1.299595,-24.9712,-12.0923,-1.7578,27.801
1.303891,-24.2760,-13.3231,-2.5233,27.806
1.309326,-23.1633,-14.6431,-3.5183,27.629
1.317246,-21.7224,-15.9274,-4.7028,27.343
1.318926,-20.2141,-16.9077,-5.8776,27.000
1.324306,-18.5160,-17.4891,-6.9623,26.404
1.329212,-16.3578,-17.9597,-7.9371,25.556
1.333884,-14.0378,-18.2111,-8.6085,24.552
1.338872,-11.5525,-18.0838,-9.2050,23.350
1.343852,-8.7698,-17.5538,-9.7304,21.903
1.349814,-5.8743,-16.7630,-10.2798,20.523
1.353818,-2.8550,-15.7057,-10.9569,19.362
1.359408,0.3541,-14.1725,-11.6118,18.325
1.363704,4.3568,-12.0981,-12.1833,17.714
1.368747,9.7468,-10.0710,-13.0861,19.175
1.373826,15.2931,-7.7537,-14.1953,22.260
1.378801,20.4923,-5.1762,-15.2588,26.068
1.384215,24.9624,-2.3979,-15.9795,29.736
1.392359,28.5052,0.2347,-15.9124,32.647
1.394144,30.5047,2.7115,-15.2193,34.198
1.398623,31.6060,4.5909,-13.6749,34.742
1.403586,33.1287,5.0644,-12.0407,35.611
1.408712,33.4756,5.0922,-10.1551,35.351
1.413608,32.7418,5.0566,-7.7399,34.022
1.419324,30.4770,5.2947,-5.1108,31.353
1.423589,27.4830,5.4024,-2.6847,28.137
1.428630,24.5459,5.0327,-0.9742,25.075
1.433686,21.7808,4.3877,0.0908,22.219
1.440712,19.0376,3.7709,0.6875,19.420
1.443488,16.2601,3.2444,1.0633,16.615
1.449436,13.6036,2.8279,1.1730,13.944
1.453425,11.1619,2.3565,1.0153,11.453
1.458490,8.9040,1.7369,0.6789,9.097
1.463645,6.8704,1.0718,0.2280,6.957
1.468632,5.0172,0.3645,-0.2476,5.037
1.473496,3.3760,-0.4397,-0.7190,3.480
1.479050,1.8690,-1.1893,-1.0874,2.468
1.483289,0.5458,-1.9457,-1.4340,2.478
1.488602,-0.5397,-2.7511,-1.6673,3.262
1.493946,-1.5442,-3.5094,-1.8401,4.253
1.498387,-2.4601,-4.1528,-1.9740,5.215
1.503156,-3.4131,-4.5925,-2.0726,6.086
1.508373,-4.2854,-4.8859,-2.1960,6.860
1.513558,-4.8934,-5.0577,-2.1621,7.362
1.518325,-5.3880,-5.1190,-2.0093,7.699
1.523278,-5.7523,-5.0376,-1.8856,7.875
1.528526,-5.9476,-4.9057,-1.7419,7.904
1.533186,-5.9550,-4.7157,-1.5756,7.758
1.541887,-5.8826,-4.5021,-1.4820,7.554
1.543041,-5.7351,-4.2853,-1.4426,7.303
1.548165,-5.4881,-4.0806,-1.4775,6.997
1.553022,-5.2607,-3.9268,-1.5448,6.744
1.558271,-5.0971,-3.7097,-1.7464,6.542
1.563463,-4.9696,-3.4251,-1.9782,6.352
1.568057,-4.9082,-3.2026,-2.2468,6.277
1.573223,-4.8743,-2.9849,-2.5301,6.251
1.578133,-4.7719,-2.7818,-2.8349,6.209
1.582991,-4.6245,-2.7226,-3.0958,6.195
1.588395,-4.5134,-2.6540,-3.3002,6.189
1.593133,-4.3603,-2.5189,-3.4396,6.098
1.598555,-4.1364,-2.4081,-3.4575,5.904
1.602767,-3.8408,-2.3171,-3.3733,5.612
1.608022,-3.5154,-2.2265,-3.1343,5.210
1.613433,-3.1592,-2.1365,-2.8408,4.756
1.617986,-2.8096,-2.0230,-2.5066,4.274
1.622832,-2.3982,-1.8622,-2.0543,3.666
1.627957,-1.9764,-1.6923,-1.5694,3.039
1.632856,-1.6677,-1.4512,-1.1178,2.477
1.639000,-1.4520,-1.2920,-0.7468,2.082
1.642899,-1.2859,-1.1046,-0.5284,1.776
1.648030,-1.1067,-0.9223,-0.4433,1.507
1.652876,-0.8807,-0.8408,-0.3820,1.276
1.658354,-0.6696,-0.7450,-0.3972,1.078
1.663499,-0.4730,-0.7116,-0.4511,0.966
1.667757,-0.3720,-0.6351,-0.4532,0.864
1.672589,-0.2945,-0.5441,-0.4233,0.750
1.677746,-0.2070,-0.3528,-0.3854,0.562
1.683147,-0.1481,-0.1472,-0.3257,0.387
1.690660,0.0070,0.0583,-0.2351,0.242
1.692540,0.2156,0.2014,-0.1037,0.313
1.697542,0.4973,0.2585,0.0686,0.565
1.702419,0.7187,0.3540,0.2057,0.827
1.707526,0.9044,0.4162,0.3991,1.073
1.713504,1.0547,0.4641,0.6106,1.304
1.717765,1.1559,0.5074,0.8887,1.544
1.722401,1.2467,0.5700,1.2145,1.831
1.727400,1.2214,0.6184,1.4401,1.987
1.732357,1.1615,0.6621,1.5661,2.059
1.738732,1.1048,0.6914,1.6745,2.122
1.747875,0.9796,0.6300,1.7748,2.123
1.754000,0.8093,0.6691,1.7859,2.072
1.754499,0.7706,0.6509,1.8559,2.112
1.757413,0.8346,0.6281,1.9084,2.176
1.762225,0.8527,0.5671,1.8863,2.146
1.767365,0.8538,0.5397,1.8087,2.072
1.772219,0.8997,0.4360,1.7187,1.988
1.777532,0.9674,0.3565,1.6884,1.978
1.782396,0.9655,0.2965,1.6697,1.951
1.787327,0.8939,0.3085,1.5382,1.806
1.792192,0.8577,0.3206,1.4425,1.709
1.799338,0.9048,0.2804,1.3007,1.609
1.802141,0.9339,0.1831,1.1798,1.516
1.807198,0.9128,0.1246,1.0032,1.362
1.812027,0.9271,0.0713,0.8092,1.233
1.817019,1.0053,-0.0245,0.7075,1.229
1.821912,0.9799,-0.0767,0.5640,1.133
1.827074,0.9706,-0.0901,0.4983,1.095
1.831939,1.1202,-0.1556,0.4959,1.235
1.837021,1.2675,-0.2108,0.4330,1.356
1.841766,1.2778,-0.2606,0.3337,1.346
1.846922,1.1746,-0.2953,0.2461,1.236
1.851902,1.0970,-0.3533,0.1794,1.166
1.857032,1.2072,-0.4298,0.1670,1.292
1.861794,1.2940,-0.5294,0.0747,1.400
1.866907,1.3160,-0.5707,-0.0723,1.436
1.871766,1.3106,-0.6159,-0.2262,1.466
1.876884,1.2826,-0.7559,-0.3154,1.522
1.881754,1.1263,-0.9188,-0.4213,1.513
1.886801,0.7505,-1.0281,-0.7306,1.468
1.891802,0.3022,-1.0794,-1.2920,1.710
1.897002,-0.0024,-1.2161,-1.9332,2.284
1.901712,-0.1889,-1.4623,-2.6039,2.992
1.906690,-0.4444,-1.6553,-3.2961,3.715
1.911670,-0.8509,-1.8051,-3.9250,4.403
1.917013,-1.3325,-2.0221,-4.4627,5.077
1.921658,-1.8232,-2.2541,-4.9342,5.723
1.926754,-2.3224,-2.5104,-5.1911,6.216
1.931539,-2.7926,-2.6863,-5.3967,6.644
1.936487,-3.2818,-2.8728,-5.5941,7.093
1.941557,-3.7279,-3.0365,-5.8744,7.591
1.948720,-4.2843,-3.3117,-6.0612,8.128
1.951462,-5.0619,-3.6650,-6.1257,8.751
1.956487,-6.2292,-3.9580,-6.0779,9.561
1.961373,-7.9754,-4.1392,-5.9184,10.760
1.966598,-10.1172,-4.2863,-5.7059,12.381
1.971461,-12.5059,-4.5348,-5.6855,14.467
1.976467,-15.0034,-4.9767,-5.8147,16.843
1.981380,-17.4429,-5.4501,-5.8962,19.202
1.986301,-19.7770,-6.1478,-5.8014,21.508
1.991295,-22.1510,-7.1173,-5.6939,23.953
1.999972,-24.4476,-8.4339,-5.4393,26.427
2.001368,-26.3733,-10.2576,-4.7702,28.697
2.007940,-27.7182,-12.7084,-3.8125,30.730
2.011127,-27.6541,-15.9028,-2.9966,32.041
2.016264,-27.6235,-17.9917,-1.6229,33.006
2.023248,-27.4237,-19.5599,-0.2929,33.686
2.026407,-25.5855,-22.7070,-0.6026,34.214
2.031259,-22.9665,-26.2329,-2.1189,34.930
2.036177,-19.6240,-28.9171,-4.7965,35.275
2.041417,-15.8400,-30.2207,-8.0568,35.059
2.046739,-11.9149,-30.1398,-11.3769,34.348
2.051221,-7.6520,-28.8572,-14.4668,33.175
2.058591,-2.3917,-26.8363,-17.0305,31.874
2.061445,4.7899,-24.2342,-18.9977,31.163
2.067323,13.6682,-20.9700,-20.6828,32.471
2.074431,23.0480,-16.6853,-22.4252,36.228
2.076169,32.0212,-11.9332,-23.6661,41.567
2.081688,40.4981,-7.7798,-24.5820,48.009
2.086199,45.3990,-3.4081,-24.2654,51.590
2.090977,47.6895,0.7108,-22.1370,52.582
2.098395,49.4505,2.9333,-20.1801,53.490
2.101052,48.7087,4.0449,-18.0773,52.112
2.106447,46.1456,4.3184,-15.7351,48.945
2.110969,42.4495,4.1197,-13.6692,44.786
2.116222,37.9499,3.9341,-11.8394,39.948
2.121444,33.1367,3.6150,-10.2886,34.885
2.126005,28.3171,3.0202,-9.1257,29.904
2.130755,23.7329,2.4056,-8.2191,25.231
2.136197,19.8142,1.9304,-7.5139,21.279
2.141997,16.5087,1.5685,-6.8653,17.948
2.153226,13.7178,1.1897,-6.1324,15.073
2.153828,11.3059,0.7345,-5.3267,12.519
2.155849,9.1325,0.1909,-4.5695,10.214
2.160679,7.1734,-0.3120,-3.9607,8.200
2.166025,5.3552,-0.9453,-3.5150,6.475
2.170488,3.6771,-1.8147,-3.3201,5.276
2.175749,1.7340,-2.4590,-3.0696,4.298
2.180509,-0.0859,-3.0348,-2.7735,4.112
2.185675,-1.5618,-3.6846,-2.6767,4.815
2.190604,-2.9171,-4.3679,-2.6298,5.874
2.195811,-4.1820,-4.9535,-2.7918,7.058
2.200517,-5.4941,-5.3966,-3.0371,8.278
2.205674,-6.4987,-5.8699,-3.2951,9.357
2.210462,-7.0557,-6.3982,-3.5007,10.148
2.216210,-7.4354,-6.8344,-3.5636,10.710
2.220526,-7.8529,-7.0792,-3.4724,11.128
2.225634,-8.2124,-7.0636,-3.2101,11.298
2.230316,-8.3837,-6.9518,-2.7538,11.234
2.235401,-8.3388,-6.7697,-2.1732,10.958
2.240332,-8.1253,-6.5290,-1.5770,10.542
2.246732,-7.9536,-6.2265,-1.1458,10.166
2.250435,-7.7199,-5.8064,-0.7772,9.691
2.255573,-7.4346,-5.4184,-0.5788,9.218
2.260411,-7.0316,-5.0634,-0.4784,8.678
2.265549,-6.5337,-4.7373,-0.5345,8.088
2.270296,-6.0926,-4.4594,-0.7298,7.585
2.275406,-5.7074,-4.2013,-0.9701,7.153
2.280366,-5.4542,-3.9439,-1.2474,6.845
2.285365,-5.2639,-3.7397,-1.5067,6.631
2.290285,-5.0312,-3.5311,-1.6870,6.374
2.295389,-4.7461,-3.3085,-1.7562,6.046
2.300144,-4.4561,-3.1292,-1.8351,5.746
2.305326,-4.1269,-3.0506,-1.8430,5.453
2.310223,-3.7913,-2.9288,-1.8042,5.119
2.315198,-3.4772,-2.8165,-1.6527,4.770
2.320271,-3.0983,-2.6992,-1.4265,4.350
2.325425,-2.7735,-2.5914,-1.1399,3.963
2.329916,-2.4588,-2.4738,-0.7398,3.565
2.335050,-2.1196,-2.2893,-0.2880,3.133
2.339879,-1.7360,-2.0813,0.1643,2.715
2.345201,-1.3600,-1.9118,0.5835,2.418
2.350057,-1.0482,-1.7667,0.9082,2.246
2.357598,-0.7136,-1.5552,1.1341,2.053
2.360042,-0.3795,-1.4016,1.3091,1.955
2.368321,-0.0307,-1.3681,1.3855,1.947
2.369901,0.1947,-1.2873,1.4687,1.963
2.374988,0.3498,-1.2307,1.5058,1.976
2.380039,0.4734,-1.1411,1.5545,1.986
2.384854,0.5896,-1.0185,1.5668,1.960
2.389860,0.6508,-0.9204,1.5859,1.946
2.395093,0.7195,-0.8660,1.5304,1.900
2.400094,0.7479,-0.7737,1.4671,1.819
2.404832,0.7313,-0.6913,1.3570,1.689
2.409744,0.7561,-0.6283,1.1950,1.547
2.414947,0.7985,-0.5462,1.0428,1.422
2.419622,0.8107,-0.4305,0.8664,1.262
2.424817,0.7641,-0.3195,0.7516,1.118
2.429797,0.6106,-0.2466,0.6170,0.902
2.434691,0.4839,-0.1636,0.5624,0.760
2.440047,0.3164,-0.0756,0.5977,0.680
2.444647,0.1650,0.0509,0.6561,0.678
2.449604,0.0579,0.1535,0.7094,0.728
2.454807,-0.0865,0.1892,0.7288,0.758
2.459724,-0.1684,0.1914,0.8106,0.850
2.465086,-0.3317,0.1744,0.9070,0.981
2.469717,-0.4283,0.1765,0.9799,1.084
2.474820,-0.4490,0.1927,1.0491,1.157
2.479987,-0.4752,0.1749,1.1054,1.216
2.484665,-0.4929,0.1614,1.1827,1.291
2.489508,-0.4927,0.1616,1.1329,1.246
2.494886,-0.5082,0.1325,1.1183,1.235
2.499962,-0.5013,0.1267,1.0961,1.212
2.508477,-0.5246,0.1874,1.0615,1.199
2.509400,-0.4490,0.2330,0.9663,1.091
2.514348,-0.3560,0.2158,0.9016,0.993
2.519345,-0.2499,0.1502,0.8241,0.874
2.524636,-0.1689,0.1463,0.8106,0.841
2.529865,-0.0840,0.1563,0.7699,0.790
2.534395,-0.0048,0.1992,0.7069,0.734
2.539552,0.0305,0.1841,0.7029,0.727
2.544458,0.0748,0.1876,0.7005,0.729
2.549752,0.1236,0.1859,0.6326,0.671
2.555045,0.0953,0.1309,0.5616,0.584
2.559858,0.0567,0.1378,0.4775,0.500
2.564174,0.0365,0.1205,0.4375,0.455
2.569271,-0.0131,0.1316,0.3171,0.344
2.574594,-0.0253,0.1568,0.2165,0.269
2.580309,-0.0480,0.1628,0.0970,0.196
2.584812,-0.0570,0.1640,-0.0319,0.177
2.589238,-0.0334,0.1127,-0.0940,0.151
2.594581,-0.0248,0.0950,-0.1372,0.169
2.599107,-0.0027,0.0535,-0.1615,0.170
2.604800,0.0377,0.0839,-0.1572,0.182
2.609199,0.1110,0.1287,-0.1771,0.245
2.614049,0.2032,0.1495,-0.1875,0.314
2.619415,0.3000,0.1847,-0.2363,0.424
2.624132,0.3969,0.1769,-0.2616,0.507
2.629707,0.4703,0.1550,-0.2871,0.572
2.634262,0.5304,0.1189,-0.2892,0.616
2.644602,0.6444,0.1501,-0.3444,0.746
2.645166,0.6877,0.1480,-0.4291,0.824
2.649110,0.6895,0.1318,-0.5145,0.870
2.654635,0.6641,0.0922,-0.6010,0.900
2.659019,0.6211,0.0531,-0.6409,0.894
2.663943,0.5697,0.0240,-0.6391,0.857
2.668841,0.4574,0.0146,-0.6001,0.755
2.674140,0.3939,0.0054,-0.5956,0.714
2.679793,0.3167,-0.0275,-0.5584,0.643
2.683877,0.2351,-0.0313,-0.5026,0.556
2.688755,0.1298,-0.0926,-0.4376,0.466
2.694515,0.0432,-0.1106,-0.3585,0.378
2.698740,0.0953,-0.1960,-0.0149,0.218
2.703725,0.3391,-0.3063,0.7237,0.856
2.708885,0.4252,-0.2166,1.2453,1.334
2.713717,0.4102,-0.0707,1.4491,1.508
2.718698,0.4092,-0.0502,1.3203,1.383
2.725054,0.3456,-0.0588,0.9538,1.016
2.728657,0.3010,-0.0915,0.5691,0.650
2.733723,0.2133,-0.1335,0.2082,0.327
2.739232,0.0919,-0.0841,-0.1250,0.176
2.743584,-0.0062,-0.0342,-0.3830,0.385
2.748499,-0.0566,-0.0172,-0.5713,0.574
2.753628,-0.0210,-0.0713,-0.6182,0.623
2.758585,0.1011,-0.1677,-0.5617,0.595
2.766075,0.2044,-0.2397,-0.4827,0.576
2.768402,0.2652,-0.2731,-0.2992,0.484
2.773658,0.1923,-0.3542,-0.1784,0.441
2.778251,0.1144,-0.3683,-0.0912,0.396
2.783465,0.0891,-0.4350,-0.1474,0.468
2.788348,0.0158,-0.4922,-0.2080,0.535
2.793784,-0.2306,-0.5113,-0.2631,0.620
2.798666,-0.3727,-0.4778,-0.2985,0.676
2.803170,-0.3819,-0.5259,-0.3289,0.728
2.808230,-0.3874,-0.5405,-0.3735,0.763
2.813394,-0.3892,-0.5312,-0.3940,0.767
2.818199,-0.3630,-0.5363,-0.3425,0.733
2.823409,-0.3328,-0.5560,-0.2139,0.682
2.828150,-0.3511,-0.6047,-0.0608,0.702
2.833293,-0.4230,-0.6632,0.1077,0.794
2.838191,-0.6544,-0.6406,0.1286,0.925
2.843425,-0.8681,-0.6664,0.2274,1.118
2.848229,-0.9062,-0.7164,0.3176,1.198
2.853584,-0.8885,-0.7380,0.2893,1.191
2.858901,-0.9157,-0.7551,0.2571,1.214
2.863239,-0.8774,-0.7914,0.1777,1.195
2.868098,-0.8115,-0.6987,0.1421,1.080
2.873341,-0.7180,-0.5822,0.0158,0.925
2.877967,-0.6492,-0.4658,-0.1394,0.811
2.883208,-0.5666,-0.3636,-0.2807,0.729
2.890579,-0.4553,-0.3329,-0.4420,0.717
2.893757,-0.2672,-0.2780,-0.4944,0.627
2.902370,-0.1071,-0.1891,-0.4572,0.506
2.902904,-0.0086,-0.0953,-0.3447,0.358
2.907938,0.0719,-0.0060,-0.2138,0.226
2.913026,0.1007,0.0832,-0.1458,0.196
2.918341,0.1112,0.1485,-0.0588,0.195
2.922885,0.1225,0.2089,0.0281,0.244
2.927681,0.1438,0.2262,0.0912,0.283
2.932807,0.1417,0.2626,0.1831,0.350
2.938001,0.1402,0.3228,0.2655,0.441
2.942876,0.1487,0.3733,0.2571,0.477
2.947752,0.1482,0.3951,0.1623,0.452
2.952744,0.1580,0.4554,0.0622,0.486
2.957693,0.1926,0.5015,-0.0434,0.539
2.963071,0.2137,0.5046,-0.1402,0.566
2.967613,0.1494,0.5081,-0.1230,0.544
2.972867,0.0809,0.4878,-0.0393,0.496
2.978282,0.0936,0.4928,0.0293,0.502
2.982769,0.0827,0.4597,0.1306,0.485
2.987950,0.0721,0.4221,0.2028,0.474
2.992726,0.0428,0.4274,0.2705,0.508
2.997524,0.0324,0.4276,0.3528,0.555
3.002594,0.0124,0.4323,0.3262,0.542
3.007724,0.0395,0.4082,0.2960,0.506
3.013292,0.0469,0.4031,0.1859,0.446
3.017695,0.0493,0.4503,0.0345,0.454
3.022540,0.0848,0.4542,-0.1060,0.474
3.027292,0.1154,0.4582,-0.2502,0.535
3.032518,0.1601,0.4337,-0.3270,0.566
3.040747,0.1858,0.4142,-0.3512,0.574
3.042592,0.1881,0.3808,-0.3422,0.545
3.049308,0.2193,0.3143,-0.2050,0.435
3.052388,0.2175,0.2485,-0.2118,0.392
3.057398,0.1782,0.1929,-0.2425,0.357
3.063398,0.1396,0.1329,-0.1779,0.262
3.067538,0.1206,0.0449,-0.1663,0.210
3.072450,0.0497,-0.0090,-0.1264,0.136
3.077512,0.0078,-0.0767,-0.0249,0.081
3.082350,-0.0100,-0.1440,0.0571,0.155
3.088304,-0.0374,-0.1775,0.1006,0.207
3.092706,-0.0551,-0.2108,0.0917,0.236
3.097139,-0.0586,-0.2011,0.1118,0.237
3.102211,-0.0718,-0.2439,0.1036,0.274
3.107240,-0.0900,-0.2531,0.1100,0.290
3.113250,-0.1179,-0.2195,0.0928,0.266
3.117353,-0.1173,-0.1908,-0.0053,0.224
3.122309,-0.1552,-0.2004,-0.0790,0.265
3.127131,-0.1550,-0.1670,-0.1237,0.259
3.132332,-0.2644,-0.1814,-0.1160,0.341
3.136975,-0.3021,-0.1718,-0.0990,0.361
3.142068,-0.2306,-0.1576,-0.0821,0.291
3.146950,-0.1597,-0.1291,-0.0371,0.209
3.151942,-0.1465,-0.1246,0.0169,0.193
3.156892,-0.1236,-0.1154,0.0088,0.169
3.166100,-0.0959,-0.1538,0.0673,0.193
3.166999,-0.0919,-0.1635,0.1303,0.228
3.176312,-0.0878,-0.1731,0.1599,0.251
3.176948,-0.0979,-0.1448,0.2419,0.298
3.181893,-0.1031,-0.1169,0.2957,0.334
3.187715,-0.0843,-0.0561,0.2546,0.274
3.192110,-0.0323,-0.0387,0.1857,0.192
3.196674,-0.0185,-0.0404,0.1174,0.126
3.201941,0.0430,-0.0040,0.0258,0.050
3.206828,0.0950,0.0512,-0.1086,0.153
3.213306,0.0995,0.0777,-0.1954,0.233
3.216782,0.0761,0.1327,-0.2492,0.292
3.221799,0.0343,0.1162,-0.2941,0.318
3.226646,0.0123,0.1048,-0.3301,0.347
3.231695,0.0004,0.1222,-0.3192,0.342
3.236806,0.0176,0.1207,-0.2855,0.310
3.242051,0.0254,0.1240,-0.2241,0.257
3.246730,0.0145,0.1512,-0.1875,0.241
3.251780,0.0517,0.1212,-0.1372,0.190
3.256562,0.0319,0.1057,-0.0590,0.125
3.261731,-0.0020,0.0760,0.0519,0.092
3.266638,-0.0544,0.0941,0.0957,0.145
3.271624,-0.0635,0.0694,-0.3465,0.359
3.276510,-0.0533,0.0454,-0.6443,0.648
3.281402,-0.1005,0.0266,-0.2899,0.308
3.286418,-0.1192,0.0129,0.1133,0.165
3.291704,-0.0571,-0.0436,0.2234,0.235
3.299207,-0.0191,-0.0235,0.1902,0.193
3.301716,0.0520,-0.0417,0.2097,0.220
3.308502,0.0609,0.0066,0.4009,0.406
3.311467,0.0651,0.0494,0.6062,0.612
3.316338,0.1026,0.0249,0.6831,0.691
3.321585,0.0734,0.0241,0.6281,0.633
3.326289,0.0158,0.0277,0.5081,0.509
3.331357,-0.0557,0.0358,0.3425,0.349
3.336195,-0.0412,0.0580,0.1312,0.149
3.341743,-0.1076,0.1278,-0.1219,0.207
3.346763,-0.1355,0.1354,-0.2552,0.319
