0.001348,-0.0147,0.1809,-0.4132,0.451
0.005803,0.0411,0.1663,-0.5051,0.533
0.011078,0.0206,0.1568,-0.5262,0.549
0.016968,0.0099,0.0955,-0.4818,0.491
0.021130,0.1188,0.0585,-0.3719,0.395
0.025884,0.6560,-0.0070,0.1322,0.669
0.030956,0.3823,0.0895,0.0382,0.394
0.035787,0.1679,0.1236,-0.1268,0.244
0.041000,0.1361,0.0627,-0.3295,0.362
0.045905,0.1762,-0.0209,-0.6895,0.712
0.051035,0.2027,-0.0367,-0.9300,0.952
0.055835,0.1344,-0.1945,-0.7758,0.811
0.060733,0.1437,-0.2743,-0.5256,0.610
0.065807,0.2394,-0.2769,-0.3410,0.500
0.071062,0.2877,-0.1652,-0.2591,0.421
0.075715,0.3318,-0.1111,-0.3024,0.462
0.080664,0.2625,-0.1523,-0.2034,0.365
0.085598,0.2560,-0.1885,-0.1382,0.347
0.092762,0.2791,-0.2052,-0.1216,0.367
0.095744,0.2408,-0.1646,-0.1051,0.310
0.100762,0.1650,-0.1958,-0.0742,0.267
0.107068,0.1231,-0.2219,-0.0953,0.271
0.110670,0.0957,-0.2194,-0.0923,0.257
0.115587,0.0488,-0.1836,-0.1458,0.239
0.120632,0.0259,-0.1383,-0.2089,0.252
0.125656,0.0359,-0.1123,-0.2764,0.300
0.130608,-0.0020,-0.1387,-0.2863,0.318
0.135531,0.0503,-0.1504,-0.2729,0.316
0.140596,0.1115,-0.1238,-0.2217,0.277
0.145946,0.1625,-0.1355,-0.1989,0.290
0.150483,0.1469,-0.1280,-0.1245,0.231
0.155355,0.1219,-0.1109,-0.0315,0.168
0.160469,0.1160,-0.0798,-0.0197,0.142
0.165533,0.0149,-0.0871,0.0399,0.097
0.170932,-0.0191,-0.0895,0.0758,0.119
0.175456,-0.0153,-0.0590,0.1695,0.180
0.180313,-0.0165,-0.0383,0.2056,0.210
0.185425,-0.0416,-0.0131,0.2279,0.232
0.191925,-0.1191,-0.0643,0.2936,0.323
0.196023,-0.1585,-0.0346,0.2977,0.339
0.200384,-0.1697,0.0566,0.2978,0.347
0.205674,-0.1675,0.0754,0.3319,0.379
0.210342,-0.1372,0.0894,0.3088,0.350
0.215443,-0.1360,0.0842,0.2818,0.324
0.221001,-0.0970,0.0836,0.2934,0.320
0.225289,-0.1060,0.0734,0.2817,0.310
0.230225,-0.1342,0.0870,0.2607,0.306
0.235251,-0.1056,0.0957,0.2831,0.317
0.240190,-0.0390,0.0711,0.2623,0.275
0.245959,-0.0442,0.0658,0.2179,0.232
0.250197,-0.0537,0.0557,0.2547,0.266
0.255182,-0.0486,0.0885,0.2582,0.277
0.260041,-0.0815,0.0686,0.2764,0.296
0.265088,-0.1382,0.0629,0.3331,0.366
0.270902,-0.1565,0.0476,0.3471,0.384
0.275100,-0.1796,0.0321,0.3666,0.410
0.279923,-0.1885,0.0402,0.4106,0.454
0.284860,-0.1834,-0.0043,0.4122,0.451
0.292743,-0.2547,-0.0249,0.3909,0.467
0.295819,-0.2835,-0.0220,0.3851,0.479
0.299989,-0.3270,-0.0146,0.3658,0.491
0.305246,-0.3566,-0.0266,0.3427,0.495
0.309777,-0.3439,-0.0434,0.3203,0.472
0.315541,-0.3271,-0.0366,0.2751,0.429
0.320629,-0.3063,-0.0585,0.2641,0.409
0.324825,-0.3531,-0.1234,0.3253,0.496
0.329812,-0.3766,-0.1309,0.3581,0.536
0.334844,-0.3676,-0.1340,0.3679,0.537
0.339772,-0.3789,-0.1612,0.3881,0.566
0.344684,-0.3912,-0.1933,0.3853,0.582
0.349945,-0.4068,-0.2171,0.4382,0.636
0.354958,-0.3230,-0.2652,0.4201,0.593
0.359677,-0.2977,-0.2752,0.4030,0.572
0.364598,-0.2301,-0.2759,0.3676,0.514
0.369669,-0.2157,-0.3198,0.2901,0.483
0.375201,-0.2399,-0.2540,0.2275,0.417
0.383468,-0.2072,-0.2696,0.1367,0.366
0.384471,-0.2035,-0.2373,0.0364,0.315
0.389669,-0.1859,-0.2098,-0.0447,0.284
0.394704,-0.1636,-0.1870,-0.1260,0.279
0.399561,-0.1319,-0.2166,-0.1599,0.300
0.404807,-0.1337,-0.1885,-0.1943,0.302
0.409305,-0.1598,-0.1699,-0.2243,0.324
0.414673,-0.1957,-0.1894,-0.1829,0.328
0.419352,-0.2802,-0.2040,-0.1082,0.363
0.424442,-0.2987,-0.2043,0.0428,0.364
0.429390,-0.3327,-0.1952,0.1413,0.411
0.434665,-0.3488,-0.2437,0.2309,0.484
0.439430,-0.3999,-0.2114,0.3933,0.599
0.444276,-0.4237,-0.1940,0.5615,0.730
0.449382,-0.3924,-0.2061,0.6932,0.823
0.454246,-0.3970,-0.2192,0.8895,0.998
0.459182,-0.4420,-0.2094,1.1122,1.215
0.464210,-0.4369,-0.2581,1.2758,1.373
0.469252,-0.4342,-0.2603,1.4382,1.525
0.474280,-0.4768,-0.2206,1.6040,1.688
0.479603,-0.5656,-0.2353,1.6933,1.801
0.484312,-0.6620,-0.2225,1.7582,1.892
0.489776,-0.6704,-0.1727,1.7605,1.892
0.495286,-0.6627,-0.1289,1.7721,1.896
0.499877,-0.6962,-0.1340,1.8262,1.959
0.505673,-0.6745,-0.0298,1.8887,2.006
0.508991,-0.7190,0.1015,1.9955,2.124
0.513863,-0.7909,0.1838,2.1167,2.267
0.518923,-0.7896,0.2843,2.2434,2.395
0.524055,-0.7725,0.3072,2.3806,2.522
0.528964,-0.6777,0.3533,2.5673,2.679
0.534079,-0.4796,0.4898,2.7686,2.852
0.539215,-0.1899,0.6728,2.8588,2.943
0.543932,0.0884,0.8217,2.8025,2.922
0.548957,0.4281,0.8701,2.6802,2.850
0.554382,0.7825,0.9573,2.5052,2.794
0.558912,1.1384,1.1167,2.2767,2.780
0.564009,1.3261,1.2052,2.1733,2.817
0.568877,1.4293,1.3086,2.1747,2.913
0.573961,1.4204,1.3842,2.1730,2.942
0.578897,1.5436,1.4609,2.0627,2.962
0.583832,1.8136,1.5435,1.8383,3.008
0.590867,2.0826,1.5460,1.4464,2.970
0.593991,2.2899,1.4304,1.0562,2.899
0.599101,2.4441,1.3065,0.6711,2.852
0.603770,2.5896,1.2461,0.2929,2.889
0.608539,2.7457,1.2488,-0.0407,3.017
0.614207,2.8362,1.2761,-0.3782,3.133
0.618721,2.9904,1.3851,-0.7732,3.385
0.624051,3.1895,1.3651,-1.1662,3.660
0.628677,3.3669,1.2736,-1.6745,3.970
0.633540,3.4897,1.2442,-2.2289,4.324
0.638550,3.6630,1.2815,-2.6488,4.699
0.643573,3.7861,1.2706,-3.0366,5.017
0.649448,3.8161,1.2927,-3.3115,5.215
0.653709,3.8384,1.3048,-3.4991,5.355
0.658547,3.7729,1.2683,-3.5987,5.366
0.663424,3.7958,1.2697,-3.5106,5.324
0.668490,3.9502,1.1988,-3.3348,5.307
0.674004,4.0544,1.1085,-3.1617,5.260
0.678836,4.1328,0.9847,-2.9187,5.154
0.683415,4.0885,0.8661,-2.6995,4.975
0.688382,4.1451,0.7429,-2.5813,4.939
0.693665,4.2536,0.5392,-2.5242,4.975
0.699238,4.2233,0.3701,-2.6712,5.011
0.708232,4.0501,0.2408,-2.9167,4.997
0.709292,4.0163,0.0323,-3.2078,5.140
0.713217,4.0383,-0.1974,-3.4949,5.344
0.718243,4.0502,-0.4191,-3.7954,5.566
0.723404,3.8679,-0.7180,-4.1641,5.729
0.728598,3.5538,-1.0696,-4.3891,5.748
0.734013,3.2798,-1.4731,-4.3634,5.654
0.738153,2.8682,-1.8468,-4.2280,5.433
0.743274,2.4056,-2.1718,-4.0650,5.199
0.748322,1.7097,-2.5623,-3.9086,4.976
0.753846,1.0007,-2.9994,-3.7498,4.905
0.758306,0.2668,-3.2924,-3.6203,4.901
0.763274,-0.5663,-3.4850,-3.6002,5.043
0.768026,-1.5343,-3.6642,-3.8851,5.556
0.773185,-2.6913,-3.8599,-4.4078,6.447
0.778920,-3.8091,-4.0668,-5.0855,7.544
0.783143,-4.9081,-4.2576,-5.5702,8.558
0.787942,-5.8479,-4.4145,-5.6817,9.272
0.793420,-3.7391,-6.9454,-4.4986,9.081
0.798025,-1.9901,-8.6657,2.0922,9.134
0.805115,-8.6082,-3.4068,4.6772,10.372
0.808005,-10.7703,-4.2796,-1.1670,11.648
0.812781,-9.9481,-6.0028,-4.3784,12.416
0.817775,-10.6424,-5.6822,-5.9255,13.441
0.823227,-12.6490,-5.5346,-6.0019,15.055
0.829058,-14.8332,-6.4374,-4.5440,16.796
0.832936,-16.7370,-7.7354,-2.7640,18.644
0.837895,-18.4269,-8.7564,-1.4655,20.454
0.843036,-19.1965,-9.6968,-0.6492,21.516
0.848041,-18.9355,-10.9032,-0.5263,21.857
0.853742,-18.4364,-12.0842,-1.1912,22.076
0.857700,-17.9161,-13.2633,-2.3480,22.415
0.862746,-17.1303,-14.2421,-3.7185,22.586
0.867786,-16.1331,-15.0177,-4.9955,22.600
0.873693,-14.9711,-15.7980,-5.8821,22.546
0.883091,-13.6662,-16.6298,-6.2944,22.426
0.884413,-12.5259,-17.2921,-6.2818,22.257
0.888204,-11.5509,-17.8042,-6.2471,22.123
0.892603,-10.8258,-18.3243,-6.3985,22.224
0.897602,-10.1209,-18.8609,-6.7539,22.445
0.902442,-8.7540,-18.9946,-7.4618,22.206
0.907470,-5.7437,-18.5243,-8.9243,21.349
0.912862,-1.0881,-17.1058,-11.5931,20.693
0.917539,4.5414,-14.7786,-15.0593,21.583
0.923065,11.0651,-11.5489,-18.5374,24.484
0.927453,18.8167,-7.0530,-22.0594,29.840
0.932468,27.0592,-1.8311,-25.0210,36.900
0.942298,34.6112,3.2955,-27.0658,44.061
0.942807,40.6897,7.2825,-27.2503,49.510
0.947555,45.3163,9.7889,-25.4736,52.899
0.952415,47.0021,11.5694,-21.7696,53.075
0.957322,45.0547,12.9501,-16.2834,49.626
0.962299,41.2082,13.4433,-10.8799,44.690
0.967274,36.3698,12.9449,-6.6533,39.174
0.972373,31.0515,12.1338,-3.3333,33.504
0.977282,26.6713,11.0543,-1.0787,28.891
0.982240,22.9654,9.6557,-0.0542,24.913
0.988077,19.2963,7.9718,0.2070,20.879
0.992513,15.7140,6.1879,0.0943,16.889
0.997194,12.7453,4.3560,-0.3393,13.473
1.002014,10.3725,2.5651,-0.9588,10.728
1.007161,8.3637,0.8561,-1.3598,8.517
1.012111,6.8706,-1.0397,-1.7780,7.173
1.017166,5.1569,-3.1436,-2.3003,6.463
1.022160,2.7611,-5.0729,-3.0398,6.527
1.027131,-0.2255,-6.8835,-4.2255,8.080
1.032069,-3.7690,-8.7554,-5.7150,11.114
1.037119,-7.8859,-10.3394,-6.8027,14.675
1.041972,-12.2694,-11.9393,-7.1720,18.561
1.047237,-16.7788,-13.2917,-6.5155,22.375
1.052361,-21.2085,-13.9925,-4.6458,25.830
1.057650,-25.1880,-14.0567,-2.1978,28.928
1.064869,-28.4289,-13.9725,-0.0131,31.677
1.067010,-30.6047,-14.3740,1.7974,33.860
1.071963,-32.2091,-15.0165,3.1715,35.679
1.076896,-33.3368,-15.4146,4.1212,36.959
1.081804,-33.8840,-16.1275,4.5435,37.800
1.089761,-33.1471,-17.3171,3.7760,37.588
1.091849,-30.8623,-18.9789,1.1614,36.250
1.101445,-27.9301,-20.6768,-2.1991,34.820
1.102102,-25.0487,-21.8030,-5.5765,33.674
1.106890,-22.3415,-22.4617,-8.5626,32.817
1.113320,-19.8723,-22.7468,-10.9483,32.128
1.116724,-17.1290,-22.9509,-12.6492,31.307
1.125723,-13.9733,-23.0524,-13.6623,30.221
1.127790,-10.3391,-22.6779,-14.1191,28.645
1.135678,-6.2985,-21.8755,-14.3441,26.906
1.141056,-1.9999,-20.9085,-14.0793,25.286
1.141639,2.0663,-19.1246,-13.4268,23.459
1.146677,6.8420,-15.8448,-13.3284,21.806
1.151440,13.5678,-11.8928,-14.7647,23.313
1.156750,20.8625,-7.6593,-17.0401,28.005
1.163766,27.3644,-3.3500,-18.8390,33.391
1.167056,32.4605,0.7744,-19.3214,37.784
1.171510,35.7843,4.7516,-18.4611,40.545
1.176753,38.1043,8.3356,-16.0306,42.171
1.181386,40.5272,11.0391,-12.8841,43.935
1.189548,42.3512,12.5502,-10.0082,45.291
1.191409,42.1719,13.1637,-7.7062,44.846
1.198421,39.8716,13.2344,-5.9089,42.424
1.201248,36.3685,13.0076,-4.5997,38.898
1.206204,32.4062,12.4542,-3.8235,34.927
1.212014,28.3449,11.2767,-3.3283,30.687
1.216256,24.5345,9.5406,-2.6711,26.459
1.221199,20.7400,7.5439,-1.9349,22.154
1.226237,16.7557,5.4789,-1.1412,17.666
1.231850,13.0572,3.3068,-0.6271,13.484
1.241274,9.7350,1.1517,-0.6780,9.826
1.241688,6.9800,-0.8975,-1.2410,7.146
1.246142,4.5387,-2.8487,-2.1005,5.756
1.251423,1.9260,-4.7234,-3.0087,5.922
1.256321,-0.7687,-6.3894,-3.7956,7.471
1.261520,-3.3501,-7.8026,-4.3641,9.547
1.266108,-5.8917,-8.8117,-4.7853,11.630
1.271081,-8.1893,-9.3672,-5.0460,13.427
1.276121,-10.2918,-9.6124,-5.0962,14.976
1.281109,-11.9925,-9.5479,-4.8137,16.067
1.289051,-13.0396,-9.2933,-4.2814,16.575
1.291198,-13.3067,-8.8818,-4.2795,16.561
1.299181,-12.9776,-8.6381,-3.7348,16.031
1.301065,-12.3195,-8.3878,-2.9761,15.198
1.305920,-11.5495,-8.1525,-2.1629,14.301
1.311395,-10.5985,-7.9527,-1.5788,13.344
1.316006,-9.5982,-7.6787,-1.2189,12.352
1.320856,-8.6566,-7.3019,-1.1467,11.383
1.326067,-7.7268,-6.9608,-1.2347,10.473
1.331202,-6.9156,-6.5350,-1.4274,9.621
1.336510,-6.2147,-6.0905,-1.8941,8.905
1.340759,-5.4725,-5.6738,-2.5276,8.278
1.345801,-4.6051,-5.2939,-3.0609,7.655
1.350796,-3.7872,-4.9303,-3.4775,7.123
1.355808,-3.0355,-4.6542,-3.6635,6.656
1.361807,-2.3909,-4.3501,-3.6147,6.141
1.366002,-1.8995,-4.0081,-3.4943,5.647
1.370731,-1.5163,-3.6041,-3.2979,5.115
1.375676,-1.1700,-3.2626,-3.0583,4.622
1.380763,-0.9311,-2.9595,-2.6753,4.097
1.389587,-0.7275,-2.6852,-2.2920,3.605
1.391159,-0.5299,-2.3104,-1.8310,2.995
1.399539,-0.4242,-1.9980,-1.3444,2.445
1.400623,-0.3473,-1.7574,-0.9321,2.019
1.406140,-0.2090,-1.5265,-0.5594,1.639
1.412242,-0.0565,-1.3100,-0.3120,1.348
1.415992,0.1492,-1.0791,-0.0699,1.092
1.420621,0.3033,-0.9103,0.0860,0.963
1.425605,0.4015,-0.6886,0.1797,0.817
1.431006,0.4590,-0.4667,0.2587,0.704
1.435569,0.5757,-0.1824,0.2226,0.644
1.440529,0.5945,0.0496,0.2097,0.632
1.445701,0.6302,0.1956,0.2537,0.707
1.450555,0.6447,0.3564,0.2589,0.781
1.455423,0.6430,0.5748,0.2637,0.902
1.460561,0.6446,0.7169,0.3017,1.010
1.465475,0.6344,0.8067,0.3253,1.077
1.470386,0.5987,0.9876,0.3775,1.215
1.475547,0.5995,1.1447,0.4582,1.371
1.480380,0.5121,1.2303,0.5769,1.452
1.485423,0.4943,1.3207,0.6333,1.546
1.490791,0.4836,1.3683,0.6706,1.599
1.496541,0.4798,1.4257,0.6985,1.659
1.500327,0.5692,1.4545,0.7167,1.719
1.506016,0.6512,1.4884,0.6773,1.760
1.510205,0.6588,1.4747,0.6856,1.755
1.515495,0.8220,1.4326,0.7224,1.803
1.520260,0.8969,1.3527,0.6920,1.764
1.525320,1.0129,1.3211,0.6474,1.786
1.530181,1.1992,1.2709,0.5979,1.847
1.535099,1.2693,1.1590,0.4815,1.785
1.540052,1.3237,1.0669,0.3841,1.743
1.545231,1.4199,0.9419,0.2959,1.729
1.550101,1.5961,0.8273,0.1544,1.804
1.555405,1.7237,0.7231,-0.0549,1.870
1.559987,1.7070,0.6294,-0.2461,1.836
1.565077,1.6128,0.4982,-0.4243,1.741
1.570450,1.4406,0.2819,-0.5563,1.570
1.575283,1.1660,0.0809,-0.6564,1.341
1.580240,0.8937,-0.1336,-0.7678,1.186
1.584857,0.6714,-0.3949,-0.8520,1.154
1.590031,0.4070,-0.7127,-0.9618,1.264
1.598142,0.1139,-1.0824,-1.1500,1.583
1.600023,-0.1658,-1.4847,-1.3448,2.010
1.605237,-0.6346,-1.9725,-1.3832,2.491
1.609695,-1.2745,-2.4983,-1.3794,3.125
1.614911,-1.9040,-3.1385,-1.4580,3.950
1.620011,-2.8611,-3.7551,-1.5603,4.972
1.624762,-4.2400,-4.5544,-1.5513,6.413
1.629629,-6.4703,-5.5373,-1.2619,8.609
1.635142,-9.7486,-6.6282,-0.7906,11.815
1.639753,-13.5408,-7.7759,-0.2404,15.616
1.644997,-17.4500,-8.8190,0.5785,19.560
1.649967,-21.4557,-10.1121,1.4751,23.765
1.656712,-25.2262,-12.0897,2.7027,28.104
1.659635,-28.7017,-14.8010,4.1345,32.557
1.668961,-31.1832,-17.7564,5.1574,36.253
1.671360,-32.4062,-20.8847,5.3762,38.926
1.674635,-32.7893,-24.4469,4.0976,41.105
1.679548,-32.2872,-28.2846,1.2869,42.943
1.684618,-30.4193,-31.7086,-2.5792,44.016
1.689541,-27.3571,-34.3210,-7.5268,44.531
1.699253,-23.0847,-35.8593,-13.3262,44.681
1.699877,-17.7039,-36.0290,-18.8774,44.361
1.705043,-11.7774,-34.8720,-23.2982,43.561
1.709755,-5.2978,-32.8841,-25.9127,42.201
1.714537,1.1052,-29.9691,-26.0743,39.740
1.721268,7.5246,-25.9741,-24.8483,36.725
1.724461,15.8583,-21.1581,-24.8139,36.261
1.732798,26.2771,-16.1396,-27.0580,41.026
1.734437,36.4904,-10.9669,-28.6902,47.696
1.739793,45.1455,-4.6928,-29.5578,54.165
1.745996,52.0342,1.3963,-29.7387,59.949
1.749258,56.8196,6.4951,-29.2366,64.230
1.756693,59.5406,10.6497,-28.7457,66.969
1.759413,59.4548,13.5341,-27.7990,67.014
1.764357,55.6171,15.5993,-25.3474,63.080
1.770924,48.8880,16.9397,-21.5590,56.052
1.774421,41.2888,17.0520,-17.1750,47.859
1.779124,34.6363,15.8519,-13.3560,40.365
1.784095,29.1742,13.6239,-10.3515,33.822
1.789129,23.8652,10.9984,-7.8327,27.420
1.796004,18.5603,8.4946,-5.9413,21.259
1.798976,13.7413,6.0360,-4.8278,15.766
1.805979,9.7909,3.4317,-4.4679,11.296
1.808998,6.4472,0.7578,-4.3904,7.837
1.814982,3.4818,-1.8138,-4.3767,5.879
1.825967,0.6399,-4.4588,-4.3465,6.260
1.826440,-2.6014,-6.9044,-3.9933,8.390
1.831923,-6.0934,-8.8434,-3.0095,11.153
1.833806,-9.0993,-10.3484,-1.8203,13.900
1.840242,-11.1144,-11.3917,-0.7527,15.933
1.848389,-12.2837,-11.9525,0.1801,17.140
1.848907,-12.8511,-12.2934,0.5983,17.794
1.854061,-12.9041,-12.2504,0.4853,17.800
1.858856,-12.6222,-11.9439,-0.0890,17.378
1.863767,-12.2677,-11.4339,-1.0263,16.801
1.868803,-11.9077,-10.7278,-2.0495,16.158
1.874415,-11.4942,-9.8997,-2.9823,15.460
1.878832,-10.8782,-9.1521,-3.8829,14.737
1.883830,-10.0263,-8.4236,-4.6552,13.898
1.889319,-9.1545,-7.6820,-5.3297,13.085
1.899470,-8.3677,-7.0806,-5.7942,12.399
1.899999,-7.5733,-6.5383,-5.9652,11.649
1.903857,-6.7605,-5.8928,-5.8973,10.733
1.908521,-6.0289,-5.3785,-5.6447,9.856
1.913607,-5.3353,-4.9812,-5.1398,8.927
1.918541,-4.3942,-4.6050,-4.5907,7.848
1.923703,-3.6128,-4.3313,-3.6981,6.745
1.928510,-2.9908,-4.1317,-2.5037,5.682
1.934283,-2.4754,-3.9394,-1.1149,4.784
1.938321,-2.0327,-3.7361,0.4087,4.273
1.943521,-1.7250,-3.5515,1.8128,4.345
1.948454,-1.4836,-3.3621,2.9736,4.727
1.953508,-1.0784,-3.0970,3.7984,5.018
1.958624,-0.6187,-2.7523,4.2548,5.105
1.963608,-0.2805,-2.4240,4.3385,4.978
1.968645,-0.1012,-2.0020,4.0728,4.539
1.973720,0.0108,-1.6732,3.5816,3.953
1.978453,0.1674,-1.4464,3.0206,3.353
1.983406,0.2396,-1.1492,2.4418,2.709
1.989463,0.1895,-0.8483,1.9352,2.121
1.998111,0.1080,-0.5867,1.5185,1.631
1.998505,-0.0244,-0.3879,1.1000,1.167
2.003351,-0.1895,-0.2899,0.7128,0.793
2.008141,-0.4301,-0.2016,0.4754,0.672
2.013280,-0.5797,-0.1180,0.2682,0.650
2.018216,-0.7297,-0.0488,0.0430,0.733
2.023356,-0.8663,0.0350,-0.1289,0.877
2.028313,-0.8894,0.0999,-0.2099,0.919
2.033353,-0.8667,0.1076,-0.2909,0.921
2.038099,-0.7832,0.0202,-0.3583,0.861
2.043810,-0.8356,-0.0666,-0.3349,0.903
2.048667,-0.8567,-0.1293,-0.1869,0.886
2.054175,-0.8278,-0.1777,0.0239,0.847
2.065123,-0.7783,-0.1787,0.3031,0.854
2.065709,-0.7846,-0.1900,0.5602,0.983
2.070409,-0.8324,-0.2261,0.7381,1.135
2.073130,-0.8792,-0.2059,0.8184,1.219
2.078044,-0.8914,-0.1247,0.8678,1.250
2.083180,-0.9024,-0.1308,0.9147,1.292
2.087907,-0.8691,-0.0517,0.8534,1.219
2.092931,-0.7911,0.0984,0.6981,1.060
2.098009,-0.6243,0.2625,0.4996,0.842
2.110100,-0.3536,0.3550,0.2144,0.545
2.110478,-0.1695,0.4146,-0.1106,0.461
2.113572,-0.0428,0.3842,-0.3325,0.510
2.117670,-0.0548,0.3214,-0.4081,0.522
2.123121,-0.1004,0.2692,-0.3471,0.451
2.127974,-0.1988,0.1700,-0.1973,0.328
2.132904,-0.3074,0.0524,0.0802,0.322
2.137696,-0.3934,-0.0697,0.3186,0.511
2.142804,-0.4333,-0.1153,0.5906,0.741
2.147806,-0.3697,-0.1852,0.8921,0.983
2.153013,-0.2410,-0.2368,1.0945,1.145
2.157699,-0.1526,-0.2651,1.2889,1.325
2.162766,-0.0897,-0.2658,1.4472,1.474
2.167613,-0.0666,-0.2103,1.5602,1.576
2.173399,-0.0303,-0.1465,1.5898,1.597
2.178134,0.0191,-0.1175,1.5359,1.540
2.182775,0.0673,-0.0513,1.4269,1.429
2.187515,0.0619,0.0046,1.3006,1.302
2.192551,0.0654,0.0741,1.1423,1.147
2.197660,0.0490,0.1479,0.9850,0.997
2.207579,-0.0349,0.2692,0.7663,0.813
2.207904,-0.1530,0.2897,0.6054,0.688
2.212490,-0.2335,0.2720,0.5164,0.629
2.217499,-0.2476,0.2497,0.5083,0.618
2.222772,-0.2958,0.1558,0.5574,0.650
2.227944,-0.3112,0.0762,0.5971,0.678
2.232770,-0.1978,0.0877,0.6416,0.677
2.237478,-0.0656,0.0751,0.6097,0.618
2.242663,0.0382,0.0242,0.5734,0.575
2.247412,0.1182,-0.0220,0.5758,0.588
2.253017,0.1601,-0.0491,0.5739,0.598
2.257345,0.1736,-0.0430,0.6206,0.646
2.262322,0.1875,-0.0467,0.5914,0.622
2.267555,0.1488,-0.0603,0.5773,0.599
2.272501,0.1871,-0.0358,0.5209,0.555
2.277994,0.2352,-0.0498,0.4220,0.486
2.282213,0.2882,-0.0400,0.3571,0.461
2.287057,0.2458,-0.0399,0.2114,0.327
2.292264,0.1219,-0.0543,0.0853,0.158
2.297552,-0.0217,-0.0497,0.0314,0.063
2.311682,-0.1565,-0.0739,-0.0365,0.177
2.312035,-0.2978,-0.0935,-0.0895,0.325
2.312179,-0.4412,-0.1373,-0.1469,0.485
2.317112,-0.5676,-0.1957,-0.1271,0.614
2.322100,-0.5862,-0.2018,-0.0826,0.625
2.328058,-0.5064,-0.2512,-0.0995,0.574
2.332356,-0.4041,-0.2769,-0.1685,0.518
2.336960,-0.2600,-0.3265,-0.2564,0.490
2.342105,-0.0970,-0.3854,-0.3828,0.552
2.347220,0.0374,-0.3576,-0.4428,0.570
2.351976,0.1966,-0.3487,-0.4122,0.575
2.356994,0.8137,-0.4454,0.0307,0.928
2.361918,1.5214,-0.4805,0.7337,1.756
2.366891,1.1106,-0.2096,0.7427,1.352
2.372103,0.5957,-0.0295,0.3055,0.670
2.376921,0.7728,-0.1365,0.2514,0.824
2.383517,0.9382,-0.2292,0.4325,1.058
2.392516,0.7081,-0.1452,0.5281,0.895
2.400176,0.4643,-0.0708,0.5039,0.689
2.400485,0.3980,-0.1064,0.4605,0.618
2.401806,0.2936,-0.0942,0.3598,0.474
2.406618,0.1559,-0.0964,0.2019,0.273
2.411748,0.0371,-0.1513,0.1594,0.223
2.416667,-0.0437,-0.1298,0.1748,0.222
2.421803,-0.1158,-0.1947,0.2339,0.326
2.426675,-0.1502,-0.1977,0.2508,0.353
2.432241,-0.1083,-0.2346,0.2926,0.390
2.436732,-0.0570,-0.2335,0.2777,0.367
2.441869,0.0233,-0.2230,0.1820,0.289
2.446800,0.0658,-0.2079,0.1682,0.275
2.451720,0.1235,-0.1594,0.1258,0.238
2.456766,0.1442,-0.0773,0.0544,0.172
2.461591,0.2571,-0.0380,0.0304,0.262
2.466874,0.3427,0.0350,0.0772,0.353
2.471606,0.3820,0.0655,0.0844,0.397
2.476382,0.3797,0.1491,0.0230,0.409
2.481485,0.3164,0.2669,-0.1310,0.434
2.491454,0.1584,0.3184,-0.2725,0.448
2.491988,0.0489,0.3372,-0.3440,0.484
2.500212,-0.0412,0.2848,-0.3452,0.449
2.501454,-0.1266,0.2521,-0.2662,0.388
2.506128,-0.1931,0.1958,-0.1403,0.309
2.511279,-0.2217,0.2068,-0.0915,0.317
2.516246,-0.1450,0.1366,-0.0287,0.201
2.521394,-0.0587,0.0570,-0.0477,0.095
2.526155,-0.0056,0.0447,-0.0478,0.066
2.531625,0.0336,0.0468,-0.0769,0.096
2.536106,0.0733,0.0250,-0.0343,0.085
2.541419,0.1088,0.0369,-0.0111,0.115
2.546329,0.1306,0.0391,-0.0022,0.136
2.551627,0.1289,0.0556,0.0739,0.159
2.556348,0.1851,0.0769,0.0590,0.209
2.561227,0.1747,0.0502,0.0727,0.196
2.566499,0.1500,0.0907,0.0289,0.178
2.571383,0.0873,0.0595,-0.0247,0.108
2.576334,0.0100,0.0573,-0.1028,0.118
2.581320,-0.1204,0.0649,-0.0903,0.164
2.589325,-0.2448,0.0246,-0.0775,0.258
2.591593,-0.3599,0.0177,-0.0408,0.363
2.596690,-0.4564,0.0109,-0.0327,0.458
2.601013,-0.4869,-0.0531,0.0042,0.490
2.606012,-0.4852,-0.0787,0.0412,0.493
2.611545,-0.3942,-0.0853,0.0691,0.409
2.616032,-0.3429,-0.1159,0.1161,0.380
2.620933,-0.2831,-0.1273,0.0918,0.324
2.625948,-0.2527,-0.1766,0.0345,0.310
2.631028,-0.2612,-0.2588,0.0538,0.372
2.636615,-0.2795,-0.2881,0.0683,0.407
2.641288,-0.2503,-0.3221,0.0688,0.414
2.645909,-0.1883,-0.3511,0.1549,0.427
2.651094,-0.1125,-0.3658,0.2503,0.457
2.655947,-0.0607,-0.3378,0.2979,0.454
2.661155,-0.0471,-0.2816,0.3026,0.416
2.665803,0.0003,-0.2784,0.2839,0.398
2.670823,0.0577,-0.2847,0.2512,0.384
2.675782,0.0250,-0.2625,0.1950,0.328
2.681050,-0.0211,-0.2546,0.2198,0.337
2.690261,0.0719,-0.2135,0.2395,0.329
2.690976,0.0412,-0.0919,0.2352,0.256
2.697281,0.0160,-0.0427,0.2644,0.268
2.700605,0.0529,0.0299,0.2647,0.272
2.705736,0.1326,0.0971,0.2367,0.288
2.711063,0.1835,0.1162,0.2281,0.315
2.715608,0.2059,0.1777,0.2863,0.395
2.720560,0.2142,0.1957,0.3302,0.440
2.725462,0.2415,0.1753,0.3792,0.483
2.730736,0.2733,0.2262,0.3427,0.493
2.735917,0.3336,0.2765,0.2115,0.482
2.740580,0.3224,0.2934,0.0763,0.443
2.745430,0.2876,0.2867,-0.1251,0.425
2.750444,0.2246,0.2947,-0.2352,0.439
2.755496,0.0952,0.3266,-0.2739,0.437
2.760802,0.0187,0.3112,-0.3272,0.452
2.765330,-0.0436,0.2771,-0.3380,0.439
2.770315,-0.0868,0.2104,-0.3255,0.397
2.775418,-0.1729,0.1109,-0.2371,0.314
2.780442,-0.2256,0.0217,-0.0781,0.240
2.788262,-0.2259,-0.0717,0.1135,0.263
2.790356,-0.1600,-0.1649,0.2808,0.363
2.796208,-0.2137,-0.2056,0.4054,0.502
2.800196,-0.2150,-0.2372,0.4924,0.587
2.805731,-0.1168,-0.2549,0.4946,0.569
2.810452,-0.0100,-0.2444,0.4409,0.504
2.815242,0.0344,-0.1915,0.3074,0.364
2.820365,0.0597,-0.1296,0.1372,0.198
2.825242,0.0757,-0.0824,0.0157,0.113
2.830689,0.0299,-0.0210,-0.0960,0.103
2.836519,0.0560,-0.0072,-0.1364,0.148
2.840444,-0.0086,0.0068,-0.2011,0.201
2.845255,-0.0634,-0.0312,-0.2374,0.248
2.850374,-0.0753,-0.0686,-0.2409,0.262
2.855214,-0.0827,-0.0769,-0.1737,0.207
2.861110,-0.1143,-0.0945,-0.1310,0.198
2.865074,-0.1222,-0.0884,-0.0457,0.158
2.869964,-0.1354,-0.1109,0.0204,0.176
2.875192,-0.1584,-0.1146,0.0485,0.201
2.880112,-0.2438,-0.1089,0.0436,0.271
2.884932,-0.3821,-0.1368,0.0158,0.406
2.890172,-0.3589,-0.1504,0.0266,0.390
2.898294,-0.5080,-0.2212,0.1283,0.569
2.899936,-0.6817,-0.3108,0.1732,0.769
2.905387,-0.6042,-0.3528,0.2382,0.739
2.909789,-0.5572,-0.3761,0.4421,0.805
2.914889,-0.4167,-0.3572,0.5463,0.774
2.919777,-0.2736,-0.3105,0.4847,0.637
2.924859,-0.0746,-0.2359,0.3150,0.401
2.929787,0.1234,-0.0907,0.1657,0.226
2.934748,0.2687,0.0203,-0.0162,0.270
2.939987,0.4001,0.0929,-0.0934,0.421
2.944754,0.4800,0.1371,-0.1903,0.534
2.949702,0.5040,0.1959,-0.1838,0.571
2.955281,0.5960,0.2833,-0.2121,0.693
2.959747,0.6128,0.3041,-0.2225,0.719
2.964750,0.6644,0.3871,-0.2535,0.810
2.969618,0.5601,0.4226,-0.3192,0.771
2.974646,0.3291,0.3635,-0.3766,0.618
2.979928,0.1474,0.2865,-0.4299,0.537
2.984533,0.0190,0.1674,-0.3644,0.401
2.989922,-0.0473,0.1111,-0.2421,0.271
2.996624,-0.0328,0.0263,0.0038,0.042
2.999752,-0.0239,-0.0731,0.4115,0.419
3.005225,-0.0350,-0.1681,0.8568,0.874
3.009303,0.0958,-0.1591,0.9403,0.958
3.014833,0.0541,-0.1179,0.7877,0.798
3.019463,0.0361,-0.0395,0.5473,0.550
3.024336,-0.0820,0.0429,0.2761,0.291
3.029517,-0.1044,0.0391,0.0592,0.126
3.034317,-0.0031,0.0549,-0.1996,0.207
3.039500,-0.1642,0.0902,-0.4246,0.464
3.044468,-0.1718,0.0595,-0.4356,0.472
3.049301,0.1636,0.0676,-0.3718,0.412
3.054215,0.0740,0.1424,-0.2285,0.279
3.059395,-0.1244,0.1215,0.0373,0.178
3.065772,-0.0262,-0.0653,-0.0987,0.121
3.069214,0.0867,-0.1832,-0.7628,0.789
3.074753,0.0617,-0.0571,-0.6346,0.640
3.079249,0.0320,0.0346,0.0817,0.094
3.084091,0.1450,0.0254,0.5366,0.556
3.089295,0.1146,0.0063,0.5896,0.601
3.096914,-0.0394,-0.0652,0.4719,0.478
3.099242,-0.0118,-0.0842,0.4178,0.426
3.107429,-0.0609,-0.0509,0.4310,0.438
3.109030,-0.0818,0.0151,0.3498,0.360
3.113968,0.0736,0.0710,0.2220,0.244
3.119298,0.4332,0.1262,0.1857,0.488
3.123996,0.0297,0.1808,0.1740,0.253
3.128935,-0.1000,-0.0361,0.3577,0.373
3.134344,0.1469,-0.1944,0.3550,0.431
3.139263,0.0214,-0.0712,0.1959,0.209
3.144372,-0.0887,0.0700,0.0097,0.113
3.148917,0.1069,-0.0182,0.1148,0.158
3.153842,0.3110,0.1420,0.0088,0.342
3.158930,0.0715,0.4111,-0.5738,0.709
