0.002429,0.0241,0.2330,-0.3220,0.398
0.006945,0.0650,0.2076,-0.2632,0.341
0.009058,0.0776,0.1399,-0.2012,0.257
0.013504,0.1239,0.1206,-0.1408,0.223
0.018391,0.0892,0.0874,-0.0723,0.144
0.023459,0.0172,0.0641,-0.0049,0.067
0.028451,0.0220,0.0268,0.0047,0.035
0.033762,-0.0065,-0.0101,0.0377,0.040
0.038372,0.0034,-0.0276,0.0228,0.036
0.043591,-0.0200,-0.0546,0.0509,0.077
0.048762,0.1570,-0.1338,0.1887,0.280
0.053413,0.2380,-0.1222,0.3117,0.411
0.058476,0.3667,-0.0397,0.2916,0.470
0.063337,0.2285,-0.0722,0.3347,0.412
0.068595,0.2962,-0.1667,0.6501,0.734
0.073335,0.3163,-0.1898,0.7987,0.880
0.078314,0.1794,-0.1752,0.7006,0.744
0.083301,0.1098,-0.1846,0.5948,0.632
0.088397,0.0118,-0.2037,0.4573,0.501
0.093724,-0.0716,-0.2417,0.3308,0.416
0.098271,-0.0928,-0.2271,0.1533,0.289
0.103140,-0.0667,-0.1840,0.0863,0.214
0.108544,-0.0840,-0.2315,0.0337,0.249
0.115627,-0.1204,-0.2355,-0.0383,0.267
0.118069,-0.1047,-0.2441,-0.0626,0.273
0.123411,-0.0846,-0.2572,-0.0780,0.282
0.128469,-0.1032,-0.2415,-0.0319,0.265
0.133123,-0.1078,-0.1973,0.0133,0.225
0.138067,-0.1127,-0.2009,0.0720,0.241
0.143035,-0.0704,-0.2423,0.1396,0.288
0.148447,-0.0196,-0.2312,0.2209,0.320
0.153622,-0.0218,-0.2581,0.2731,0.376
0.157929,-0.0151,-0.3277,0.3255,0.462
0.162938,0.0056,-0.3256,0.3733,0.495
0.168060,-0.0027,-0.3428,0.4166,0.540
0.173088,0.0029,-0.3552,0.4367,0.563
0.178118,0.0083,-0.3725,0.4432,0.579
0.182998,-0.0151,-0.3613,0.4266,0.559
0.187918,-0.0436,-0.3600,0.3590,0.510
0.192845,-0.0961,-0.3399,0.3355,0.487
0.198266,-0.1106,-0.3057,0.2650,0.419
0.203039,-0.1445,-0.2957,0.2050,0.388
0.207983,-0.1738,-0.3000,0.1362,0.372
0.213295,-0.1651,-0.3042,0.0726,0.354
0.217944,-0.2043,-0.2657,0.0335,0.337
0.224672,-0.2769,-0.2322,-0.0195,0.362
0.227953,-0.3352,-0.1894,-0.0578,0.389
0.233029,-0.3986,-0.1421,-0.0721,0.429
0.237619,-0.4243,-0.0999,-0.1150,0.451
0.242763,-0.4410,-0.0816,-0.0675,0.454
0.247655,-0.4443,-0.0540,-0.0628,0.452
0.253151,-0.4485,-0.0266,-0.0439,0.451
0.257656,-0.4104,0.0434,0.0177,0.413
0.262542,-0.3968,0.0225,0.0697,0.404
0.267657,-0.3598,0.0017,0.0646,0.366
0.272965,-0.3517,-0.0332,0.0598,0.358
0.278070,-0.3773,-0.0156,0.0363,0.379
0.282798,-0.4030,0.0162,0.0177,0.404
0.287496,-0.3671,0.0003,-0.0150,0.367
0.292585,-0.3413,0.0083,0.0000,0.341
0.297815,-0.3159,0.0164,0.0102,0.316
0.303087,-0.2999,0.0006,0.0200,0.301
0.307613,-0.2891,-0.0055,0.0203,0.290
0.312390,-0.2880,-0.0162,0.0301,0.290
0.317403,-0.2537,-0.0220,0.0305,0.256
0.324480,-0.2673,-0.0089,0.0311,0.269
0.327963,-0.2524,-0.0244,0.0939,0.270
0.332755,-0.1898,0.0314,0.0662,0.203
0.337221,-0.1901,-0.0084,0.0395,0.194
0.342096,-0.2047,-0.0004,0.0134,0.205
0.347332,-0.1907,0.0028,-0.0263,0.192
0.352780,-0.2197,0.0106,-0.0936,0.239
0.357178,-0.2582,0.0231,-0.1745,0.312
0.362258,-0.2630,0.0451,-0.2360,0.356
0.367398,-0.2731,0.0623,-0.2968,0.408
0.372235,-0.2740,0.0604,-0.3669,0.462
0.378100,-0.2608,0.0587,-0.3893,0.472
0.382296,-0.2669,0.0288,-0.4406,0.516
0.387139,-0.2255,0.0373,-0.4778,0.530
0.392179,-0.1889,0.0554,-0.4776,0.517
0.397321,-0.1767,0.0308,-0.4779,0.510
0.402996,-0.1836,0.0256,-0.4692,0.504
0.407223,-0.1668,-0.0032,-0.4325,0.464
0.412183,-0.1598,0.0254,-0.3535,0.389
0.416962,-0.1438,0.0680,-0.2749,0.318
0.422101,-0.1469,0.0438,-0.2113,0.261
0.431668,-0.1031,0.0341,-0.1571,0.191
0.432274,-0.0840,0.0529,-0.1169,0.153
0.436825,-0.0607,0.0668,-0.0480,0.102
0.441813,-0.0762,0.0758,-0.0359,0.113
0.446847,-0.0876,0.1132,0.0057,0.143
0.451754,-0.0136,0.1691,0.0525,0.178
0.456942,0.0871,0.1961,0.0432,0.219
0.461687,0.1339,0.2276,-0.0032,0.264
0.466703,0.1942,0.2446,-0.0296,0.314
0.471640,0.3011,0.2805,-0.0837,0.420
0.476602,0.4070,0.3685,-0.0992,0.558
0.481737,0.6173,0.4367,-0.0814,0.761
0.486627,0.7976,0.5186,-0.0680,0.954
0.491703,0.9396,0.6092,-0.0166,1.120
0.496876,1.0294,0.6894,-0.0035,1.239
0.501712,1.1438,0.8116,0.0047,1.403
0.506640,1.2353,0.8472,0.0078,1.498
0.513443,1.3614,0.9155,0.0151,1.641
0.516704,1.5544,1.0605,0.0606,1.883
0.521630,1.7064,1.1762,0.1247,2.076
0.526474,1.7408,1.2245,0.1930,2.137
0.531495,1.8540,1.2389,0.2607,2.245
0.536607,2.0655,1.2959,0.3278,2.460
0.541499,2.1556,1.2711,0.4754,2.547
0.546520,2.0713,1.3032,0.6422,2.530
0.551404,1.9650,1.3062,0.8043,2.493
0.556572,1.9852,1.3327,0.9286,2.565
0.561466,2.0358,1.3395,1.0343,2.647
0.566461,2.0736,1.3030,1.1074,2.688
0.571431,2.0747,1.3236,1.1377,2.711
0.576442,2.2212,1.3341,1.1402,2.831
0.581407,2.4561,1.3012,1.0761,2.981
0.586346,2.6171,1.2966,1.0313,3.097
0.591328,2.7672,1.2292,1.0108,3.192
0.596638,2.8111,1.1997,1.0242,3.223
0.601565,2.7819,1.2271,1.0188,3.207
0.606457,2.7094,1.2298,1.0194,3.145
0.614041,2.6312,1.1842,1.0159,3.059
0.616565,2.5042,1.1480,0.8980,2.897
0.622315,2.3425,1.0494,0.7372,2.671
0.626217,2.2511,0.9606,0.6721,2.538
0.631193,2.1812,0.9629,0.6587,2.474
0.636699,2.1059,0.9364,0.6256,2.388
0.641239,2.1298,0.9005,0.5485,2.376
0.646200,2.2433,0.8457,0.5183,2.453
0.651416,2.3701,0.7576,0.5252,2.543
0.657298,2.4627,0.6604,0.4685,2.592
0.661197,2.5538,0.5113,0.3959,2.634
0.666289,2.6749,0.3673,0.3796,2.727
0.671014,2.7244,0.2385,0.2711,2.748
0.676007,2.6642,-0.0424,0.0703,2.665
0.681212,2.4458,0.1465,-0.0026,2.450
0.686083,2.1887,0.0538,-0.0577,2.190
0.690955,2.1493,-0.2863,-0.1328,2.172
0.695939,2.1824,-0.5578,-0.1414,2.257
0.700811,2.2005,-0.7082,-0.1213,2.315
0.706386,2.1128,-0.7712,-0.1004,2.251
0.712943,1.9381,-0.8282,-0.0298,2.108
0.715805,1.6902,-0.9652,0.0909,1.948
0.720793,1.4048,-1.1343,0.1713,1.814
0.725877,1.1762,-1.2396,0.1553,1.716
0.731271,0.9680,-1.3245,0.0813,1.643
0.736684,0.7123,-1.4750,-0.1128,1.642
0.740850,0.4516,-1.6526,-0.4225,1.764
0.745786,0.1134,-1.8237,-0.7573,1.978
0.750657,-0.3145,-1.9696,-1.1330,2.294
0.756032,-0.6714,-2.0947,-1.4867,2.655
0.761109,-0.9459,-2.1900,-1.9301,3.069
0.765762,-1.2391,-2.3416,-2.3773,3.560
0.770696,-1.5178,-2.4541,-2.6807,3.939
0.775642,-1.7918,-2.5849,-2.9221,4.293
0.780710,-2.1013,-2.6676,-3.1742,4.648
0.786115,-2.3765,-2.7499,-3.3983,4.976
0.790662,-2.5427,-2.8560,-3.7290,5.341
0.795677,-2.8204,-2.9670,-4.1043,5.797
0.800699,-3.1523,-3.0640,-4.4151,6.230
0.805712,-3.5105,-3.1760,-4.6621,6.644
0.814438,-3.9489,-3.2747,-4.8462,7.057
0.816566,-4.3519,-3.4320,-5.0299,7.484
0.822321,-4.5720,-3.6670,-5.1425,7.797
0.825422,-4.6044,-3.8983,-5.0641,7.877
0.830378,-4.6834,-4.0209,-4.8467,7.848
0.835762,-4.8377,-4.0781,-4.5711,7.806
0.840515,-5.0052,-4.0845,-4.2939,7.757
0.845360,-5.2250,-4.0405,-4.1873,7.820
0.850219,-5.5697,-4.0085,-4.4514,8.179
0.855345,-6.1171,-4.1944,-4.9905,8.940
0.860592,-6.8740,-4.4736,-5.5856,9.923
0.865298,-7.5738,-4.7888,-6.1230,10.853
0.870258,-8.3608,-5.1158,-6.4308,11.723
0.875639,-9.3839,-5.3213,-6.5293,12.610
0.880362,-10.2619,-5.5439,-6.4465,13.327
0.886160,-11.0269,-5.8645,-6.2435,13.963
0.890246,-11.8679,-6.3347,-6.0569,14.753
0.895221,-12.6054,-6.9770,-5.6678,15.482
0.900250,-13.1990,-7.5550,-5.0233,16.016
0.905396,-13.7161,-8.1300,-4.2095,16.491
0.914032,-13.9706,-8.6562,-3.3236,16.768
0.916024,-13.9042,-9.2073,-2.4961,16.862
0.920906,-13.6580,-9.9045,-1.7663,16.963
0.925055,-13.4092,-10.6148,-1.0973,17.137
0.929986,-12.8529,-11.3442,-0.4466,17.149
0.936137,-11.8950,-12.2454,-0.1335,17.072
0.940148,-10.4422,-13.2233,-0.2197,16.851
0.945034,-8.6949,-13.8868,-0.7967,16.404
0.949987,-6.5951,-13.9705,-1.8644,15.561
0.954967,-3.5651,-13.6847,-3.6150,14.596
0.961124,0.2681,-12.9066,-6.0770,14.268
0.964953,4.9685,-11.3921,-8.8928,15.282
0.969953,10.5233,-9.2526,-12.0165,18.459
0.974948,16.2970,-6.7226,-14.8715,23.064
0.980919,22.0137,-3.9031,-16.8296,27.983
0.993611,28.4455,-1.3831,-17.9629,33.671
0.994139,34.1625,0.9978,-18.3893,38.810
0.995062,38.5698,3.4023,-17.8302,42.628
1.000222,41.0100,5.6641,-16.4136,44.534
1.004825,41.1724,7.3616,-14.3987,44.234
1.010141,41.3156,7.4258,-12.5421,43.811
1.015168,39.6163,7.0981,-10.6590,41.635
1.023267,36.0720,6.7970,-8.5991,37.701
1.024665,31.3429,6.4238,-6.5164,32.651
1.029576,26.8798,5.5711,-4.5528,27.826
1.034603,23.2941,4.3106,-2.9319,23.870
1.039832,20.2246,3.0030,-1.8612,20.531
1.047018,17.4196,1.7109,-1.2445,17.548
1.049547,14.7912,0.4085,-0.9337,14.826
1.054935,12.2385,-0.7355,-1.0108,12.302
1.059406,9.9221,-1.7864,-1.2773,10.162
1.064735,8.0012,-2.8573,-1.7323,8.671
1.069583,5.9034,-3.7023,-2.2025,7.308
1.074556,4.0465,-4.5498,-2.7397,6.677
1.079483,2.3174,-5.5116,-3.5369,6.947
1.084489,0.4302,-6.5233,-4.5566,7.969
1.089454,-1.6287,-7.5053,-5.8640,9.663
1.094486,-3.7825,-8.2466,-7.2025,11.584
1.099587,-5.8927,-8.7857,-8.2332,13.405
1.104626,-7.8877,-9.3101,-8.8697,15.085
1.109697,-10.2188,-9.7917,-9.0649,16.807
1.114871,-13.0613,-10.0805,-8.8300,18.713
1.122769,-15.8915,-10.1409,-8.2091,20.561
1.124288,-18.4784,-9.8907,-7.3550,22.212
1.129123,-20.8878,-9.4159,-6.3400,23.773
1.134188,-22.9548,-9.2037,-5.1175,25.255
1.139187,-24.3888,-9.2191,-3.8934,26.362
1.146722,-25.6072,-9.3684,-2.7401,27.404
1.149127,-26.5711,-9.8875,-1.8095,28.409
1.154116,-28.0434,-10.0829,-0.8635,29.813
1.159098,-29.1448,-10.4713,-0.1588,30.969
1.164586,-28.8256,-11.8529,0.1626,31.168
1.169968,-27.6843,-13.6286,-0.1439,30.857
1.174761,-26.2184,-15.1853,-0.9749,30.314
1.181165,-24.5442,-16.5602,-2.2236,29.692
1.184163,-22.5605,-17.8428,-3.9678,29.036
1.192399,-20.1330,-18.7985,-5.9399,28.178
1.201924,-17.4723,-19.2705,-8.0230,27.221
1.202317,-14.6843,-19.1535,-9.7314,26.023
1.210606,-11.7479,-18.6223,-10.8337,24.539
1.211095,-8.5789,-17.8515,-11.5174,22.911
1.217307,-5.2139,-16.7241,-11.8977,21.176
1.222934,-1.5039,-15.2157,-12.0371,19.459
1.223798,2.7991,-13.4901,-12.1911,18.397
1.228870,7.2023,-11.2379,-12.5686,18.334
1.234393,11.6598,-8.3427,-12.9794,19.340
1.238708,17.1347,-5.8289,-13.9701,22.863
1.247618,22.1251,-3.4497,-15.1533,27.038
1.249299,25.8791,-0.8035,-15.9106,30.390
1.256881,28.3328,1.9973,-15.7896,32.497
1.258679,32.1417,3.1593,-15.6422,35.885
1.263796,34.5609,3.8686,-15.3573,38.017
1.271634,35.1205,4.5262,-14.1680,38.140
1.273788,34.1545,5.0212,-12.2040,36.615
1.279964,31.8633,5.3944,-9.4438,33.668
1.283757,28.8202,5.5541,-6.4194,30.044
1.288717,25.9997,5.1374,-3.9259,26.792
1.295214,23.2997,4.3203,-1.8292,23.767
1.298565,20.4920,3.5461,-0.0926,20.797
1.303549,17.6335,3.0637,1.2388,17.941
1.308984,14.8566,2.7478,2.3430,15.289
1.314088,12.3454,2.4290,2.8894,12.910
1.320705,10.1528,2.0207,2.8170,10.728
1.323558,8.3188,1.4097,2.4328,8.781
1.328586,6.6581,0.8241,1.7695,6.938
1.333435,4.8052,0.5085,1.1387,4.964
1.338628,3.3273,0.1096,0.5117,3.368
1.344084,2.1747,-0.3766,-0.0726,2.208
1.348544,1.1509,-0.9433,-0.5646,1.592
1.353858,0.3371,-1.5310,-1.0497,1.887
1.358260,-0.2814,-2.1376,-1.4355,2.590
1.363405,-0.8118,-2.7484,-1.7464,3.356
1.369199,-1.2421,-3.3631,-2.0790,4.144
1.373424,-1.5985,-3.9959,-2.4389,4.947
1.378337,-1.9634,-4.5834,-2.7690,5.704
1.383312,-2.3953,-5.0273,-3.1071,6.377
1.388492,-3.0199,-5.3843,-3.3287,7.014
1.394273,-3.6478,-5.5211,-3.4924,7.482
1.398275,-4.0661,-5.4914,-3.5888,7.718
1.403200,-4.4009,-5.3152,-3.5651,7.767
1.408586,-4.6938,-5.0750,-3.4495,7.726
1.414370,-4.8773,-4.7818,-3.2531,7.565
1.423283,-4.8535,-4.4556,-3.0565,7.263
1.423776,-4.7223,-4.1594,-2.8646,6.914
1.428100,-4.5313,-3.8651,-2.5624,6.484
1.433008,-4.2506,-3.6117,-2.2123,6.001
1.438098,-3.9481,-3.3756,-1.9336,5.543
1.442921,-3.6000,-3.1717,-1.7077,5.093
1.448059,-3.2360,-2.9045,-1.5056,4.602
1.452943,-2.9413,-2.6987,-1.3470,4.213
1.458056,-2.7056,-2.5592,-1.2470,3.927
1.463026,-2.4850,-2.3665,-1.2497,3.652
1.468039,-2.2468,-2.2261,-1.2889,3.415
1.473573,-1.9117,-2.0900,-1.4277,3.172
1.478019,-1.5573,-2.0493,-1.6241,3.043
1.483074,-1.3604,-1.9844,-1.8219,3.018
1.487970,-1.3350,-1.9384,-1.9646,3.066
1.492971,-1.3945,-1.9400,-1.9573,3.089
1.497980,-1.4016,-1.8460,-1.8480,2.964
1.502825,-1.3640,-1.7569,-1.7134,2.808
1.507830,-1.3020,-1.6440,-1.5723,2.621
1.513326,-1.2057,-1.5841,-1.3001,2.378
1.517902,-1.0794,-1.5626,-0.8868,2.096
1.522822,-0.9659,-1.5030,-0.4943,1.854
1.527701,-0.9086,-1.3864,-0.1454,1.664
1.533220,-0.8676,-1.2843,0.1749,1.560
1.537682,-0.7474,-1.2398,0.5251,1.540
1.542718,-0.6622,-1.1620,0.8433,1.581
1.547626,-0.6117,-1.1225,1.1301,1.706
1.552844,-0.4899,-1.0495,1.3575,1.784
1.557719,-0.3115,-1.0197,1.5404,1.873
1.562670,-0.0173,-0.9608,1.6597,1.918
1.567717,0.2924,-0.8680,1.6199,1.861
1.572670,0.4698,-0.7747,1.4597,1.718
1.577741,0.5205,-0.7095,1.1883,1.479
1.582820,0.6501,-0.7296,0.8958,1.326
1.587505,0.7433,-0.7441,0.5910,1.206
1.592991,0.7008,-0.6906,0.2306,1.011
1.597489,0.5937,-0.6313,-0.1625,0.882
1.602437,0.4553,-0.5999,-0.5264,0.919
1.607332,0.2853,-0.6011,-0.8761,1.100
1.612489,0.1838,-0.7114,-1.1546,1.369
1.617311,0.0831,-0.8161,-1.4438,1.661
1.622383,-0.0399,-0.8383,-1.7295,1.922
1.630593,-0.1621,-0.8932,-1.9113,2.116
1.632533,-0.3075,-0.9759,-1.9606,2.212
1.637272,-0.4524,-1.0962,-1.9728,2.302
1.642425,-0.6068,-1.2300,-1.8664,2.316
1.647366,-0.8148,-1.3156,-1.7226,2.316
1.652491,-1.0803,-1.3671,-1.6317,2.387
1.657152,-1.2802,-1.4999,-1.5121,2.485
1.662150,-1.4725,-1.6424,-1.4737,2.653
1.667111,-1.6818,-1.7947,-1.5304,2.897
1.672177,-1.8894,-1.9762,-1.6055,3.171
1.677307,-2.1251,-2.1779,-1.7278,3.499
1.682132,-2.4075,-2.3805,-1.9357,3.900
1.687015,-2.7234,-2.5031,-2.1816,4.294
1.692247,-2.9921,-2.6132,-2.4327,4.658
1.697097,-3.3146,-2.7543,-2.7039,5.088
1.702286,-3.6724,-2.9122,-2.9009,5.512
1.707149,-4.1388,-3.0734,-3.1771,6.055
1.712020,-4.7910,-3.2335,-3.4234,6.718
1.717035,-5.5487,-3.3834,-3.5501,7.405
1.722027,-6.3318,-3.5191,-3.5626,8.073
1.730808,-7.2808,-3.6028,-3.5811,8.878
1.732065,-8.4643,-3.6975,-3.4341,9.854
1.736870,-9.6150,-3.8510,-3.0751,10.804
1.741958,-10.7654,-4.0166,-2.8980,11.850
1.747099,-11.8798,-4.1368,-2.7691,12.881
1.751781,-12.8801,-4.2456,-2.6551,13.819
1.756856,-14.0141,-4.5437,-2.6937,14.977
1.761805,-15.3242,-5.2028,-2.7391,16.413
1.767009,-16.7935,-5.9578,-2.9260,18.058
1.771959,-18.1926,-6.6604,-3.1229,19.624
1.777381,-18.0917,-8.3501,-3.6492,20.257
1.781818,-19.1887,-8.9555,-3.3185,21.434
1.786722,-20.2606,-9.7713,-2.2448,22.606
1.791832,-19.9931,-11.8582,-2.1367,23.343
1.797779,-18.9125,-14.3360,-2.3151,23.845
1.807153,-17.6309,-16.4709,-2.6906,24.277
1.807646,-16.5515,-18.2075,-3.8131,24.900
1.811598,-15.7088,-19.7781,-5.5906,25.869
1.816726,-14.7449,-21.1282,-8.0298,26.987
1.821882,-13.0869,-22.2534,-10.9412,28.039
1.827658,-10.7237,-23.0204,-13.8813,28.942
1.831614,-7.6711,-23.0016,-16.3211,29.228
1.837995,-3.1461,-22.2293,-18.0782,28.825
1.847043,2.5346,-20.4816,-19.4465,28.356
1.854016,9.5160,-18.0546,-20.6063,29.002
1.854459,17.5630,-15.1746,-21.9904,31.973
1.856502,25.1626,-11.5293,-23.4648,36.286
1.861959,30.8019,-6.8899,-24.4738,39.940
1.866449,35.9574,-2.8002,-24.5713,43.641
1.871589,40.7805,0.1222,-24.2647,47.454
1.878541,43.3047,2.4384,-23.4505,49.307
1.881458,43.6103,3.8161,-22.1215,49.049
1.886277,41.8129,3.8549,-20.3865,46.678
1.891312,38.3715,3.0208,-18.0736,42.522
1.896639,34.0461,2.0794,-15.2768,37.374
1.905762,29.0347,1.4350,-12.2773,31.556
1.906355,23.7054,0.7573,-9.8009,25.663
1.915619,18.8988,-0.0454,-8.2137,20.607
1.916292,15.0068,-0.7634,-6.8689,16.522
1.922710,11.8311,-1.1800,-5.4376,13.074
1.926123,9.3021,-1.3816,-4.1571,10.282
1.931211,7.1856,-1.5740,-3.0029,7.945
1.936126,5.3344,-1.7886,-2.0103,5.975
1.941134,3.6478,-1.9212,-1.1568,4.282
1.946057,2.0644,-1.9663,-0.5685,2.907
1.951748,0.6043,-2.0005,-0.3063,2.112
1.956014,-0.6597,-2.1577,-0.2214,2.267
1.960976,-1.8059,-2.3557,-0.3071,2.984
1.965939,-2.8704,-2.5737,-0.5026,3.888
1.971092,-3.7592,-2.7914,-0.7688,4.745
1.976095,-4.5478,-3.0331,-1.1223,5.580
1.980933,-5.2061,-3.2993,-1.4367,6.329
1.985812,-5.7033,-3.5382,-1.7004,6.924
1.990903,-6.0444,-3.7118,-1.9091,7.346
1.995897,-6.1784,-3.8605,-2.0243,7.561
2.000982,-6.1141,-4.0662,-1.9929,7.608
2.005811,-5.9575,-4.2057,-1.8922,7.534
2.012807,-5.7614,-4.3519,-1.6934,7.416
2.015770,-5.4636,-4.3434,-1.4103,7.121
2.022502,-5.1612,-4.2916,-1.1038,6.803
2.025652,-4.8548,-4.1930,-0.7797,6.462
2.030728,-4.4643,-4.0675,-0.4560,6.057
2.035750,-4.1613,-3.9115,-0.2613,5.717
2.040757,-3.8924,-3.7781,-0.1145,5.426
2.045617,-3.5998,-3.5960,-0.0351,5.088
2.050676,-3.4275,-3.3803,-0.0999,4.815
2.055606,-3.2627,-3.1980,-0.2914,4.578
2.060665,-3.1158,-3.0445,-0.5239,4.388
2.065547,-3.0727,-2.8482,-0.7798,4.262
2.070607,-3.0712,-2.6569,-1.0268,4.189
2.075619,-3.1062,-2.5186,-1.3090,4.208
2.080554,-3.1306,-2.3950,-1.5126,4.222
2.085417,-3.1379,-2.2621,-1.6289,4.197
2.090514,-3.1671,-2.1008,-1.7400,4.180
2.095402,-3.1747,-1.9591,-1.8129,4.148
2.100527,-3.0554,-1.7605,-1.8144,3.966
2.105414,-2.9238,-1.5863,-1.7210,3.745
2.113758,-2.8226,-1.3983,-1.6333,3.548
2.115600,-2.6553,-1.2492,-1.5078,3.299
2.122816,-2.5605,-1.0863,-1.3878,3.108
2.125328,-2.4611,-0.9192,-1.3023,2.932
2.130522,-2.3521,-0.7525,-1.2563,2.771
2.135510,-2.1613,-0.6196,-1.2454,2.570
2.140560,-1.9985,-0.5683,-1.2412,2.420
2.145456,-1.8107,-0.5074,-1.2299,2.247
2.150552,-1.6405,-0.4272,-1.1781,2.064
2.155689,-1.4538,-0.3325,-1.0857,1.845
2.160604,-1.2313,-0.2663,-0.9528,1.580
2.165359,-1.0443,-0.2573,-0.7936,1.337
2.170432,-0.8249,-0.2815,-0.5689,1.041
2.175222,-0.6689,-0.3340,-0.3794,0.838
2.180393,-0.4800,-0.3336,-0.1193,0.597
2.185310,-0.2768,-0.3474,0.1450,0.467
2.190277,-0.0735,-0.3179,0.4044,0.520
2.195319,0.1496,-0.2980,0.6358,0.718
2.200233,0.3166,-0.3166,0.7395,0.865
2.205280,0.4326,-0.3160,0.8252,0.984
2.212494,0.4692,-0.3010,0.8260,0.997
2.215560,0.4647,-0.2526,0.8136,0.970
2.222021,0.4479,-0.2042,0.7685,0.913
2.225040,0.4377,-0.1893,0.7001,0.847
2.230172,0.4150,-0.1694,0.6034,0.752
2.235097,0.4085,-0.2258,0.5159,0.696
2.240315,0.3796,-0.2580,0.4905,0.672
2.245067,0.3571,-0.2803,0.4454,0.636
2.250078,0.2977,-0.2448,0.4383,0.584
2.255313,0.2349,-0.2044,0.4883,0.579
2.260528,0.1635,-0.2260,0.4951,0.568
2.265125,0.1217,-0.2760,0.5587,0.635
2.270019,0.0517,-0.2924,0.5795,0.651
2.275082,-0.0755,-0.2609,0.5669,0.629
2.280371,-0.2507,-0.2534,0.6168,0.712
2.285470,-0.3354,-0.2076,0.6141,0.730
2.290044,-0.3923,-0.1907,0.6264,0.763
2.294891,-0.4261,-0.2456,0.6197,0.791
2.299947,-0.4418,-0.2816,0.5563,0.764
2.304872,-0.5208,-0.2747,0.5562,0.810
2.313977,-0.5868,-0.2826,0.5811,0.873
2.315743,-0.6259,-0.3053,0.6265,0.937
2.322726,-0.6185,-0.2854,0.6306,0.928
2.324681,-0.5839,-0.2901,0.6601,0.928
2.329696,-0.5412,-0.3670,0.6289,0.907
2.334941,-0.4856,-0.4109,0.6139,0.884
2.339814,-0.4983,-0.4601,0.5959,0.903
2.344642,-0.4981,-0.4811,0.5555,0.888
2.349663,-0.5230,-0.4498,0.5213,0.865
2.354606,-0.5542,-0.4239,0.5171,0.869
2.360152,-0.5676,-0.4032,0.4424,0.825
2.364477,-0.5155,-0.3733,0.3684,0.735
2.369479,-0.4934,-0.3196,0.3237,0.671
2.374774,-0.4245,-0.2709,0.3077,0.590
2.379629,-0.2987,-0.2365,0.2248,0.442
2.385359,-0.1928,-0.2117,0.1750,0.336
2.389509,-0.0632,-0.2490,0.1538,0.299
2.394401,0.0472,-0.3244,0.1708,0.370
2.399696,0.1340,-0.2848,0.2692,0.414
2.404581,0.2498,-0.2932,0.3678,0.533
2.412784,0.3136,-0.2826,0.4623,0.626
2.414376,0.4210,-0.2865,0.5431,0.745
2.421172,0.4816,-0.2764,0.6108,0.825
2.424342,0.5096,-0.3193,0.6176,0.862
2.429400,0.5385,-0.3385,0.6354,0.899
2.435009,0.4680,-0.3151,0.6212,0.839
2.439380,0.5331,-0.2587,0.8198,1.012
2.444288,0.8195,-0.1934,1.0776,1.368
2.449353,0.9634,-0.1093,0.8575,1.294
2.454236,1.1290,-0.1065,0.6237,1.294
2.459300,1.1152,0.0637,0.4191,1.193
2.464376,0.7778,0.3248,0.1571,0.857
2.469221,0.8299,0.4325,0.3118,0.986
2.474116,0.9888,0.4155,0.8214,1.351
2.479450,0.9478,0.3984,0.8379,1.326
2.484117,0.8647,0.4102,0.5716,1.115
2.489174,0.8212,0.3983,0.3480,0.977
2.494511,0.9276,0.3485,0.2484,1.022
2.498971,0.9966,0.3327,0.0806,1.054
2.504027,0.8127,0.3032,-0.2376,0.899
2.512932,0.5528,0.2889,-0.5388,0.824
2.514038,0.2977,0.2753,-0.6791,0.791
2.522729,0.2963,0.1618,-0.8262,0.892
2.523963,0.3617,0.0873,-0.9080,0.981
2.529022,0.3261,0.0993,-0.8235,0.891
2.534004,-0.0410,0.1450,-0.6630,0.680
2.539043,-0.2710,0.0469,-0.4021,0.487
2.544157,-0.1627,-0.1900,-0.1650,0.300
2.548967,-0.0892,-0.3935,-0.0471,0.406
2.554808,-0.0596,-0.4487,0.0335,0.454
2.558799,-0.0789,-0.3703,0.1153,0.396
2.564062,-0.0320,-0.2972,0.1597,0.339
2.568881,0.0238,-0.2579,0.1715,0.311
2.573875,0.0455,-0.3145,0.1551,0.354
2.578871,-0.0097,-0.3999,0.0863,0.409
2.583669,-0.0556,-0.4135,0.0369,0.419
2.588897,-0.1304,-0.4414,0.0258,0.461
2.593737,-0.1577,-0.4646,0.1202,0.505
2.598791,-0.1855,-0.5117,0.1430,0.563
2.604142,-0.2231,-0.4920,0.1662,0.565
2.610187,-0.2227,-0.4965,0.2379,0.594
2.614473,-0.2180,-0.4868,0.2766,0.601
2.621051,-0.2040,-0.4677,0.2393,0.564
2.623641,-0.2047,-0.4584,0.1501,0.524
2.629564,-0.1767,-0.4253,0.0758,0.467
2.633418,-0.1539,-0.4068,0.0211,0.435
2.638553,-0.2033,-0.3406,-0.0284,0.398
2.643556,-0.2435,-0.2745,-0.0871,0.377
2.648725,-0.2265,-0.2324,-0.1602,0.362
2.653537,-0.1236,-0.1329,-0.3339,0.380
2.658502,0.0222,-0.0615,-0.5094,0.514
2.663457,0.1867,0.0144,-0.6086,0.637
2.668458,0.3414,0.1187,-0.6324,0.728
2.673874,0.3536,0.1703,-0.6288,0.741
2.678398,0.3337,0.1981,-0.5692,0.689
2.683303,0.3578,0.2307,-0.4160,0.595
2.688398,0.3733,0.2347,-0.2313,0.498
2.693479,0.3470,0.2673,-0.1625,0.467
2.698302,0.2555,0.2713,-0.1707,0.410
2.703174,0.1846,0.2754,-0.1744,0.375
2.708769,0.1243,0.2748,-0.1023,0.319
2.713187,-0.0544,0.2743,-0.0167,0.280
2.720840,-0.2080,0.2548,0.0301,0.330
2.723186,-0.3279,0.3066,0.1102,0.462
2.728319,-0.3954,0.2817,0.2235,0.534
2.733590,-0.4393,0.2757,0.2465,0.574
2.738144,-0.4884,0.2362,0.1941,0.576
2.743124,-0.5426,0.2443,0.1287,0.609
2.748208,-0.5643,0.2853,0.1738,0.656
2.753068,-0.5965,0.2972,0.2051,0.697
2.758223,-0.6107,0.2754,0.1848,0.695
2.763009,-0.6354,0.2915,0.1940,0.726
2.768558,-0.5994,0.2928,0.1994,0.696
2.772968,-0.5506,0.2843,0.2199,0.658
2.778104,-0.4651,0.2614,0.1126,0.545
2.783066,-0.3857,0.2765,0.0875,0.483
2.788208,-0.2983,0.2819,0.0676,0.416
2.793517,-0.2214,0.2730,0.0718,0.359
2.797955,-0.0597,0.2545,0.0858,0.275
2.802807,0.0390,0.2219,0.1380,0.264
2.808734,0.1135,0.1228,0.2140,0.272
2.812979,0.1546,0.0578,0.3138,0.355
2.818379,0.2003,0.0310,0.3707,0.423
2.822753,0.2081,-0.0052,0.4280,0.476
2.828722,0.1922,-0.0318,0.4523,0.493
2.832740,0.1862,-0.0585,0.4156,0.459
2.837732,0.2233,-0.1230,0.3701,0.449
2.842844,0.1939,-0.1538,0.2444,0.348
2.847773,0.1698,-0.1510,0.0818,0.241
2.853103,0.1082,-0.1814,-0.0038,0.211
2.857656,0.0759,-0.2161,-0.0798,0.243
2.862707,0.0676,-0.1695,-0.0988,0.208
2.868154,0.0212,-0.1897,-0.0612,0.200
2.872653,0.0463,-0.2048,-0.0099,0.210
2.877721,0.0428,-0.2008,0.0599,0.214
2.882573,0.0678,-0.2111,0.0676,0.232
2.888071,0.1263,-0.2117,0.0322,0.249
2.893381,0.1798,-0.1980,0.0017,0.267
2.897542,0.2097,-0.2224,-0.0099,0.306
2.902391,0.2353,-0.2416,-0.0026,0.337
2.907555,0.2282,-0.2321,-0.0339,0.327
2.913322,0.2220,-0.2556,-0.0561,0.343
2.920820,0.1832,-0.2551,-0.0312,0.316
2.922444,0.1071,-0.2687,-0.0401,0.292
2.928938,0.0603,-0.2202,-0.0497,0.234
2.932508,0.0377,-0.2242,-0.0549,0.234
2.937391,-0.0037,-0.2613,0.0013,0.261
2.942301,-0.0021,-0.1746,0.0140,0.175
2.947500,0.0089,-0.1265,0.0358,0.132
2.952611,0.0199,-0.1214,0.0382,0.129
2.961786,0.0261,-0.1402,0.0499,0.151
2.968798,0.0323,-0.1016,-0.0052,0.107
2.969292,0.0242,-0.0871,-0.0649,0.111
2.972126,0.0064,-0.0442,-0.0959,0.106
2.977398,-0.0066,-0.0395,-0.1126,0.120
2.982277,0.0324,0.0270,-0.1010,0.109
2.987324,0.0472,0.0692,-0.0659,0.107
2.992197,0.0903,0.0494,-0.0836,0.133
2.997123,0.1474,0.0013,-0.0395,0.153
3.002005,0.1614,-0.0417,-0.0148,0.167
3.007177,0.1755,-0.0701,0.0431,0.194
3.012293,0.1707,-0.0175,0.0816,0.190
3.017117,0.1758,0.0489,0.0868,0.202
3.022184,0.1858,0.0529,0.1061,0.220
3.027083,0.1816,0.0616,0.0732,0.205
3.032131,0.1587,0.0322,0.0217,0.163
3.036969,0.1268,0.0220,0.0041,0.129
3.041859,0.0713,0.0404,-0.0275,0.086
3.047344,0.0113,0.0633,-0.0349,0.073
3.051914,-0.0438,0.0526,0.0008,0.068
3.057045,-0.0465,0.0278,0.0364,0.065
3.062029,-0.0828,-0.0160,0.0959,0.128
3.066923,-0.0716,-0.0263,0.1557,0.173
3.072003,-0.0703,-0.0273,0.2061,0.219
3.076839,-0.0932,-0.0141,0.2712,0.287
3.081896,-0.1116,-0.0251,0.2890,0.311
3.086875,-0.1209,-0.0362,0.2884,0.315
3.091801,-0.0783,-0.0331,0.2458,0.260
3.096912,-0.0602,-0.0112,0.1992,0.208
3.101805,-0.0617,0.0390,0.1344,0.153
3.106784,-0.0351,0.0936,0.0606,0.117
3.111651,0.0053,0.0954,-0.0364,0.102
3.116679,0.0594,0.1971,-0.0712,0.218
3.121768,0.0655,0.1937,-0.1492,0.253
3.132222,0.0813,0.2096,-0.2561,0.341
3.132563,0.0930,0.1929,-1.1111,1.131
3.136671,0.2107,0.2203,-2.0303,2.053
3.141381,0.2139,0.2486,-1.4064,1.444
3.146653,0.1651,0.1961,-0.3230,0.412
3.151748,0.1882,0.1105,0.3295,0.395
3.156670,0.1925,0.0537,0.5031,0.541
3.161670,0.2068,-0.0315,0.5007,0.543
3.166501,0.2025,-0.1068,0.5568,0.602
3.171485,0.1843,-0.0821,0.6899,0.719
3.176800,0.0901,0.0037,0.7667,0.772
3.181530,0.0342,0.1120,0.8161,0.824
3.186440,0.0162,0.1762,0.8479,0.866
3.191332,0.0168,0.2442,0.8004,0.837
3.196525,-0.0021,0.2876,0.5308,0.604
3.201678,-0.0882,0.2737,0.2826,0.403
3.206459,-0.1598,0.2553,0.0690,0.309
3.211238,-0.1790,0.2659,-0.2582,0.412
3.216313,-0.1078,0.3578,-0.5514,0.666
3.221638,-0.0513,0.3688,-0.7117,0.803
3.232103,-0.0187,0.3613,-0.6593,0.752
3.232333,0.0949,0.3687,-0.5475,0.667
