0.000641,-0.1080,0.1160,-0.6013,0.622
0.002503,-0.0527,0.0640,-0.6971,0.702
0.007352,-0.0645,0.0793,-0.6372,0.645
0.012334,-0.0335,0.1089,-0.4410,0.455
0.017394,0.0831,0.0813,-0.1752,0.210
0.022282,0.0992,0.0301,-0.0064,0.104
0.027331,0.0914,0.0409,0.0950,0.138
0.032640,0.0980,0.0563,0.1634,0.199
0.038803,0.1238,0.0570,0.1562,0.207
0.042453,0.0974,0.0149,0.1260,0.160
0.047366,0.1189,0.0394,0.1062,0.164
0.052302,0.1119,0.0875,0.0011,0.142
0.057358,0.1197,0.1543,-0.0415,0.200
0.062322,0.1231,0.1730,-0.0838,0.228
0.067383,0.1363,0.2105,-0.0831,0.264
0.076635,0.1305,0.2668,0.0128,0.297
0.077274,0.0964,0.2464,0.0417,0.268
0.082274,0.1295,0.2072,0.0563,0.251
0.087379,0.1627,0.1872,0.0903,0.264
0.092422,0.1481,0.1673,0.1195,0.253
0.097597,0.1290,0.1428,0.1726,0.259
0.101998,0.1007,0.1563,0.2306,0.296
0.106919,0.1012,0.1506,0.2983,0.349
0.112142,0.1160,0.1449,0.2946,0.348
0.117207,0.1116,0.0915,0.3295,0.360
0.122093,0.1310,0.1098,0.3267,0.369
0.127185,0.1311,0.0992,0.2627,0.310
0.132081,0.1549,0.0554,0.2521,0.301
0.136963,0.1785,0.0357,0.2321,0.295
0.142427,0.1782,0.0161,0.1840,0.257
0.147430,0.1683,-0.0224,0.1696,0.240
0.152157,0.1631,-0.0177,0.1364,0.213
0.158107,0.1532,-0.0037,0.1082,0.188
0.161993,0.1765,-0.0847,0.0898,0.215
0.167028,0.1425,-0.1366,0.0715,0.210
0.177750,0.1085,-0.1501,0.0442,0.190
0.178173,0.0746,-0.1825,0.0267,0.199
0.181993,0.0361,-0.2194,0.0333,0.225
0.186785,0.0165,-0.2229,0.0118,0.224
0.192042,0.0158,-0.2359,-0.0377,0.239
0.197834,-0.0136,-0.2393,-0.0771,0.252
0.201891,-0.0192,-0.2380,-0.1495,0.282
0.206622,-0.0345,-0.2271,-0.2259,0.322
0.211546,-0.1021,-0.1973,-0.2926,0.367
0.217149,-0.1408,-0.1818,-0.3782,0.443
0.222176,-0.1512,-0.1522,-0.3923,0.447
0.226802,-0.1474,-0.1178,-0.4166,0.457
0.231806,-0.1487,-0.0693,-0.4225,0.453
0.236750,-0.0931,-0.0496,-0.3863,0.400
0.241646,-0.0236,-0.0537,-0.3461,0.351
0.247065,0.0075,-0.0577,-0.2686,0.275
0.251688,-0.0328,-0.0283,-0.2204,0.225
0.256653,-0.0394,-0.0087,-0.1584,0.163
0.261757,-0.0034,0.0012,-0.0542,0.054
0.266839,0.0039,-0.0318,0.0447,0.055
0.271697,-0.0174,-0.0741,0.0862,0.115
0.276893,-0.0388,-0.0828,0.1326,0.161
0.281441,-0.0269,-0.0963,0.1932,0.218
0.286572,-0.0008,-0.1288,0.2062,0.243
0.291500,0.0107,-0.1659,0.2337,0.287
0.297386,0.0175,-0.2170,0.2756,0.351
0.301760,-0.0091,-0.2535,0.3273,0.414
0.306366,-0.0452,-0.2518,0.3269,0.415
0.311435,-0.0621,-0.2360,0.3317,0.412
0.319063,-0.1122,-0.2489,0.3131,0.415
0.321896,-0.1241,-0.2761,0.2478,0.391
0.326821,-0.1550,-0.3078,0.1309,0.369
0.331266,-0.1620,-0.2490,0.0577,0.303
0.336238,-0.2119,-0.2192,-0.0103,0.305
0.341481,-0.2710,-0.2133,-0.0684,0.352
0.346901,-0.2871,-0.2406,-0.1501,0.404
0.351282,-0.2750,-0.2060,-0.1742,0.385
0.356078,-0.3157,-0.1715,-0.1982,0.410
0.361175,-0.3330,-0.1801,-0.2078,0.432
0.366213,-0.3889,-0.1982,-0.1603,0.465
0.371720,-0.3880,-0.1970,-0.1606,0.464
0.376369,-0.3975,-0.2149,-0.1419,0.474
0.381141,-0.4081,-0.2183,-0.1375,0.483
0.386124,-0.3817,-0.1980,-0.1237,0.447
0.391336,-0.3613,-0.1825,-0.1196,0.422
0.396862,-0.3137,-0.1623,-0.1298,0.376
0.401193,-0.3010,-0.1376,-0.1066,0.348
0.405911,-0.2797,-0.0797,-0.0599,0.297
0.411080,-0.2270,-0.0223,-0.0416,0.232
0.416489,-0.1474,0.0488,0.0147,0.156
0.421781,-0.0360,0.1288,0.0757,0.154
0.425997,0.0264,0.2081,0.1273,0.245
0.430835,0.1448,0.2961,0.1651,0.369
0.435856,0.2008,0.3500,0.2319,0.465
0.441129,0.2698,0.3652,0.2997,0.544
0.445820,0.3235,0.3706,0.3539,0.606
0.450982,0.3242,0.4233,0.3664,0.647
0.457620,0.3052,0.4943,0.3944,0.702
0.460816,0.3333,0.5313,0.4331,0.762
0.466647,0.3797,0.5583,0.4634,0.819
0.470671,0.4387,0.6228,0.4761,0.898
0.475697,0.5631,0.6772,0.4617,0.994
0.480862,0.6577,0.7073,0.4677,1.073
0.485882,0.7465,0.8083,0.4368,1.184
0.490924,0.9108,0.8513,0.4500,1.325
0.495468,1.1269,0.9082,0.4542,1.517
0.500703,1.1896,0.9882,0.4265,1.604
0.505619,1.2005,1.0153,0.4375,1.632
0.510899,1.2457,1.0516,0.4391,1.688
0.515608,1.3584,1.0829,0.4168,1.787
0.520628,1.4099,1.1521,0.3752,1.859
0.525723,1.4248,1.1875,0.3710,1.892
0.530484,1.4742,1.1989,0.4375,1.950
0.535496,1.5491,1.1485,0.5315,2.000
0.540650,1.6579,1.1376,0.5847,2.094
0.545431,1.6828,1.1362,0.6712,2.138
0.550441,1.6719,1.0963,0.7531,2.136
0.555345,1.6873,1.0802,0.8538,2.178
0.561017,1.6762,1.0591,0.9268,2.189
0.565807,1.7058,1.0521,0.9477,2.217
0.576020,1.7713,1.0306,0.9404,2.255
0.582181,1.8489,0.9992,0.8572,2.270
0.583026,1.9008,0.9915,0.7748,2.280
0.585203,1.9318,0.9455,0.6926,2.260
0.590287,1.9039,0.8945,0.5914,2.185
0.595043,1.8649,0.8675,0.4903,2.114
0.600368,1.8192,0.8691,0.3788,2.051
0.609614,1.7628,0.8085,0.2625,1.957
0.610135,1.6856,0.7242,0.1504,1.841
0.615154,1.5734,0.6545,0.0903,1.706
0.620449,1.4689,0.5802,0.1061,1.583
0.625158,1.2957,0.4919,0.1212,1.391
0.630222,1.0956,0.4756,0.0973,1.198
0.635147,1.0036,0.3591,0.0445,1.067
0.639858,0.8993,0.3051,0.0820,0.953
0.644942,0.8111,0.2516,0.1189,0.857
0.649949,0.6483,0.1696,0.1362,0.684
0.654832,0.5685,0.1503,0.1054,0.597
0.659904,0.5995,0.0691,0.1172,0.615
0.664983,0.6428,-0.0786,0.0813,0.653
0.669843,0.6639,-0.1206,0.0886,0.681
0.674742,0.6965,-0.1288,0.0338,0.709
0.679858,0.6975,-0.1367,0.0653,0.714
0.684834,0.7388,-0.1491,0.0680,0.757
0.689928,0.7617,-0.1945,0.0320,0.787
0.695037,0.7975,-0.2825,0.0872,0.851
0.700208,0.7972,-0.3077,0.1855,0.874
0.705653,0.7416,-0.3421,0.2600,0.857
0.709715,0.6593,-0.3950,0.3397,0.840
0.714599,0.6220,-0.5190,0.4296,0.917
0.719792,0.5992,-0.6231,0.4817,0.990
0.724748,0.5843,-0.7121,0.5020,1.049
0.733820,0.5906,-0.8386,0.5239,1.152
0.734591,0.6083,-0.9642,0.4566,1.228
0.739577,0.5222,-0.9742,0.3284,1.153
0.744681,0.4326,-0.9643,0.0530,1.058
0.749907,0.4382,-1.0444,-0.3041,1.173
0.754958,0.4700,-1.1664,-0.7665,1.473
0.759651,0.5125,-1.3683,-1.3115,1.963
0.764456,0.4748,-1.3249,-1.6289,2.153
0.769588,0.3859,-1.2806,-1.9632,2.376
0.774389,0.3945,-1.4024,-2.1185,2.571
0.779843,0.4606,-1.5754,-2.1571,2.711
0.784370,0.4199,-1.7037,-2.0877,2.727
0.789562,0.0846,-1.7732,-1.5459,2.354
0.794231,-0.1055,-1.8320,-1.4970,2.368
0.799375,-0.2228,-1.9614,-1.6475,2.571
0.805143,-0.6889,-2.0419,-1.6626,2.722
0.809609,-1.3579,-2.1362,-1.7723,3.090
0.814354,-1.9981,-2.2059,-2.1391,3.665
0.819580,-2.6268,-2.2562,-2.6157,4.340
0.824775,-3.1065,-2.4261,-3.1457,5.043
0.836109,-3.6103,-2.6533,-3.6727,5.793
0.836660,-4.1200,-2.8760,-4.0016,6.423
0.839394,-4.5993,-3.0182,-4.2096,6.927
0.844159,-5.0897,-3.0944,-4.2684,7.328
0.849415,-5.3824,-3.3011,-4.3069,7.643
0.854898,-5.4922,-3.6191,-4.1572,7.781
0.859274,-5.6629,-3.9431,-3.8714,7.912
0.864328,-5.9332,-4.2636,-3.4679,8.087
0.869268,-6.4473,-4.6051,-3.0646,8.495
0.874260,-7.4417,-4.8681,-2.6465,9.278
0.880095,-8.5557,-5.1876,-2.1980,10.244
0.884169,-9.7446,-5.5499,-1.7604,11.352
0.889091,-10.9827,-5.9605,-1.4470,12.579
0.894423,-12.2344,-6.3573,-1.4391,13.862
0.899359,-13.3422,-6.7015,-1.6447,15.021
0.904225,-14.1748,-7.1422,-1.8858,15.984
0.909291,-14.9574,-7.6106,-2.3141,16.941
0.914079,-15.5779,-8.2391,-2.9512,17.868
0.919169,-15.9999,-9.0396,-3.5030,18.708
0.924085,-15.9180,-10.0136,-3.8042,19.187
0.930127,-15.2391,-11.0607,-3.9248,19.235
0.934024,-14.2115,-11.8912,-3.8819,18.932
0.939219,-12.8337,-12.6010,-3.6690,18.356
0.944035,-11.2826,-13.2768,-3.4803,17.767
0.949277,-9.6478,-13.8624,-3.3816,17.224
0.954030,-7.8322,-14.2256,-3.3113,16.573
0.958960,-5.7211,-14.2226,-3.3617,15.694
0.963753,-3.2609,-14.0701,-3.6466,14.896
0.968970,-0.5849,-13.5976,-4.0930,14.212
0.973751,2.2136,-12.6069,-4.6864,13.631
0.978910,5.1355,-11.0739,-5.6916,13.468
0.983834,8.4761,-8.9862,-7.1698,14.283
0.988765,12.2855,-6.8399,-8.9746,16.681
0.994387,16.2434,-4.6516,-10.7422,20.022
1.000658,19.9000,-2.3967,-12.0425,23.383
1.003703,23.1243,-0.2468,-12.6334,26.351
1.012048,26.0678,1.8433,-12.5438,28.987
1.014156,28.6182,3.8386,-12.1405,31.323
1.018517,30.5601,5.5653,-11.6708,33.183
1.023392,31.6369,6.8327,-11.0090,34.187
1.028522,31.9272,7.5583,-10.1934,34.357
1.033832,31.3320,7.9602,-9.2213,33.617
1.044905,29.9680,7.5508,-7.7870,31.871
1.045415,27.9276,6.6141,-6.5992,29.449
1.050845,25.5113,5.9105,-4.8266,26.628
1.053405,23.3577,5.3604,-2.7608,24.123
1.058919,21.0449,4.5936,-0.7082,21.552
1.063534,18.7685,3.6729,0.7915,19.141
1.068426,16.7818,3.0036,1.8442,17.148
1.073351,15.1032,2.4392,2.4729,15.497
1.078454,13.4848,1.9175,2.4451,13.838
1.083527,11.8426,1.3619,1.9804,12.084
1.091250,10.3938,0.6285,1.1988,10.482
1.093761,9.0950,-0.2858,0.1489,9.101
1.098331,7.6630,-1.1925,-1.0397,7.825
1.103226,6.0486,-2.1421,-2.3236,6.824
1.108578,4.3693,-3.1735,-3.6425,6.514
1.113295,2.6840,-4.2121,-4.9021,6.998
1.118802,1.0856,-5.2445,-5.9946,8.039
1.123121,-0.5109,-6.1592,-6.9528,9.303
1.128630,-2.0842,-7.0321,-7.7759,10.689
1.133149,-3.5997,-7.8244,-8.3479,11.994
1.138102,-5.0902,-8.5117,-8.6314,13.148
1.143041,-6.4009,-9.1200,-8.7159,14.146
1.148209,-7.8083,-9.7116,-8.7260,15.213
1.153199,-9.4457,-10.1207,-8.6170,16.306
1.158092,-11.1258,-10.4500,-8.1731,17.314
1.163323,-12.8303,-10.6590,-7.5665,18.316
1.168293,-14.7750,-10.6940,-6.9541,19.520
1.172965,-17.1466,-10.4770,-6.1190,21.005
1.178588,-19.6547,-10.2614,-5.2431,22.784
1.183559,-21.6263,-10.2134,-4.2712,24.295
1.193949,-22.8512,-10.2641,-3.2282,25.258
1.196328,-23.3377,-10.2530,-2.1317,25.580
1.200058,-23.2821,-10.4822,-1.2614,25.564
1.203019,-22.6564,-11.0944,-0.8775,25.242
1.208009,-21.6495,-11.9198,-0.6795,24.723
1.214785,-20.5742,-12.6158,-0.9891,24.154
1.217923,-19.7037,-13.0933,-1.8890,23.733
1.225259,-18.2574,-13.7787,-3.2389,23.101
1.227846,-16.6695,-14.2745,-4.9646,22.501
1.232711,-15.3590,-14.4199,-6.7251,22.115
1.238658,-14.0473,-14.4886,-8.2859,21.815
1.242670,-12.4845,-14.4251,-9.3584,21.249
1.247773,-10.7556,-14.2417,-9.9983,20.457
1.252762,-8.9751,-13.9896,-10.1974,19.500
1.257857,-7.0464,-13.7216,-9.8309,18.292
1.264855,-4.8083,-13.3873,-9.0118,16.839
1.267732,-2.1780,-12.7965,-8.0678,15.283
1.272579,0.6348,-11.9508,-7.3633,14.051
1.277566,3.4677,-10.9198,-7.0635,13.460
1.282957,6.1379,-9.6688,-7.2401,13.549
1.288238,9.0999,-8.1289,-7.7757,14.469
1.292941,12.7858,-6.4591,-8.5469,16.681
1.298202,17.1694,-4.4124,-9.5359,20.129
1.302498,21.6116,-2.2474,-10.5287,24.145
1.308585,25.4784,-0.2124,-11.2471,27.851
1.313554,28.4521,1.7762,-11.5207,30.747
1.317522,30.7006,3.7395,-11.5510,33.014
1.322485,32.1541,5.2892,-11.1797,34.451
1.327642,32.8064,6.2220,-10.4115,34.977
1.333806,32.5220,6.7693,-9.2231,34.476
1.343610,31.0902,6.9253,-7.7471,32.781
1.344184,28.6291,6.8295,-6.2298,30.085
1.347311,25.6236,6.3899,-4.7565,26.833
1.352423,22.4485,5.7060,-3.3242,23.400
1.358081,19.2891,4.9483,-2.0765,20.022
1.362208,16.2971,4.1839,-0.9979,16.855
1.367243,13.5847,3.4508,-0.1364,14.017
1.372150,11.1637,2.8048,0.5407,11.523
1.377352,9.0002,2.1882,1.0250,9.319
1.382150,7.1491,1.6561,1.3612,7.464
1.387321,5.4767,1.0491,1.5351,5.784
1.392561,4.0909,0.4353,1.6054,4.416
1.397205,2.8603,-0.1176,1.4481,3.208
1.402223,1.5625,-0.5568,1.0098,1.942
1.407263,0.3646,-1.0431,0.5112,1.218
1.412162,-0.6625,-1.5078,0.0764,1.649
1.417741,-1.5576,-1.9488,-0.2649,2.509
1.422006,-2.2507,-2.3472,-0.4848,3.288
1.427104,-2.7961,-2.6887,-0.6362,3.931
1.432295,-3.1811,-2.9401,-0.6666,4.383
1.437109,-3.4239,-3.2255,-0.6559,4.749
1.442139,-3.5099,-3.5470,-0.6406,5.031
1.446960,-3.5006,-3.8131,-0.6865,5.222
1.452015,-3.5789,-3.9766,-0.8224,5.413
1.457039,-3.7405,-4.0908,-0.9481,5.624
1.461947,-3.9340,-4.1034,-0.9540,5.764
1.466994,-4.0908,-4.0006,-0.8202,5.780
1.472297,-4.2020,-3.8173,-0.6589,5.715
1.477654,-4.3039,-3.6828,-0.6124,5.698
1.482039,-4.2864,-3.6073,-0.5417,5.628
1.487109,-4.1252,-3.5146,-0.4085,5.435
1.491742,-3.8966,-3.3958,-0.2222,5.173
1.499781,-3.6635,-3.2894,-0.0489,4.924
1.501714,-3.5130,-3.1435,0.0872,4.715
1.506696,-3.4076,-2.9342,0.1580,4.500
1.511576,-3.1650,-2.7147,0.1969,4.174
1.516885,-2.8901,-2.5378,0.1554,3.849
1.521617,-2.5775,-2.4417,0.0666,3.551
1.526767,-2.3907,-2.2209,-0.1136,3.265
1.531669,-2.2886,-2.0190,-0.3673,3.074
1.537247,-2.1239,-1.8027,-0.6099,2.852
1.541537,-1.8964,-1.6678,-0.9384,2.694
1.548014,-1.6731,-1.5471,-1.2630,2.605
1.557059,-1.4640,-1.4313,-1.4695,2.520
1.563156,-1.2870,-1.3825,-1.5448,2.440
1.563832,-1.1372,-1.3002,-1.4318,2.244
1.566519,-0.9186,-1.2227,-1.2311,1.963
1.571442,-0.6594,-1.1835,-1.0430,1.710
1.576592,-0.4258,-1.1109,-0.7235,1.392
1.581735,-0.1220,-1.0191,-0.3245,1.076
1.586815,0.1059,-0.9128,-0.0270,0.919
1.591538,0.2628,-0.7728,0.2898,0.866
1.596778,0.3494,-0.5945,0.5453,0.879
1.601726,0.3855,-0.4113,0.6969,0.896
1.606608,0.4243,-0.2326,0.7395,0.884
1.611505,0.3690,-0.1303,0.6394,0.750
1.616566,0.3554,-0.1326,0.4772,0.610
1.622045,0.3111,-0.1820,0.2956,0.466
1.626423,0.2309,-0.1398,0.1613,0.314
1.631262,0.1962,-0.1399,0.1554,0.287
1.636406,0.1400,-0.1201,0.1726,0.253
1.641330,0.1188,-0.1522,0.1941,0.274
1.651446,0.0723,-0.2262,0.2584,0.351
1.651765,-0.0245,-0.3230,0.1839,0.373
1.656378,-0.0472,-0.4569,0.1911,0.498
1.661145,-0.0151,-0.5752,0.2704,0.636
1.666382,-0.0435,-0.6156,0.1924,0.646
1.671448,-0.1240,-0.6696,0.0580,0.683
1.676494,-0.2211,-0.7891,-0.0228,0.820
1.681168,-0.3694,-0.8930,-0.1457,0.977
1.686335,-0.5886,-0.9862,-0.3439,1.199
1.691240,-0.9368,-1.0928,-0.5170,1.529
1.696363,-1.2658,-1.1842,-0.6893,1.865
1.700882,-1.4771,-1.3086,-0.9088,2.173
1.705961,-1.7117,-1.4512,-1.2044,2.547
1.710829,-1.9570,-1.6265,-1.5379,2.973
1.716209,-2.2228,-1.8396,-1.8330,3.418
1.721681,-2.6339,-2.0569,-2.0946,3.944
1.725986,-3.0187,-2.2310,-2.2993,4.402
1.731154,-3.3838,-2.4774,-2.5622,4.914
1.736206,-3.8187,-2.7718,-2.9218,5.550
1.740817,-4.2008,-3.0907,-3.2923,6.168
1.746589,-4.5737,-3.4488,-3.6313,6.782
1.750941,-5.1247,-3.8417,-3.9919,7.547
1.755858,-5.8358,-4.2602,-4.2165,8.366
1.760780,-6.6044,-4.7104,-4.3008,9.182
1.766075,-7.8733,-5.0882,-4.4037,10.357
1.774024,-9.6374,-5.5488,-4.5065,11.999
1.775998,-11.9387,-6.1608,-4.6491,14.216
1.782535,-14.2257,-6.7194,-4.4882,16.360
1.785788,-16.0828,-7.2024,-3.8858,18.045
1.790773,-17.7104,-7.7488,-3.1893,19.593
1.796639,-19.2945,-8.3984,-2.2154,21.159
1.800841,-20.5460,-9.3600,-0.9410,22.597
1.808116,-21.5271,-10.6026,0.4624,24.001
1.810685,-22.4371,-11.8885,1.6396,25.445
1.819020,-22.7945,-13.2896,2.9690,26.552
1.820582,-22.1565,-14.9328,4.0929,27.031
1.825974,-20.8860,-16.8223,4.4355,27.182
1.831775,-19.3327,-18.6900,4.1269,27.205
1.835519,-17.2703,-20.3215,3.0313,26.841
1.840466,-14.8239,-21.5945,1.2393,26.222
1.845551,-12.2088,-22.0480,-1.2509,25.234
1.850355,-9.8258,-21.9335,-4.5918,24.469
1.859086,-7.3304,-21.7492,-8.4232,24.448
1.860371,-3.9920,-21.2681,-12.2662,24.874
1.867369,0.4686,-20.1185,-15.4501,25.371
1.870353,5.7876,-18.3255,-17.9214,26.277
1.875404,11.8911,-15.9993,-19.5869,27.947
1.882117,17.9497,-13.0558,-20.7680,30.397
1.885402,23.0040,-9.1395,-21.1546,32.561
1.891222,28.0546,-5.2990,-20.5537,35.179
1.895218,33.6087,-2.5815,-20.2200,39.307
1.900174,37.2599,0.0269,-19.3906,42.003
1.906592,39.0523,2.5783,-18.1288,43.132
1.910125,39.1289,4.4933,-16.5273,42.713
1.915531,37.9049,5.2709,-14.6998,40.996
1.920454,35.8440,5.1193,-12.8381,38.416
1.925269,33.0977,4.7599,-10.8897,35.167
1.930069,30.1239,4.2677,-8.8976,31.699
1.935063,26.7808,3.7611,-6.9574,27.924
1.940073,22.9914,3.2358,-5.3391,23.824
1.945361,19.2730,2.7179,-4.0425,19.879
1.950303,15.8373,2.3254,-3.0019,16.286
1.955391,12.8391,2.0097,-2.1370,13.170
1.960117,10.2614,1.6396,-1.4400,10.491
1.966032,8.0019,1.2077,-0.8360,8.136
1.970054,5.8833,0.7468,-0.2718,5.937
1.975254,3.9466,0.3157,0.1618,3.962
1.980104,2.0142,-0.1538,0.4639,2.073
1.985083,0.2170,-0.6461,0.7259,0.996
1.989888,-1.4005,-1.1365,0.9573,2.042
1.994867,-2.7749,-1.6819,0.9998,3.395
1.999841,-3.8789,-2.2230,0.9555,4.572
2.004797,-4.8963,-2.6961,0.8964,5.661
2.009771,-5.7277,-3.0950,0.7760,6.556
2.015232,-6.4670,-3.3531,0.6132,7.310
2.019674,-6.9588,-3.6674,0.4123,7.877
2.024870,-7.1908,-3.9332,0.1625,8.198
2.029550,-7.2762,-4.2038,-0.0255,8.403
2.034723,-7.1147,-4.4050,-0.2076,8.371
2.039690,-6.9094,-4.4655,-0.3635,8.235
2.044634,-6.6937,-4.4438,-0.3688,8.043
2.049533,-6.3088,-4.3648,-0.3239,7.678
2.054537,-5.9213,-4.1816,-0.3822,7.259
2.059720,-5.5216,-4.0287,-0.5434,6.857
2.064762,-5.1494,-3.8545,-0.8433,6.487
2.069439,-4.7857,-3.6736,-1.1486,6.141
2.074575,-4.3915,-3.4817,-1.4220,5.782
2.079476,-4.0234,-3.2120,-1.6168,5.396
2.084464,-3.6898,-2.9510,-1.7387,5.035
2.089349,-3.4142,-2.7086,-1.8740,4.744
2.094401,-3.1712,-2.4896,-1.9044,4.459
2.099515,-3.0183,-2.2607,-1.9352,4.239
2.104667,-2.8640,-2.0410,-1.9236,4.009
2.109476,-2.6891,-1.8353,-1.8744,3.757
2.114918,-2.4836,-1.6103,-1.8070,3.468
2.119537,-2.2378,-1.4282,-1.6682,3.135
2.124572,-1.9650,-1.2651,-1.5640,2.812
2.130125,-1.6556,-1.1116,-1.5277,2.512
2.134488,-1.3569,-1.0010,-1.4827,2.245
2.139960,-1.1305,-0.9096,-1.4678,2.064
2.144831,-0.9090,-0.8468,-1.4643,1.920
2.149452,-0.7068,-0.7838,-1.4340,1.780
2.156968,-0.5039,-0.7255,-1.4596,1.706
2.159358,-0.3431,-0.7053,-1.4837,1.678
2.166020,-0.2101,-0.6417,-1.3964,1.551
2.169130,-0.0997,-0.6114,-1.3558,1.491
2.174204,0.0409,-0.5233,-1.2709,1.375
2.179527,0.1446,-0.4253,-1.1169,1.204
2.184286,0.2266,-0.3557,-0.9715,1.059
2.189006,0.2437,-0.2093,-0.8431,0.902
2.194073,0.3058,-0.1055,-0.6980,0.769
2.199510,0.4035,-0.0636,-0.5693,0.701
2.204571,0.4987,0.0267,-0.4853,0.696
2.209012,0.4999,0.1222,-0.4256,0.668
2.213955,0.4367,0.2135,-0.3489,0.598
2.218837,0.3609,0.2815,-0.2736,0.533
2.224167,0.3539,0.2879,-0.1994,0.498
2.229451,0.4011,0.2713,-0.1117,0.497
2.233909,0.4500,0.1837,-0.0389,0.488
2.238826,0.4954,0.1687,0.0058,0.523
2.244441,0.5384,0.1451,-0.0416,0.559
2.249535,0.5065,0.0697,-0.0843,0.518
2.254751,0.4567,-0.0190,-0.0839,0.465
2.259207,0.3262,-0.0780,-0.0401,0.338
2.266705,0.1480,-0.2126,0.0520,0.264
2.268852,-0.0218,-0.2508,0.1459,0.291
2.275340,-0.1105,-0.3408,0.3122,0.475
2.279134,-0.1724,-0.3489,0.5093,0.641
2.283761,-0.2940,-0.3185,0.6706,0.798
2.288728,-0.3945,-0.2404,0.8444,0.962
2.293987,-0.4408,-0.1721,1.0215,1.126
2.298618,-0.4381,-0.1953,1.1933,1.286
2.304454,-0.3905,-0.2190,1.2344,1.313
2.308659,-0.3560,-0.2481,1.2461,1.320
2.313656,-0.3296,-0.2923,1.2474,1.323
2.318880,-0.3213,-0.3036,1.1564,1.238
2.323640,-0.3167,-0.3253,1.1024,1.192
2.328550,-0.3017,-0.4434,1.1045,1.228
2.333534,-0.2327,-0.5669,1.0423,1.209
2.338428,-0.1765,-0.6192,0.9735,1.167
2.343703,-0.1520,-0.6627,1.0270,1.232
2.348596,-0.1495,-0.6973,1.0928,1.305
2.354070,-0.1015,-0.7424,1.1326,1.358
2.358572,-0.0892,-0.8027,1.1661,1.419
2.363520,-0.0402,-0.8879,1.1787,1.476
2.368555,-0.0022,-0.8782,1.2181,1.502
2.373511,-0.0563,-0.8455,1.2267,1.491
2.380107,-0.0970,-0.8089,1.2091,1.458
2.383470,-0.1096,-0.7826,1.1795,1.420
2.388335,-0.1083,-0.7667,1.1616,1.396
2.393735,0.0173,-0.6796,1.0977,1.291
2.398247,0.0860,-0.6074,0.9637,1.142
2.403291,0.1366,-0.5310,0.8408,1.004
2.408313,0.1695,-0.4310,0.6903,0.831
2.414430,0.0648,-0.3694,0.5353,0.654
2.418125,-0.0196,-0.2647,0.4137,0.491
2.423231,-0.1176,-0.1981,0.2485,0.339
2.428176,-0.2340,-0.1888,0.1879,0.355
2.433285,-0.3168,-0.1409,0.1503,0.378
2.438601,-0.4090,-0.1119,0.0783,0.431
2.443056,-0.4633,-0.1018,0.0629,0.478
2.448102,-0.5182,-0.0867,0.1040,0.536
2.453128,-0.5597,-0.0043,0.1823,0.589
2.458041,-0.6074,0.0735,0.2453,0.659
2.463164,-0.5417,0.1705,0.3360,0.660
2.467922,-0.4344,0.1718,0.4402,0.642
2.473108,-0.2895,0.1827,0.6209,0.709
2.477922,-0.1069,0.1265,0.7636,0.781
2.483118,0.0516,0.1512,0.9455,0.959
2.488139,0.1814,0.1467,1.1241,1.148
2.493483,0.2348,0.1941,1.2474,1.284
2.498394,0.2649,0.1975,1.2631,1.306
2.503417,0.2764,0.2002,1.2143,1.261
2.508087,0.2502,0.1782,1.0814,1.124
2.512962,0.1958,0.1319,0.9410,0.970
2.518235,0.0891,0.0708,0.7590,0.768
2.522967,-0.0223,0.0622,0.5829,0.587
2.527918,-0.0523,0.0679,0.3834,0.393
2.533190,-0.0440,0.0737,0.1172,0.145
2.540005,-0.0499,0.0604,-0.0632,0.101
2.543062,-0.0651,0.0234,-0.1623,0.176
2.548091,-0.0466,0.0011,-0.2907,0.294
2.552968,0.0150,0.0891,-0.3719,0.383
2.559029,0.0239,0.1103,-0.4492,0.463
2.569117,0.0906,0.1750,-0.5086,0.545
2.569460,0.1627,0.1969,-0.5788,0.633
2.572837,0.2068,0.1810,-0.6309,0.688
2.577662,0.1897,0.1415,-0.6651,0.706
2.582834,0.1781,0.1502,-0.5995,0.643
2.588141,0.1384,0.1495,-0.5011,0.541
2.593193,0.0512,0.1393,-0.4460,0.470
2.597571,0.0026,0.1483,-0.3814,0.409
2.602637,0.0885,0.0805,-0.3213,0.343
2.607523,0.3044,-0.0353,-0.1165,0.328
2.612983,0.3297,-0.0892,0.0035,0.342
2.618151,0.2310,-0.0621,0.0336,0.242
2.622604,0.1368,-0.0352,0.0073,0.141
2.627344,0.0998,-0.0613,-0.0948,0.151
2.632698,0.0580,-0.0923,-0.2010,0.229
2.638107,0.0449,-0.1089,-0.3453,0.365
2.642914,-0.0070,-0.0679,-0.5185,0.523
2.647443,-0.0594,-0.0603,-0.6539,0.659
2.652466,-0.0402,-0.0858,-0.7235,0.730
2.657668,0.1033,-0.1109,-0.6696,0.687
2.662701,0.2711,-0.1214,-0.5544,0.629
2.667343,0.3966,-0.0982,-0.4686,0.622
2.673942,0.4220,0.0255,-0.3975,0.580
2.677986,0.1074,0.1442,-0.1538,0.237
2.682362,-0.1598,0.1332,0.0859,0.225
2.687431,-0.1310,-0.0696,0.2594,0.299
2.692892,-0.1700,-0.1910,0.2660,0.369
2.697153,-0.3056,-0.1785,0.2256,0.420
2.702228,-0.3993,-0.1329,0.2005,0.466
2.707432,-0.4992,-0.1116,0.1955,0.548
2.712899,-0.5714,-0.0713,0.1191,0.588
2.717178,-0.5250,-0.0598,-0.0001,0.528
2.722222,-0.4123,-0.0531,-0.1101,0.430
2.726966,-0.2954,-0.0652,-0.1490,0.337
2.732053,-0.1594,-0.0387,-0.2128,0.269
2.737566,-0.0231,0.0072,-0.2300,0.231
2.742072,0.0705,-0.0086,-0.2631,0.273
2.746982,0.1457,-0.0239,-0.2547,0.294
2.752647,0.2010,-0.0147,-0.2841,0.348
2.757021,0.1903,0.0044,-0.2720,0.332
2.765689,0.1850,0.0332,-0.2280,0.295
2.767199,0.2041,0.0430,-0.1569,0.261
2.774700,0.1667,0.0293,-0.1061,0.200
2.776906,0.1730,0.0063,-0.0370,0.177
2.781923,0.1367,-0.0118,0.0743,0.156
2.787846,0.1008,0.0033,0.1853,0.211
2.792318,0.0792,-0.0057,0.2203,0.234
2.797332,0.0054,-0.0197,0.2799,0.281
2.801797,-0.0586,-0.0530,0.2882,0.299
2.806843,-0.0894,-0.0911,0.3072,0.333
2.811896,-0.2108,-0.0676,0.2750,0.353
2.817174,-0.2895,-0.0589,0.2490,0.386
2.821866,-0.3258,-0.0552,0.1240,0.353
2.826748,-0.3629,-0.0041,0.0573,0.367
2.831780,-0.3292,0.0038,0.0147,0.330
2.836770,-0.2679,0.0355,-0.0612,0.277
2.841827,-0.1932,0.0577,-0.0471,0.207
2.846670,-0.1764,0.0276,-0.0245,0.180
2.851755,-0.0694,-0.0019,-0.0076,0.070
2.857671,-0.0107,-0.0263,0.0511,0.058
2.862062,-0.0472,-0.0075,0.1232,0.132
2.866761,-0.0595,-0.0221,0.1612,0.173
2.873056,-0.0862,-0.0890,0.2326,0.264
2.876923,-0.1129,-0.1032,0.3610,0.392
2.881869,-0.1777,-0.1794,0.4371,0.505
2.887255,-0.1903,-0.2458,0.5137,0.600
2.891699,-0.2272,-0.2598,0.5437,0.644
2.896613,-0.2836,-0.2646,0.6034,0.717
2.901830,-0.3213,-0.2841,0.6120,0.747
2.906568,-0.3598,-0.2184,0.5270,0.674
2.911848,-0.3846,-0.1868,0.3915,0.580
2.916962,-0.4054,-0.1652,0.3387,0.553
2.926063,-0.3270,-0.2010,0.2204,0.443
2.926477,-0.2211,-0.1747,0.1126,0.303
2.931435,-0.1447,-0.1580,0.0199,0.215
2.936703,-0.0401,-0.1604,-0.0772,0.182
2.941526,0.0453,-0.1719,-0.1411,0.227
2.946277,0.1022,-0.1546,-0.2196,0.287
2.951335,0.1404,-0.1276,-0.1845,0.265
2.956339,0.1838,-0.0862,-0.2317,0.308
2.961374,0.2229,-0.0827,-0.2893,0.374
2.966342,0.2814,-0.1027,-0.3002,0.424
2.971279,0.3024,-0.1079,-0.2648,0.416
2.976363,0.2958,-0.1033,-0.2590,0.406
2.981249,0.2901,-0.0700,-0.2255,0.374
2.986122,0.2421,-0.0700,-0.1786,0.309
2.991269,0.2044,-0.0986,-0.0751,0.239
2.996640,0.1720,-0.1317,-0.0102,0.217
3.001209,0.1542,-0.1266,0.0591,0.208
3.006299,0.0891,-0.1027,0.0713,0.153
3.011193,0.0624,-0.0981,0.1077,0.158
3.016212,0.0074,-0.0937,0.1491,0.176
3.021255,-0.0285,-0.1322,0.1242,0.184
3.025945,-0.0598,-0.1183,0.1001,0.166
3.031020,-0.0673,-0.0428,0.1002,0.128
3.036028,-0.1178,-0.0298,0.1101,0.164
3.041041,-0.1111,0.0305,0.0964,0.150
3.046194,-0.0524,0.0381,0.0921,0.113
3.051007,0.0153,0.0886,-0.0028,0.090
3.055832,0.0589,0.1103,-0.1121,0.168
3.060959,0.0883,0.1322,-0.1597,0.225
3.066153,0.1370,0.1351,-0.1747,0.260
3.071403,0.1191,0.1287,-0.1858,0.256
3.075818,0.1016,0.1227,-0.1930,0.250
3.080952,0.0750,0.0931,-0.1723,0.210
3.085781,0.0774,0.0686,-0.1235,0.161
3.091017,0.0751,0.0205,-0.0799,0.112
3.096441,0.0730,-0.0082,0.0207,0.076
3.100856,0.0472,-0.0512,0.1213,0.140
3.105614,-0.0164,-0.0655,0.1173,0.135
3.110899,-0.0461,-0.1130,-0.0241,0.124
3.115900,-0.1086,-0.0980,-0.8547,0.867
3.123852,-0.1421,-0.1062,-1.1296,1.143
3.125582,-0.1520,-0.0619,-0.6195,0.641
3.133106,-0.1003,-0.0796,-0.2231,0.257
3.135596,-0.0060,-0.1496,-0.0622,0.162
3.140760,0.0401,-0.1337,0.0267,0.142
3.146116,0.0765,-0.1370,0.1204,0.198
3.150582,0.0651,-0.0930,0.1996,0.230
3.155441,0.0348,-0.0686,0.2884,0.298
3.160485,0.0426,0.0268,0.2680,0.273
3.165493,0.0120,0.0974,0.2007,0.223
3.171221,0.0006,0.1532,0.1151,0.192
3.175480,0.0083,0.1515,0.1536,0.216
3.180475,-0.0273,0.1024,0.2249,0.249
3.185338,-0.0913,0.0537,0.1911,0.218
3.190551,-0.0977,0.0482,0.1002,0.148
3.196188,-0.0946,0.1047,-0.0760,0.160
3.200583,-0.0870,0.1466,-0.1565,0.231
