0.002145,0.0749,0.2204,-0.7313,0.767
0.006161,0.1689,0.1723,-0.7246,0.764
0.008996,0.3201,0.1585,-0.6394,0.732
0.014190,0.4192,0.1500,-0.5236,0.687
0.019056,0.4667,0.0992,-0.4102,0.629
0.023800,0.4771,0.0727,-0.2462,0.542
0.028721,0.4126,0.0178,-0.0834,0.421
0.034024,0.4827,-0.0513,0.2311,0.538
0.039780,0.4059,-0.0393,0.3063,0.510
0.044119,0.2681,-0.0182,0.2868,0.393
0.049429,0.1787,-0.0592,0.2493,0.312
0.053692,0.1039,-0.0669,0.1941,0.230
0.058771,0.0005,-0.0604,0.1731,0.183
0.065022,-0.0364,-0.0589,0.1291,0.146
0.068743,-0.0406,-0.0384,0.1335,0.145
0.073829,-0.0504,-0.0516,0.1766,0.191
0.078670,-0.0228,-0.0886,0.2249,0.243
0.083556,-0.0388,-0.0685,0.2405,0.253
0.088585,-0.0267,-0.0536,0.2237,0.232
0.094218,-0.0154,-0.0343,0.2362,0.239
0.098752,-0.0092,-0.0390,0.2300,0.233
0.103538,0.0349,-0.0580,0.2148,0.225
0.109236,0.0452,-0.0485,0.1333,0.149
0.113823,0.0270,-0.0437,0.1381,0.147
0.119554,0.0088,-0.0247,0.1189,0.122
0.123456,0.0002,0.0132,0.1283,0.129
0.128411,0.0153,0.0081,0.1134,0.115
0.133578,0.0351,0.0175,0.1173,0.124
0.138976,0.0645,-0.0017,0.1353,0.150
0.143935,0.0890,-0.0017,0.1672,0.189
0.148362,0.0894,0.0221,0.1562,0.181
0.153399,0.0754,0.0076,0.2071,0.221
0.158458,0.0662,0.0026,0.2152,0.225
0.163487,0.0997,-0.0072,0.2284,0.249
0.168963,0.1421,0.0019,0.2374,0.277
0.173396,0.1416,-0.0320,0.2136,0.258
0.178330,0.1412,-0.0373,0.2096,0.255
0.183260,0.1362,-0.0664,0.1584,0.219
0.190009,0.1170,-0.1097,0.1508,0.220
0.193895,0.1221,-0.1098,0.1194,0.203
0.198212,0.0894,-0.1194,0.0597,0.161
0.204703,0.0716,-0.1098,0.0001,0.131
0.208116,0.0545,-0.1097,-0.0359,0.128
0.213481,0.0190,-0.1141,-0.0628,0.132
0.219157,-0.0204,-0.1325,-0.0616,0.148
0.223390,-0.0733,-0.1126,-0.0517,0.144
0.228626,-0.1062,-0.1259,-0.0282,0.167
0.232987,-0.1574,-0.1295,0.0042,0.204
0.238133,-0.2174,-0.1378,0.0171,0.258
0.243902,-0.2386,-0.1317,0.0677,0.281
0.248148,-0.2784,-0.1398,0.1034,0.328
0.252924,-0.3131,-0.1811,0.0722,0.369
0.258003,-0.3333,-0.1746,0.0794,0.385
0.262842,-0.3677,-0.2014,0.0913,0.429
0.268970,-0.4401,-0.1995,0.0986,0.493
0.273074,-0.4603,-0.1738,0.0964,0.501
0.277907,-0.4855,-0.1865,0.1041,0.530
0.282980,-0.5349,-0.1850,0.1265,0.580
0.288421,-0.5895,-0.1455,0.1491,0.625
0.292780,-0.6206,-0.1349,0.1719,0.658
0.298079,-0.5953,-0.1389,0.1999,0.643
0.302762,-0.5948,-0.1097,0.2329,0.648
0.307900,-0.6285,-0.1284,0.2140,0.676
0.312685,-0.6248,-0.1138,0.2433,0.680
0.317762,-0.6075,-0.1043,0.2777,0.676
0.324483,-0.5721,-0.1092,0.2743,0.644
0.327811,-0.5472,-0.0857,0.2763,0.619
0.332860,-0.5231,-0.0911,0.2978,0.609
0.337890,-0.4806,-0.1203,0.3101,0.584
0.342477,-0.4199,-0.0972,0.2992,0.525
0.348286,-0.3836,-0.1458,0.3177,0.519
0.352562,-0.3812,-0.1562,0.2939,0.506
0.357775,-0.3790,-0.1429,0.2662,0.485
0.362550,-0.3485,-0.1299,0.2535,0.450
0.367688,-0.3379,-0.1693,0.2366,0.446
0.372712,-0.3468,-0.1800,0.1726,0.427
0.377757,-0.3183,-0.1858,0.1569,0.401
0.382721,-0.3142,-0.1964,0.1510,0.400
0.387523,-0.3012,-0.1880,0.1788,0.398
0.392386,-0.2507,-0.1892,0.1495,0.348
0.397640,-0.2487,-0.2142,0.1590,0.365
0.402437,-0.2472,-0.1868,0.1449,0.342
0.408203,-0.2366,-0.2072,0.1599,0.353
0.412397,-0.2362,-0.1991,0.1801,0.358
0.417542,-0.2367,-0.1627,0.2009,0.351
0.422431,-0.2523,-0.1601,0.2700,0.403
0.427258,-0.2884,-0.2102,0.3261,0.483
0.432209,-0.3403,-0.2271,0.4551,0.612
0.438135,-0.3700,-0.2396,0.5617,0.714
0.442320,-0.3827,-0.2099,0.6180,0.757
0.447311,-0.3975,-0.2382,0.6341,0.785
0.452163,-0.3714,-0.2619,0.6716,0.811
0.457268,-0.3817,-0.2816,0.6939,0.841
0.462280,-0.4089,-0.3208,0.7626,0.923
0.467767,-0.4340,-0.3698,0.8155,0.995
0.472278,-0.4333,-0.4190,0.9433,1.119
0.477229,-0.3882,-0.4874,1.0887,1.254
0.482204,-0.3789,-0.5557,1.0939,1.284
0.487039,-0.4832,-0.5385,1.1333,1.345
0.492062,-0.6005,-0.5835,1.1628,1.433
0.497300,-0.6695,-0.5711,1.1584,1.455
0.502327,-0.7291,-0.4541,1.3011,1.559
0.507176,-0.7272,-0.3616,1.5000,1.706
0.511955,-0.6528,-0.3121,1.6302,1.784
0.516991,-0.5847,-0.1444,1.7725,1.872
0.521984,-0.4450,-0.0205,1.9879,2.037
0.527198,-0.2622,0.0552,2.1668,2.183
0.532367,-0.0738,0.0643,2.1862,2.188
0.537027,0.1831,0.0692,2.1189,2.128
0.541745,0.5061,0.1511,1.9391,2.010
0.547005,0.8595,0.2477,1.6179,1.849
0.552093,1.1554,0.2737,1.2138,1.698
0.557280,1.3141,0.2634,0.7590,1.540
0.561893,1.4324,0.3170,0.3611,1.511
0.566776,1.6805,0.4220,-0.0160,1.733
0.571763,1.9671,0.5287,-0.3359,2.064
0.578232,2.1705,0.6464,-0.5855,2.339
0.581714,2.3402,0.6794,-0.7928,2.563
0.586623,2.3999,0.6705,-1.0064,2.687
0.591560,2.4596,0.7581,-1.1457,2.817
0.596777,2.5144,0.8985,-1.1681,2.914
0.602211,2.6317,1.0003,-1.2050,3.062
0.606635,2.7723,1.0349,-1.2337,3.206
0.611680,2.9945,1.1118,-1.2033,3.413
0.616568,3.1217,1.2066,-1.2234,3.563
0.621630,3.1781,1.2903,-1.1742,3.625
0.626938,3.2456,1.4487,-1.1561,3.738
0.631435,3.3244,1.5809,-1.2081,3.874
0.636454,3.3857,1.6917,-1.4100,4.039
0.641350,3.4684,1.7569,-1.6434,4.221
0.646660,3.5198,1.7718,-1.8753,4.364
0.651986,3.5069,1.8128,-2.0296,4.439
0.656519,3.3822,1.8082,-2.1442,4.394
0.661528,3.1978,1.7966,-2.1279,4.241
0.666517,3.0410,1.7779,-2.0855,4.094
0.671318,2.9157,1.6807,-2.1120,3.973
0.676787,2.8261,1.5916,-2.1741,3.905
0.681338,2.7816,1.4582,-2.3297,3.910
0.686241,2.8011,1.2901,-2.4499,3.939
0.691242,2.7923,1.1360,-2.5057,3.920
0.696418,2.7721,0.9762,-2.5126,3.867
0.702728,2.7203,0.7637,-2.5507,3.806
0.706317,2.5796,0.5084,-2.4759,3.612
0.711806,2.3739,0.2826,-2.4501,3.423
0.716351,2.1843,0.0389,-2.3764,3.228
0.721202,1.9461,-0.1838,-2.2195,2.958
0.730213,1.6343,-0.3620,-2.0663,2.659
0.731189,1.4236,-0.5525,-1.9143,2.449
0.736118,1.2322,-0.7645,-1.8339,2.338
0.740904,1.0548,-0.9214,-1.7907,2.273
0.746405,0.9533,-1.1425,-1.7788,2.319
0.751109,0.8675,-1.3463,-1.8446,2.443
0.756087,0.7683,-1.5331,-1.9466,2.594
0.761033,0.6246,-1.6978,-2.0259,2.716
0.766163,0.4791,-1.8643,-2.1539,2.889
0.770988,0.4127,-2.0134,-2.3880,3.151
0.777255,0.2623,-2.1643,-2.6614,3.440
0.780947,0.1687,-2.3933,-2.9210,3.780
0.785945,-0.0790,-2.6285,-3.2167,4.155
0.790891,-0.4265,-2.8412,-3.5385,4.558
0.796461,-0.6783,-2.9407,-3.8007,4.853
0.802147,-0.9212,-3.0946,-4.0803,5.203
0.805915,-1.1175,-3.2933,-4.3062,5.535
0.810817,-1.3369,-3.4081,-4.5495,5.840
0.815887,-1.5705,-3.5773,-4.7591,6.157
0.820776,-1.8739,-3.7392,-4.9347,6.469
0.825884,-2.2908,-3.9179,-4.9901,6.745
0.830749,-2.7406,-4.0469,-5.0547,7.031
0.835724,-3.2242,-4.1459,-5.1524,7.357
0.840562,-3.6297,-4.2443,-5.1393,7.590
0.845745,-3.9926,-4.2703,-5.0745,7.741
0.850718,-4.3443,-4.3585,-5.0291,7.947
0.855856,-4.7575,-4.4093,-4.8355,8.091
0.865596,-5.3727,-4.3948,-4.5225,8.284
0.866166,-6.1439,-4.3497,-4.1285,8.586
0.870610,-7.0556,-4.2710,-3.7351,9.054
0.875728,-8.0853,-4.2644,-3.4631,9.775
0.880668,-9.3662,-4.3505,-3.1831,10.807
0.885686,-10.7347,-4.5638,-2.7381,11.982
0.890476,-12.0802,-4.8098,-2.1754,13.183
0.895614,-13.3211,-5.0561,-1.4309,14.320
0.900589,-14.1824,-5.4079,-0.7017,15.195
0.905632,-14.7574,-6.0233,-0.2375,15.941
0.910410,-14.8876,-6.8951,0.2791,16.409
0.915539,-14.5151,-7.9726,0.7782,16.579
0.920509,-13.8490,-9.1041,1.1186,16.611
0.925765,-13.6228,-9.8226,1.4371,16.856
0.930421,-13.0896,-10.6926,1.5514,16.973
0.935330,-12.0071,-11.7058,1.3834,16.826
0.940323,-11.0141,-12.6592,0.8721,16.803
0.945602,-10.2662,-13.3515,-0.2248,16.844
0.950343,-9.7038,-13.7969,-1.7173,16.955
0.955345,-9.1338,-14.0865,-3.5187,17.153
0.960250,-8.2038,-14.2514,-5.6270,17.380
0.965577,-6.6772,-14.1203,-8.0361,17.565
0.970232,-4.3354,-13.5854,-10.5102,17.715
0.975183,-1.1594,-12.7327,-12.8335,18.115
0.980283,2.5820,-11.3261,-14.6037,18.661
0.987815,7.3939,-9.1475,-15.6238,19.556
0.990653,13.1220,-6.4301,-16.3329,21.916
0.996858,19.1198,-3.4164,-16.5905,25.544
1.000183,25.3872,-0.8368,-16.5954,30.342
1.005128,30.5086,1.6313,-16.2817,34.620
1.010222,34.2243,4.2791,-15.0971,37.650
1.015064,36.7699,6.5988,-13.2933,39.652
1.020083,37.7203,8.0219,-11.2491,40.171
1.025628,36.8277,8.6305,-8.9454,38.869
1.030190,34.7421,8.7592,-6.3938,36.395
1.035412,32.1060,8.2989,-4.1741,33.423
1.040329,29.2214,7.4078,-2.2661,30.231
1.046999,26.0193,6.5301,-0.7665,26.837
1.050590,22.8417,5.7568,0.1391,23.556
1.054962,19.8771,4.7534,0.4145,20.442
1.060572,16.9810,3.5716,0.2466,17.354
1.064877,14.2883,2.4504,-0.1563,14.498
1.069999,11.8390,1.4600,-0.6532,11.947
1.075175,9.6346,0.3258,-1.1263,9.706
1.079784,7.5086,-0.8275,-1.6827,7.739
1.084769,5.5398,-2.0789,-2.2281,6.323
1.089990,3.3510,-3.2901,-2.8416,5.489
1.094754,0.8367,-4.1346,-3.4345,5.440
1.099899,-1.2048,-5.0379,-3.9375,6.507
1.105012,-2.7227,-6.1575,-4.7707,8.251
1.110391,-5.2317,-6.7140,-5.3271,10.041
1.114759,-7.5057,-7.1799,-5.2285,11.629
1.119632,-9.2912,-7.9201,-5.2362,13.284
1.124703,-11.7849,-8.2778,-5.1134,15.282
1.130045,-15.2271,-8.1720,-5.2004,18.047
1.141352,-18.7232,-8.2680,-5.4863,21.190
1.142189,-21.5865,-8.4554,-5.2819,23.777
1.144579,-24.0415,-8.5805,-4.5052,25.921
1.149566,-26.1117,-8.8773,-3.3191,27.778
1.154716,-27.6673,-9.5725,-2.1009,29.352
1.163122,-28.4514,-10.7085,-1.0234,30.417
1.164709,-28.2854,-12.1681,-0.2707,30.793
1.171219,-27.0700,-13.7548,0.0585,30.364
1.174505,-25.2804,-15.3340,-0.3751,29.570
1.179440,-23.1656,-16.7736,-1.6315,28.647
1.185277,-20.6998,-17.9944,-3.6548,27.670
1.189708,-18.1734,-18.7320,-6.1780,26.820
1.194367,-15.7819,-18.9010,-8.8329,26.160
1.199347,-13.2240,-18.7829,-11.3095,25.604
1.204654,-10.4504,-18.3427,-13.4431,25.028
1.210042,-7.4783,-17.6982,-14.8647,24.292
1.214330,-4.3252,-16.8627,-15.5246,23.325
1.219254,-1.1622,-15.6742,-15.4371,22.030
1.224424,1.7048,-14.0906,-14.9057,20.582
1.229369,4.0677,-12.2593,-14.2074,19.201
1.238036,6.1234,-10.2531,-13.5226,18.041
1.239479,8.3060,-7.9660,-13.1303,17.460
1.246041,11.1297,-5.6022,-13.0319,18.030
1.249522,14.5415,-3.2656,-13.1252,19.859
1.254050,18.1914,-1.0317,-13.2566,22.533
1.259065,21.8885,0.9520,-13.0813,25.517
1.264159,24.8459,2.6270,-12.1625,27.788
1.271532,26.9523,3.9005,-10.5901,29.220
1.274160,28.2034,4.8323,-8.4638,29.840
1.279565,28.6407,5.5460,-5.9562,29.775
1.286374,28.3605,5.9701,-3.4377,29.185
1.289061,27.2964,6.1166,-1.2941,28.003
1.294921,25.3480,6.1232,0.3323,26.079
1.298997,22.8920,6.1068,1.5401,23.743
1.305066,20.2938,6.1103,2.3711,21.326
1.315333,17.5964,6.0988,2.8178,18.835
1.316374,15.1482,6.0178,2.8851,16.553
1.318753,12.8453,5.8188,2.7276,14.363
1.323890,10.7656,5.4808,2.3562,12.308
1.328844,8.8535,5.0549,1.8611,10.363
1.333933,7.1835,4.5805,1.0320,8.582
1.339388,5.7493,4.0057,0.2130,7.010
1.343815,4.5637,3.2935,-0.5195,5.652
1.348796,3.5598,2.3364,-1.1120,4.401
1.353849,2.6408,1.3624,-1.6457,3.397
1.358770,1.6629,0.3886,-2.0667,2.681
1.363826,0.7910,-0.5983,-2.3137,2.517
1.369397,-0.1599,-1.5113,-2.5309,2.952
1.373909,-0.9579,-2.3212,-2.5940,3.610
1.378763,-1.6810,-2.9744,-2.6064,4.297
1.383829,-2.3108,-3.5257,-2.6710,4.990
1.388766,-2.8097,-3.9220,-2.5744,5.468
1.396066,-3.2085,-4.1880,-2.3729,5.785
1.398848,-3.5810,-4.3583,-2.2664,6.079
1.404206,-3.8330,-4.4481,-2.2304,6.281
1.408534,-4.0167,-4.5207,-2.1534,6.419
1.413632,-4.0793,-4.4914,-2.0804,6.414
1.418759,-4.0722,-4.4520,-2.1401,6.402
1.423618,-3.8662,-4.3748,-2.0891,6.201
1.429214,-3.6244,-4.2893,-2.0002,5.961
1.433695,-3.3749,-4.1438,-2.0370,5.719
1.439592,-3.1147,-4.0919,-2.1815,5.586
1.443450,-2.8634,-4.1194,-2.4212,5.571
1.448385,-2.6661,-4.1598,-2.5662,5.568
1.453558,-2.6088,-4.1370,-2.6566,5.566
1.458340,-2.6627,-4.0085,-2.6551,5.496
1.463332,-2.6647,-3.9134,-2.5341,5.370
1.468498,-2.5874,-3.7281,-2.3895,5.129
1.473475,-2.3798,-3.5336,-2.1790,4.785
1.478331,-2.0950,-3.4165,-2.0507,4.502
1.483484,-1.8423,-3.2667,-1.8993,4.204
1.489073,-1.5919,-3.0890,-1.7588,3.895
1.493554,-1.2901,-2.8452,-1.6340,3.526
1.498372,-1.0662,-2.5546,-1.5966,3.196
1.503239,-0.7885,-2.3796,-1.6329,2.992
1.508290,-0.5238,-2.2815,-1.6711,2.876
1.513405,-0.3863,-2.1980,-1.6873,2.798
1.519843,-0.2745,-2.1002,-1.5476,2.623
1.523269,-0.2262,-1.9881,-1.1844,2.325
1.528167,-0.2039,-1.8048,-0.7927,1.982
1.532992,-0.1811,-1.6311,-0.5021,1.716
1.538232,-0.1873,-1.4670,-0.3400,1.518
1.543345,-0.2029,-1.3557,-0.2870,1.401
1.548538,-0.2039,-1.2730,-0.3287,1.330
1.552921,-0.2812,-1.1568,-0.4124,1.260
1.558011,-0.3721,-1.0403,-0.5245,1.223
1.563041,-0.4432,-0.9094,-0.5836,1.168
1.568438,-0.4417,-0.7972,-0.6619,1.126
1.573040,-0.4150,-0.7420,-0.7261,1.118
1.577864,-0.3870,-0.7053,-0.8479,1.169
1.582941,-0.3334,-0.7252,-0.9028,1.205
1.588111,-0.2307,-0.7633,-0.9572,1.246
1.593372,-0.1588,-0.7811,-1.0015,1.280
1.598121,-0.2524,-0.8982,-1.0115,1.376
1.602946,-0.5358,-0.9856,-1.0398,1.530
1.608456,-0.8037,-1.0817,-1.1054,1.743
1.612917,-1.1667,-1.1869,-1.2225,2.065
1.618090,-1.5261,-1.3686,-1.4297,2.499
1.623098,-2.0205,-1.5931,-1.6649,3.065
1.628436,-2.4074,-1.8801,-1.7612,3.526
1.633105,-2.8175,-2.1488,-1.7621,3.957
1.638323,-3.3860,-2.3423,-1.7108,4.458
1.642907,-3.9990,-2.4759,-1.5448,4.951
1.647866,-4.6634,-2.5791,-1.3313,5.493
1.652763,-5.3713,-2.8060,-1.1425,6.167
1.658318,-6.2508,-3.0573,-1.0839,7.042
1.670016,-7.3962,-3.4014,-1.0985,8.215
1.675297,-8.7429,-3.9490,-1.2066,9.669
1.675637,-10.0692,-4.4091,-1.3312,11.073
1.677455,-11.4373,-4.7354,-1.2751,12.444
1.682528,-12.6464,-5.2114,-1.2572,13.736
1.687791,-13.9018,-5.8607,-1.4239,15.154
1.693502,-15.1907,-6.7728,-1.8863,16.739
1.697683,-16.3296,-8.0190,-2.5583,18.371
1.702462,-17.2481,-9.2418,-3.0419,19.803
1.707627,-17.8617,-10.6144,-3.6746,21.100
1.712433,-18.0017,-12.1457,-4.4433,22.166
1.718565,-17.4441,-13.9054,-5.2343,22.914
1.722612,-16.5946,-15.5698,-6.0659,23.550
1.730203,-15.8283,-16.8366,-7.1348,24.185
1.732562,-14.8045,-17.9467,-8.5190,24.776
1.738935,-13.5067,-18.6928,-10.2892,25.253
1.742204,-12.0947,-18.9740,-12.4818,25.731
1.747316,-10.3265,-19.0840,-14.8935,26.318
1.752327,-7.6684,-19.0911,-17.0652,26.730
1.757099,-4.4164,-18.6552,-18.5937,26.707
1.762247,-0.6865,-17.7364,-19.4686,26.345
1.767124,3.7468,-16.3353,-20.0357,26.121
1.772337,9.1857,-14.2168,-20.4647,26.557
1.777710,15.0714,-11.6748,-20.9439,28.321
1.782176,20.5605,-8.6577,-21.1327,30.729
1.787640,25.7070,-4.8138,-20.4303,33.188
1.791980,31.1636,-0.4135,-20.1105,37.091
1.797228,36.5709,3.3015,-20.4172,42.014
1.802850,40.6990,5.4267,-20.2402,45.777
1.806930,42.6430,6.0726,-19.0516,47.098
1.812412,41.3868,5.7477,-16.4375,44.901
1.817069,37.3495,5.2125,-12.7293,39.802
1.822037,32.3456,4.4943,-9.1756,33.921
1.829484,27.3148,3.5763,-6.0651,28.208
1.832065,22.2006,2.7744,-3.6633,22.671
1.839273,17.3102,2.3622,-2.2098,17.610
1.841749,13.3724,2.1708,-1.6920,13.653
1.846794,10.6051,1.8785,-1.5347,10.879
1.851776,8.5292,1.4607,-1.3786,8.762
1.856798,6.5613,1.1529,-1.0951,6.751
1.861784,4.5433,0.8892,-0.7578,4.691
1.866699,2.6281,0.6557,-0.4839,2.752
1.871918,0.8126,0.3820,-0.2034,0.921
1.876725,-1.0233,0.0273,0.0694,1.026
1.881981,-3.0083,-0.2489,0.2657,3.030
1.886768,-5.2455,-0.4514,0.2418,5.270
1.891877,-7.4212,-0.6095,-0.0565,7.446
1.896868,-8.8994,-0.9063,-0.4073,8.955
1.901791,-9.7293,-1.1659,-0.5929,9.817
1.906737,-9.9235,-1.4870,-0.3933,10.042
1.911644,-9.5947,-1.9379,0.1289,9.789
1.916554,-9.0008,-2.3673,0.7145,9.334
1.921943,-8.3131,-2.7386,1.2673,8.844
1.929297,-7.5200,-3.0004,1.5801,8.249
1.931764,-6.6005,-3.1492,1.6610,7.500
1.938506,-5.7039,-3.3679,1.5074,6.793
1.941499,-4.9147,-3.4556,1.2178,6.130
1.946570,-4.1921,-3.3891,0.8278,5.454
1.951719,-3.5200,-3.2930,0.3395,4.832
1.956426,-2.9635,-3.1676,-0.2685,4.346
1.961611,-2.4399,-3.1084,-0.8834,4.049
1.966393,-1.9471,-3.0485,-1.4453,3.895
1.971707,-1.5180,-2.9543,-1.9169,3.835
1.976618,-1.1710,-2.8069,-2.2367,3.775
1.981545,-0.9819,-2.6780,-2.3899,3.721
1.986261,-0.9123,-2.5773,-2.3329,3.594
1.991471,-0.8476,-2.5048,-2.2223,3.454
1.996275,-0.7779,-2.4414,-2.0812,3.301
2.001624,-0.7372,-2.3203,-1.8458,3.055
2.006202,-0.7306,-2.2611,-1.5822,2.855
2.011199,-0.7967,-2.1540,-1.3083,2.643
2.016258,-0.8883,-1.9942,-1.1288,2.458
2.021504,-0.9247,-1.7915,-0.9758,2.240
2.026838,-0.9060,-1.5890,-0.8119,2.001
2.031273,-0.8083,-1.4153,-0.6802,1.766
2.036131,-0.6647,-1.2514,-0.5999,1.539
2.041070,-0.5468,-1.1402,-0.4806,1.353
2.046365,-0.4879,-1.0194,-0.3180,1.174
2.053399,-0.3631,-0.8413,-0.1169,0.924
2.056013,-0.1721,-0.7110,0.0304,0.732
2.060975,0.0904,-0.6046,0.2056,0.645
2.066102,0.3054,-0.5603,0.3556,0.731
2.071157,0.4882,-0.5110,0.5190,0.877
2.076729,0.6200,-0.4759,0.6288,1.003
2.081270,0.6484,-0.4265,0.7385,1.071
2.085960,0.5787,-0.3244,0.8573,1.084
2.091166,0.5206,-0.2080,0.8995,1.060
2.096047,0.4210,-0.1490,0.8796,0.987
2.101914,0.3228,-0.0948,0.8649,0.928
2.105972,0.2689,-0.0357,0.8217,0.865
2.110943,0.1772,-0.0436,0.8225,0.843
2.116227,0.0528,-0.0179,0.8335,0.835
2.121005,-0.0186,0.0124,0.9081,0.908
2.127093,-0.0997,0.0139,0.9606,0.966
2.130967,-0.2243,0.0533,0.9483,0.976
2.135756,-0.3353,0.0828,0.9241,0.987
2.140629,-0.4191,0.1119,0.8595,0.963
2.145774,-0.5138,0.1454,0.8113,0.971
2.150742,-0.5766,0.1404,0.7027,0.920
2.156263,-0.5838,0.1160,0.6148,0.856
2.160709,-0.6024,0.0484,0.5716,0.832
2.166266,-0.6374,0.0093,0.5780,0.860
2.171247,-0.6170,-0.0206,0.5816,0.848
2.175724,-0.5410,-0.0508,0.5966,0.807
2.181756,-0.3803,-0.0671,0.6568,0.762
2.190700,-0.2928,-0.0696,0.7191,0.780
2.191062,-0.2636,-0.0488,0.7360,0.783
2.195625,-0.1681,-0.0094,0.7505,0.769
2.200628,-0.1121,0.0006,0.7913,0.799
2.205768,-0.1143,-0.0570,0.7912,0.801
2.210464,-0.1028,-0.0719,0.7261,0.737
2.215432,-0.0921,-0.0824,0.6052,0.618
2.220473,-0.0583,-0.1026,0.4376,0.453
2.225528,-0.0876,-0.1516,0.2418,0.299
2.230538,-0.0893,-0.1527,0.1705,0.246
2.235425,-0.0873,-0.0866,0.0845,0.149
2.240538,-0.0574,-0.0062,-0.0498,0.076
2.245334,0.0196,0.0169,-0.1562,0.158
2.250431,0.0721,0.0451,-0.2492,0.263
2.255512,0.1196,0.0305,-0.3243,0.347
2.260359,0.1526,0.0450,-0.3432,0.378
2.265339,0.1616,0.0596,-0.3199,0.363
2.270763,0.1657,0.0792,-0.2687,0.325
2.275735,0.1745,0.0749,-0.2317,0.300
2.280280,0.1783,-0.0157,-0.1466,0.231
2.285233,0.1771,-0.0201,-0.0996,0.204
2.290304,0.1947,-0.0772,-0.1335,0.248
2.295279,0.1738,-0.0914,-0.1142,0.227
2.300114,0.1624,-0.1247,-0.1950,0.283
2.306315,0.1219,-0.1199,-0.2419,0.296
2.316263,0.0808,-0.1246,-0.2550,0.295
2.316669,0.0584,-0.1102,-0.2969,0.322
2.320127,0.0208,-0.1007,-0.3435,0.359
2.325021,0.0258,-0.1533,-0.3903,0.420
2.330344,0.0637,-0.1865,-0.4565,0.497
2.335086,0.1111,-0.2245,-0.4176,0.487
2.340357,0.2787,-0.3057,-0.1004,0.426
2.345035,0.5287,-0.3872,0.3141,0.727
2.350114,0.6935,-0.3545,0.6543,1.017
2.354903,0.4854,-0.1454,0.7093,0.872
2.359993,0.2580,-0.0231,0.5026,0.565
2.364922,0.2126,-0.1166,0.3263,0.406
2.369980,0.2244,-0.2724,0.2901,0.457
2.374754,0.2266,-0.3373,0.3408,0.530
2.380014,0.1563,-0.2586,0.3871,0.491
2.384839,0.0229,-0.1466,0.2804,0.317
2.390117,-0.0350,-0.1160,0.1109,0.164
2.395238,-0.0218,-0.1282,0.0077,0.130
2.399833,0.0866,-0.1402,-0.1346,0.213
2.404757,0.0801,-0.1565,-0.3022,0.350
2.409988,0.0882,-0.1150,-0.4284,0.452
2.414775,0.0916,-0.0826,-0.5179,0.532
2.419777,0.1098,-0.0642,-0.6665,0.679
2.424659,0.1145,-0.1076,-0.7785,0.794
2.429832,0.0912,-0.0979,-0.8250,0.836
2.437530,0.0687,-0.0687,-0.8491,0.855
2.440255,0.0087,-0.0249,-0.8742,0.875
2.446350,-0.0172,-0.0001,-0.7662,0.766
2.449786,0.0006,0.0581,-0.5912,0.594
2.455040,-0.0482,0.0349,-0.4353,0.439
2.459912,0.0086,0.0114,-0.2116,0.212
2.464520,0.0035,0.0404,-0.0444,0.060
2.469708,-0.0206,0.0307,0.0425,0.056
2.474435,0.0178,0.0399,0.1545,0.161
2.479582,-0.0253,0.0154,0.2050,0.207
2.484920,-0.0302,0.0769,0.2224,0.237
2.489644,-0.0307,0.1096,0.2064,0.236
2.494433,-0.1178,0.1471,0.1134,0.220
2.500093,0.0247,0.2039,0.0438,0.210
2.505101,0.0904,0.2370,-0.0364,0.256
2.510136,0.1321,0.2224,-0.0700,0.268
2.514559,0.2441,0.1972,0.0244,0.315
2.519421,0.2653,0.2104,0.1173,0.358
2.524251,0.2341,0.2663,0.2565,0.438
2.529526,0.2366,0.2079,0.3420,0.465
2.537372,0.3011,0.1547,0.3459,0.484
2.540066,0.1943,0.1114,0.3641,0.428
2.546646,0.1643,0.1112,0.3920,0.439
2.549394,0.1726,0.0824,0.3294,0.381
2.554165,0.1430,0.0491,0.2534,0.295
2.559673,0.1136,0.0779,0.2209,0.260
2.564230,0.0987,0.0635,0.1796,0.215
2.569803,0.0458,0.0586,0.1487,0.166
2.574090,-0.0305,0.0204,0.2516,0.254
2.579210,0.2646,-0.0984,0.2020,0.347
2.585042,0.0824,0.0498,0.1009,0.139
2.589234,0.0632,0.1064,0.1579,0.201
2.594096,0.1298,0.0294,0.2197,0.257
2.599132,0.1248,0.0004,0.2435,0.274
2.604048,0.0625,-0.0190,0.3297,0.336
2.609107,-0.2616,-0.0149,0.4117,0.488
2.614064,-0.2040,-0.0871,0.3657,0.428
2.618979,-0.1097,-0.1303,0.2399,0.294
2.623911,-0.3640,0.0024,0.1631,0.399
2.630277,-0.2609,0.0058,0.0109,0.261
2.635028,-0.2590,0.0139,-0.1167,0.284
2.639648,-0.2721,0.0173,-0.1866,0.330
2.643797,-0.2284,-0.0315,-0.3230,0.397
2.648916,-0.2946,0.0058,-0.3066,0.425
2.653799,-0.2275,0.0237,-0.2763,0.359
2.658826,-0.1561,0.0369,-0.2754,0.319
2.663850,-0.1801,0.0644,-0.2368,0.304
2.668722,-0.1848,0.0631,-0.1320,0.236
2.673976,-0.1084,0.0285,-0.0470,0.122
2.678914,-0.0181,0.0561,-0.0388,0.071
2.683714,0.0292,0.0929,0.0359,0.104
2.689339,0.0769,0.1484,0.0293,0.170
2.693558,0.1199,0.1749,0.0753,0.225
2.698632,-0.0512,0.2154,0.1923,0.293
2.703610,0.2978,0.1655,0.1227,0.362
2.708724,0.2982,0.2207,-0.0517,0.375
2.713855,0.1709,0.3183,-0.0780,0.370
2.718611,0.2022,0.2680,-0.0760,0.344
2.723505,0.1339,0.1850,-0.0505,0.234
2.728581,0.0090,0.1454,-0.0014,0.146
2.733827,-0.0723,0.0348,0.0093,0.081
2.739077,-0.1533,-0.0274,-0.0367,0.160
2.743261,-0.1770,-0.0940,-0.0440,0.205
2.748995,-0.0963,-0.1221,-0.0223,0.157
2.753319,-0.0400,-0.1643,-0.0574,0.179
2.758330,-0.0364,-0.1634,-0.0445,0.173
2.763355,-0.0425,-0.1579,-0.1455,0.219
2.768358,-0.0342,-0.1523,-0.1937,0.249
2.773405,-0.0547,-0.1467,-0.2845,0.325
2.778413,-0.0704,-0.1411,-0.2991,0.338
2.783279,-0.1148,-0.1544,-0.2665,0.329
2.788660,-0.1546,-0.1295,-0.2014,0.285
2.794467,-0.1661,-0.1333,-0.1561,0.264
2.798227,-0.2066,-0.1655,-0.1305,0.295
2.803321,-0.1855,-0.1500,-0.0244,0.240
2.809577,-0.1936,-0.0966,0.0286,0.218
2.813357,-0.1643,-0.0628,0.0720,0.190
2.818162,-0.1169,-0.0816,0.1059,0.178
2.823112,-0.2085,-0.0481,0.0732,0.226
2.828175,-0.1954,-0.0957,0.1076,0.243
2.833088,-0.1594,-0.1668,0.1088,0.255
2.838362,-0.1245,-0.1187,0.0819,0.191
2.842949,-0.1571,-0.0711,0.0414,0.177
2.848039,-0.1093,-0.0715,0.0016,0.131
2.852951,0.0330,-0.1099,-0.1045,0.155
2.858224,0.0269,-0.1099,-0.1816,0.214
2.862960,0.0636,-0.0860,-0.1918,0.220
2.868435,0.1049,-0.1098,-0.2592,0.300
2.872819,0.1798,-0.1095,-0.2885,0.357
2.877996,0.1405,-0.1186,-0.3182,0.367
2.883109,0.1163,-0.2130,-0.2244,0.330
2.887969,0.1500,-0.2448,-0.1410,0.320
2.893084,0.1080,-0.2382,-0.1012,0.280
2.898155,0.1144,-0.1937,-0.0379,0.228
2.902887,0.1070,-0.2018,0.0060,0.229
2.908086,0.0857,-0.2099,-0.0169,0.227
2.913039,-0.0302,-0.1990,0.0700,0.213
2.920490,-0.0312,-0.2832,0.1184,0.309
2.922833,-0.0751,-0.2433,0.1052,0.276
2.928725,-0.1330,-0.2276,0.0971,0.281
2.932670,-0.1147,-0.1645,0.0512,0.207
2.937894,-0.0350,-0.0640,-0.0231,0.076
2.942667,-0.0274,-0.0116,-0.1494,0.152
2.948346,-0.1006,-0.0166,-0.2566,0.276
2.952667,-0.0021,-0.0638,-0.6498,0.653
2.957789,0.0436,-0.0246,-0.9043,0.906
2.962680,0.1034,0.0479,-0.6693,0.679
2.968002,0.0773,0.0632,-0.3663,0.380
2.972722,0.0275,0.0167,-0.2044,0.207
2.977698,-0.0315,-0.0626,-0.1583,0.173
2.982526,-0.0851,-0.1697,-0.1033,0.216
2.988600,-0.0719,-0.2569,0.0276,0.268
2.993252,-0.1351,-0.2009,0.0864,0.257
2.998332,-0.1026,-0.1835,0.0356,0.213
3.002484,-0.0562,-0.1709,-0.0575,0.189
3.007817,-0.0860,-0.1728,-0.0020,0.193
3.013004,0.2843,-0.3172,-0.0467,0.429
3.018046,0.1626,-0.1564,0.0711,0.237
3.022408,0.2610,-0.0686,0.3794,0.466
3.027457,0.2878,-0.0056,0.5111,0.587
3.032267,0.3195,0.0565,0.6672,0.742
3.037530,0.2990,0.0986,0.7672,0.829
3.043138,0.2217,0.1922,0.7401,0.796
3.048183,0.0733,0.3132,0.6053,0.685
3.052231,-0.0748,0.3332,0.3531,0.491
3.057358,-0.3467,0.2677,0.0454,0.440
3.062945,-0.3655,0.2030,-0.2895,0.509
3.074420,-0.2374,0.2105,-0.6000,0.679
3.074725,-0.1916,0.2802,-0.6724,0.753
